lat,lon,cluster
40.7766,-73.953,0
40.7848,-73.956,0
40.7588,-73.9894,0
40.7381,-74.0073,0
40.7753,-73.9893,0
40.751,-73.9943,0
40.7793,-73.9882,0
40.7361,-74.0043,0
40.7708,-73.9539,0
40.7366,-73.9931,0
40.7739,-73.8725,3
40.7605,-73.9837,0
40.7594,-73.9599,0
40.7249,-73.9807,0
40.746,-73.9851,0
40.7299,-73.9923,0
40.7732,-73.8857,-1
40.7081,-74.0034,0
40.7327,-73.9995,0
40.7327,-73.9995,0
40.7168,-74.0148,0
40.7124,-74.009,0
40.7778,-73.9891,0
40.7534,-73.976,0
40.6775,-73.9748,-1
40.7601,-73.974,0
40.7209,-73.9992,0
40.7438,-74.0063,0
40.7233,-73.9912,0
40.7742,-73.983,0
40.7342,-73.955,2
40.7453,-74.0059,0
40.7588,-73.9924,0
40.7663,-73.925,-1
40.7697,-73.9604,0
40.7337,-74.0017,0
40.7416,-73.9818,0
40.7531,-73.9722,0
40.7688,-73.9583,0
40.74,-74.006,0
40.74,-74.006,0
40.7498,-73.9836,0
40.7754,-73.9905,0
40.769,-73.9854,0
40.7845,-73.9735,0
40.757,-73.9899,0
40.7528,-73.9397,-1
40.7221,-74.0026,0
40.769,-73.9612,0
40.7312,-74.0096,0
40.749,-73.9777,0
40.7487,-74.0018,0
40.7414,-73.9991,0
40.7095,-74.0172,0
40.7554,-73.9814,0
40.7198,-74.0107,0
40.7584,-73.9866,0
40.7685,-73.8626,3
40.7273,-73.9919,0
40.7452,-73.977,0
40.7191,-74.0109,0
40.7726,-73.9895,0
40.7708,-73.9552,0
40.7978,-73.9735,0
40.7453,-73.9784,0
40.7749,-73.9882,0
40.7705,-73.9585,0
40.7759,-73.9559,0
40.7404,-74.0079,0
40.745,-73.9949,0
40.7591,-73.9943,0
40.7457,-73.9936,0
40.7603,-73.9655,0
40.7092,-73.9486,2
40.6855,-73.9859,1
40.711,-73.9514,2
40.7448,-73.992,0
40.7226,-74.0075,0
40.7401,-73.988,0
40.7742,-73.979,0
40.7685,-73.8625,3
40.7664,-73.9621,0
40.7739,-73.9596,0
40.7287,-73.9994,0
40.7523,-73.9858,0
40.7341,-73.9971,0
40.7241,-73.9883,0
40.7795,-73.988,0
40.7441,-73.9917,0
40.774,-73.8727,3
40.7729,-73.9462,0
40.7822,-73.9828,0
40.7739,-73.9563,0
40.7834,-73.9789,0
40.732,-74.0094,0
40.6937,-73.955,-1
40.7226,-73.9942,0
40.7835,-73.9811,0
40.7624,-73.9789,0
40.7617,-73.9791,0
40.7218,-74.0042,0
40.7696,-73.9829,0
40.7501,-73.9946,0
40.7486,-73.9888,0
40.7407,-74.0007,0
40.7295,-73.98,0
40.7077,-74.0055,0
40.6912,-73.9211,-1
40.7743,-73.9631,0
40.7988,-73.9619,0
40.7215,-73.9992,0
40.7596,-73.9697,0
40.7359,-73.9947,0
40.7734,-73.9552,0
40.7417,-74.0049,0
40.7745,-73.9807,0
40.7106,-74.0084,0
40.6905,-73.9926,1
40.7777,-73.9749,0
40.7699,-73.9575,0
40.7757,-73.956,0
40.7741,-73.8726,3
40.7741,-73.8726,3
40.7212,-73.9876,0
40.7319,-73.9834,0
40.7226,-74.0003,0
40.7242,-74.0367,-1
40.7242,-74.0367,-1
40.745,-74.0017,0
40.7498,-74.0029,0
40.7356,-73.9792,0
40.7676,-73.9928,0
40.7843,-73.9544,0
40.7601,-73.9651,0
40.732,-73.9988,0
40.7666,-73.9884,0
40.7316,-74.0049,0
40.7905,-73.9539,0
40.7563,-73.9931,0
40.7216,-73.9874,0
40.7666,-73.9779,0
40.7444,-73.9832,0
40.735,-73.9797,0
40.735,-73.9797,0
40.7876,-74.0051,-1
40.7225,-73.9492,2
40.7258,-73.9962,0
40.7043,-74.0092,0
40.744,-73.9845,0
40.6922,-73.9444,-1
40.7227,-74.0035,0
40.7741,-73.9649,0
40.7719,-73.9578,0
40.7498,-73.9701,0
40.6927,-73.9927,1
40.7824,-73.9718,0
40.7246,-73.9835,0
40.7268,-73.9871,0
40.737,-73.9787,0
40.7574,-73.9669,0
40.7757,-73.9644,0
40.764,-73.9784,0
40.7315,-73.9906,0
40.7801,-73.9574,0
40.7312,-73.9755,0
40.7258,-74.0055,0
40.724,-73.9901,0
40.7796,-73.9555,0
40.77,-73.9551,0
40.7796,-73.9557,0
40.7265,-73.996,0
40.7933,-73.9672,0
40.7739,-73.8724,3
40.774,-73.8728,3
40.7558,-73.9834,0
40.7636,-73.9714,0
40.7636,-73.9714,0
40.7507,-73.9877,0
40.7684,-73.9635,0
40.7604,-74.0027,0
40.7768,-73.9453,0
40.7557,-73.9821,0
40.7823,-73.9561,0
40.7288,-73.9764,0
40.7349,-73.9852,0
40.7943,-73.9738,0
40.716,-74.0036,0
40.7198,-73.9549,2
40.7305,-73.9885,0
40.7516,-73.9766,0
40.7537,-73.9763,0
40.7572,-73.9845,0
40.7109,-73.9581,2
40.7439,-73.9915,0
40.7586,-73.9725,0
40.771,-73.866,3
40.7207,-74.0018,0
40.7879,-73.9749,0
40.7815,-73.9485,0
40.733,-73.9751,0
40.7722,-73.9545,0
40.7264,-74.0021,0
40.7264,-74.0021,0
40.7215,-74.0034,0
40.7165,-74.0153,0
40.7588,-73.9894,0
40.7677,-73.9831,0
40.7591,-74.0232,-1
40.7427,-73.9864,0
40.7277,-73.98,0
40.7764,-73.9579,0
40.7538,-73.9871,0
40.7514,-73.9936,0
40.6966,-73.9972,1
40.7528,-73.9752,0
40.7281,-73.985,0
40.7628,-73.982,0
40.6689,-73.9875,-1
40.73,-73.9856,0
40.7763,-73.9796,0
40.7733,-73.9624,0
40.7289,-73.979,0
40.7462,-73.9819,0
40.7141,-74.0077,0
40.7405,-74.0056,0
40.7478,-73.9946,0
40.7181,-73.9439,2
40.7181,-73.9439,2
40.7315,-73.9829,0
40.7201,-74.002,0
40.7226,-73.8522,-1
40.686,-73.9763,-1
40.7314,-73.9754,0
40.851,-73.9405,-1
40.728,-73.985,0
40.795,-73.9722,0
40.7386,-73.998,0
40.6877,-73.993,1
40.726,-73.9836,0
40.7089,-74.0084,0
40.738,-74.0056,0
40.7357,-73.9929,0
40.778,-73.9747,0
40.7275,-73.9832,0
40.7758,-73.9549,0
40.7687,-73.9657,0
40.7191,-74.005,0
40.7278,-73.984,0
40.7616,-73.9866,0
40.755,-73.995,0
40.771,-73.866,3
40.7577,-73.9752,0
40.726,-73.9871,0
40.7449,-73.9919,0
40.6446,-73.9625,-1
40.7438,-73.9971,0
40.7859,-73.971,0
40.7788,-73.9557,0
40.7643,-73.9832,0
40.7501,-73.9834,0
40.7724,-73.9552,0
40.7247,-74.0092,0
40.7629,-73.9824,0
40.7819,-73.9759,0
40.7496,-73.9774,0
40.7486,-73.9947,0
40.7076,-74.008,0
40.6825,-73.95,-1
40.7208,-74.0042,0
40.7761,-73.9474,0
40.78,-73.9568,0
40.7543,-73.9763,0
40.7566,-73.9672,0
40.7902,-73.9735,0
40.7758,-73.9561,0
40.7591,-73.9946,0
40.7863,-73.9798,0
40.7261,-73.9931,0
40.7517,-73.9755,0
40.6779,-73.97,-1
40.7356,-74.0078,0
40.702,-73.9867,0
40.7382,-73.9552,-1
40.7662,-73.961,0
40.7696,-73.9602,0
40.7808,-73.9586,0
40.7235,-73.9966,0
40.7315,-73.9909,0
40.728,-73.9807,0
40.6875,-73.9783,1
40.6942,-73.9838,1
40.6942,-73.9838,1
40.7365,-73.978,0
40.7148,-74.0063,0
40.773,-73.9545,0
40.7785,-73.9482,0
40.7474,-73.9853,0
40.7073,-74.0074,0
40.711,-74.0056,0
40.7383,-73.9874,0
40.7453,-74.0007,0
40.7739,-73.8717,3
40.7679,-73.9312,-1
40.7514,-73.9818,0
40.7482,-73.8869,-1
40.779,-73.9559,0
40.6882,-73.9738,-1
40.6729,-73.9553,-1
40.734,-73.9995,0
40.705,-74.0159,0
40.774,-73.9489,0
40.724,-73.9936,0
40.7493,-73.9766,0
40.7222,-73.9857,0
40.7805,-73.9761,0
40.7459,-73.9886,0
40.7349,-74.0077,0
40.7266,-73.9769,0
40.7446,-73.9757,0
40.7462,-73.991,0
40.7446,-73.9909,0
40.7565,-73.9724,0
40.7166,-74.0146,0
40.8413,-74.0516,-1
40.6966,-73.9833,1
40.7303,-73.9822,0
40.665,-73.99,-1
40.7337,-73.9771,0
40.7264,-73.9802,0
40.721,-73.9831,0
40.7033,-74.0133,0
40.7685,-73.9926,0
40.7211,-73.9984,0
40.7828,-73.9556,0
40.7227,-73.995,0
40.729,-73.9849,0
40.732,-73.9822,0
40.7698,-73.9508,0
40.7581,-73.9625,0
40.6783,-73.9627,-1
40.7237,-73.9995,0
40.7647,-73.9648,0
40.7306,-74.0038,0
40.7822,-73.9801,0
40.733,-73.9911,0
40.7646,-73.9662,0
40.787,-73.9733,0
40.7822,-73.9811,0
40.7346,-73.9964,0
40.6855,-73.9572,-1
40.7246,-73.985,0
40.758,-73.9662,0
40.7641,-73.9707,0
40.7376,-73.9824,0
40.7687,-73.9926,0
40.735,-73.8619,-1
40.7446,-73.9761,0
40.7097,-74.0145,0
40.7503,-73.9945,0
40.7791,-73.9827,0
40.7189,-74.0026,0
40.7503,-73.9791,0
40.737,-73.9737,0
40.7301,-73.8323,-1
40.6901,-73.9627,-1
40.7302,-74.0028,0
40.7599,-73.8317,-1
40.7345,-73.9834,0
40.7056,-73.9375,-1
40.77,-73.9673,0
40.7651,-73.9831,0
40.7165,-73.9401,2
40.7019,-73.9897,0
40.8407,-73.9429,-1
40.7547,-73.97,0
40.7736,-73.9817,0
40.7255,-73.9763,0
40.7146,-74.0024,0
40.7208,-73.985,0
40.7583,-73.9786,0
40.7428,-73.9962,0
40.6724,-73.9735,-1
40.7267,-73.9891,0
40.7446,-73.9807,0
40.7323,-74.0077,0
40.7361,-74.0094,0
40.7218,-73.9957,0
40.7251,-73.9843,0
40.7178,-73.9591,2
40.7565,-73.9779,0
40.7394,-74.0027,0
40.7705,-73.9565,0
40.7423,-73.987,0
40.7591,-73.9944,0
40.7334,-74.003,0
40.6927,-73.9718,-1
40.7752,-73.9637,0
40.7876,-73.9539,0
40.7608,-73.999,0
40.7539,-73.986,0
40.7817,-73.9756,0
40.7292,-73.9841,0
40.7623,-73.9859,0
40.7815,-73.952,0
40.7366,-73.9785,0
40.7663,-73.9777,0
40.7505,-73.9947,0
40.7899,-73.9784,0
40.7554,-73.9815,0
40.7496,-73.992,0
40.7598,-73.9649,0
40.7218,-73.9789,0
40.7766,-73.9789,0
40.723,-74.0055,0
40.7413,-74.0059,0
40.6935,-73.9942,1
40.7297,-73.9809,0
40.7031,-73.9858,0
40.7109,-74.0062,0
40.7353,-74.0084,0
40.7516,-73.9938,0
40.6856,-74.0014,1
40.7562,-73.9752,0
40.7871,-73.9777,0
40.7619,-73.9852,0
40.7273,-74.0005,0
40.7273,-74.0005,0
40.708,-74.0144,0
40.7247,-73.9939,0
40.7385,-73.9853,0
40.7236,-73.9872,0
40.7328,-73.9813,0
40.7248,-73.9922,0
40.7539,-73.9866,0
40.7277,-73.9836,0
40.6883,-73.9784,1
40.7026,-73.9896,0
40.7425,-73.9855,0
40.7358,-73.9793,0
40.7653,-73.9615,0
40.7764,-73.9759,0
40.7463,-73.9777,0
40.7451,-73.9771,0
40.7801,-73.9792,0
40.7304,-73.9931,0
40.7621,-73.9823,0
40.6928,-73.9557,-1
40.7573,-73.9932,0
40.7849,-73.9795,0
40.7312,-73.9799,0
40.7408,-73.9873,0
40.7264,-73.9861,0
40.7651,-73.9634,0
40.7725,-73.9553,0
40.7352,-74.0055,0
40.757,-73.9855,0
40.7564,-73.9893,0
40.7661,-73.9608,0
40.7465,-73.9893,0
40.7247,-73.9833,0
40.7844,-73.954,0
40.7666,-73.9572,0
40.7732,-73.9545,0
40.7592,-73.9942,0
40.7613,-73.9557,0
40.7538,-73.9956,0
40.7502,-73.9911,0
40.7727,-73.9536,0
40.7404,-73.9221,-1
40.729,-73.9978,0
40.7766,-73.9619,0
40.7302,-73.9879,0
40.7173,-74.0085,0
40.7469,-73.9788,0
40.7606,-73.9992,0
40.7287,-73.9816,0
40.6805,-73.9568,-1
40.6861,-73.9763,-1
40.7626,-73.9908,0
40.74,-74.0023,0
40.7805,-73.9538,0
40.7162,-73.9446,2
40.7248,-74.0074,0
40.7236,-73.9938,0
40.7139,-73.9654,2
40.7313,-74.0001,0
40.7795,-73.9535,0
40.732,-74.0005,0
40.7236,-74.0107,0
40.731,-73.9758,0
40.7369,-73.996,0
40.7145,-73.9989,0
40.7755,-73.9564,0
40.7814,-73.9465,0
40.7272,-74.0065,0
40.797,-73.973,0
40.7311,-73.9827,0
40.7475,-73.9412,-1
40.7698,-73.9842,0
40.7182,-74.0149,0
40.7343,-73.9829,0
40.7651,-73.9791,0
40.7764,-73.9479,0
40.7368,-73.9817,0
40.7307,-73.993,0
40.7336,-73.9899,0
40.7521,-73.9952,0
40.7251,-73.9995,0
40.7686,-73.9848,0
40.723,-74.0031,0
40.7587,-73.9793,0
40.7221,-73.9855,0
40.7161,-74.0115,0
40.7281,-73.9835,0
40.7644,-73.9827,0
40.7188,-73.9434,2
40.7855,-73.9759,0
40.7614,-73.9994,0
40.7468,-73.996,0
40.7306,-73.976,0
40.7989,-73.9403,-1
40.7444,-73.9768,0
40.7221,-73.9888,0
40.7255,-74.0092,0
40.7313,-73.9824,0
40.7251,-73.9842,0
40.7777,-73.9887,0
40.7711,-73.866,3
40.7292,-73.9841,0
40.7403,-73.9821,0
40.7463,-74.0049,0
40.7386,-74.0088,0
40.8019,-73.9671,0
40.6831,-73.9938,1
40.7366,-73.9971,0
40.7792,-73.982,0
40.7346,-73.98,0
40.7022,-73.8112,-1
40.7502,-73.9968,0
40.7406,-74.0044,0
40.774,-73.8724,3
40.7741,-73.981,0
40.7079,-74.0121,0
40.74,-73.9936,0
40.7519,-73.9768,0
40.7082,-74.0171,0
40.7632,-73.9823,0
40.7758,-73.9528,0
40.7673,-73.988,0
40.7748,-73.9901,0
40.7179,-73.9637,2
40.7192,-73.9997,0
40.7641,-73.9787,0
40.6927,-73.9923,1
40.7237,-74.0001,0
40.722,-73.9776,0
40.7746,-73.9538,0
40.6801,-73.9633,-1
40.8406,-73.8522,-1
40.77,-73.9672,0
40.7791,-73.9827,0
40.7541,-73.9914,0
40.7312,-73.9594,2
40.7138,-74.009,0
40.7839,-73.9704,0
40.679,-73.9502,-1
40.7663,-73.9544,0
40.756,-73.9727,0
40.7419,-73.9919,0
40.723,-73.9975,0
40.688,-73.9738,-1
40.7197,-73.9899,0
40.7753,-73.9908,0
40.7224,-74.0105,0
40.7577,-73.9892,0
40.6888,-73.9877,1
40.7262,-73.9856,0
40.7254,-73.9875,0
40.7194,-74.0052,0
40.7665,-73.9783,0
40.6899,-73.9799,1
40.7168,-73.9636,2
40.7372,-73.9798,0
40.7425,-73.9847,0
40.7515,-73.9759,0
40.7124,-73.957,2
40.7512,-74.0034,0
40.7391,-73.9816,0
40.7245,-73.9797,0
40.7479,-73.9568,0
40.6949,-73.9682,-1
40.7781,-73.9545,0
40.7739,-73.9616,0
40.7247,-73.9814,0
40.7335,-74.0005,0
40.7779,-73.9776,0
40.7285,-73.982,0
40.7163,-73.9488,2
40.7723,-73.9566,0
40.7691,-73.9488,0
40.6807,-73.8491,-1
40.714,-73.991,0
40.7326,-73.9758,0
40.7287,-73.9994,0
40.7553,-73.9646,0
40.7374,-73.9756,0
40.7738,-73.8719,3
40.7715,-73.9564,0
40.7843,-73.9738,0
40.6778,-73.9508,-1
40.774,-73.8725,3
40.7487,-73.996,0
40.7932,-73.9673,0
40.7887,-73.9773,0
40.7354,-74.0038,0
40.7752,-73.9804,0
40.7573,-73.9645,0
40.724,-73.9787,0
40.7478,-73.9744,0
40.7508,-73.9871,0
40.7466,-73.9897,0
40.7679,-73.9918,0
40.6697,-73.9524,-1
40.7466,-73.9566,0
40.7368,-73.9889,0
40.7675,-73.9843,0
40.7264,-73.9787,0
40.7323,-73.9865,0
40.7283,-73.9796,0
40.7673,-73.9844,0
40.8001,-73.966,0
40.7187,-74.0027,0
40.7679,-73.9917,0
40.7768,-73.9766,0
40.7552,-73.9733,0
40.6297,-73.9829,-1
40.7872,-73.9563,0
40.7648,-73.961,0
40.7642,-73.971,0
40.7483,-74.0056,0
40.7703,-73.9661,0
40.7079,-73.911,-1
40.7621,-73.9854,0
40.7243,-73.983,0
40.8351,-73.946,-1
40.7274,-73.9775,0
40.7438,-74.006,0
40.7775,-73.9862,0
40.7236,-73.9869,0
40.7765,-73.9577,0
40.7459,-73.9917,0
40.7397,-73.9927,0
40.7978,-73.9734,0
40.7877,-73.9676,0
40.6924,-73.9687,-1
40.6733,-73.9653,-1
40.8091,-73.9408,-1
40.7782,-73.985,0
40.7861,-73.9708,0
40.7581,-73.9656,0
40.7744,-73.9824,0
40.689,-73.9918,1
40.7573,-73.9879,0
40.7329,-73.9936,0
40.7784,-73.9821,0
40.7653,-73.9618,0
40.7522,-73.9972,0
40.7218,-73.9865,0
40.7289,-73.9939,0
40.7965,-73.9715,0
40.7606,-73.9978,0
40.7343,-73.9804,0
40.6838,-73.9767,-1
40.7219,-73.9835,0
40.7788,-73.9202,-1
40.73,-74.0082,0
40.7751,-73.9629,0
40.7252,-73.9949,0
40.7543,-73.977,0
40.8116,-73.9445,-1
40.7248,-74.0093,0
40.7494,-74.0065,0
40.7388,-74.0081,0
40.7378,-73.9882,0
40.6861,-73.9261,-1
40.7687,-73.958,0
40.7524,-73.9769,0
40.7802,-73.9474,0
40.7325,-73.9856,0
40.7406,-73.9431,-1
40.7165,-74.0048,0
40.7308,-74.0055,0
40.7557,-73.9919,0
40.7499,-73.891,-1
40.7453,-73.9925,0
40.7025,-73.8153,-1
40.6942,-73.968,-1
40.7167,-73.9909,0
40.7289,-73.9847,0
40.7277,-73.9793,0
40.7287,-73.9785,0
40.7736,-73.9457,0
40.7516,-73.9938,0
40.6772,-73.9741,-1
40.7506,-73.9946,0
40.7352,-73.9821,0
40.7772,-73.9523,0
40.7137,-73.9406,2
40.6773,-73.9637,-1
40.6866,-73.9922,1
40.7254,-73.9892,0
40.7025,-73.9905,0
40.7597,-73.9819,0
40.7641,-73.9825,0
40.7664,-73.9606,0
40.7843,-73.9542,0
40.7274,-73.981,0
40.6646,-73.9891,-1
40.6756,-73.9783,-1
40.7357,-73.9791,0
40.7287,-73.9803,0
40.7376,-73.9878,0
40.7199,-74.0003,0
40.7283,-73.9828,0
40.7695,-73.981,0
40.8003,-73.9715,0
40.7598,-73.9899,0
40.7358,-74.0006,0
40.7583,-73.9786,0
40.7224,-74.0105,0
40.7319,-73.9965,0
40.7246,-73.9523,2
40.7311,-74.0079,0
40.7786,-73.9778,0
40.7619,-73.9741,0
40.7486,-73.9781,0
40.7124,-73.9424,2
40.724,-73.9913,0
40.7195,-73.9877,0
40.7292,-73.9776,0
40.7257,-73.9808,0
40.7285,-73.9787,0
40.7316,-73.9992,0
40.7698,-73.9545,0
40.7275,-73.9469,2
40.7632,-73.9805,0
40.7191,-74.0051,0
40.7552,-73.9927,0
40.7806,-73.9857,0
40.7228,-74.0034,0
40.7089,-73.942,2
40.7333,-74.0094,0
40.7451,-74.0038,0
40.7132,-73.9778,0
40.7481,-74.0051,0
40.7506,-74.0031,0
40.7282,-73.9928,0
40.6739,-73.9726,-1
40.7385,-73.9855,0
40.7706,-73.988,0
40.7329,-73.9745,0
40.7694,-73.9519,0
40.7096,-74.0148,0
40.7791,-73.9849,0
40.7651,-73.9767,0
40.7343,-73.9895,0
40.7341,-73.9776,0
40.7954,-73.9759,0
40.7199,-74.0002,0
40.7233,-73.9955,0
40.7564,-73.9674,0
40.7235,-74.0103,0
40.7376,-74.0082,0
40.7666,-73.9686,0
40.7605,-73.9936,0
40.7596,-73.9818,0
40.6935,-73.9888,1
40.7738,-73.9486,0
40.7245,-73.9943,0
40.682,-73.9291,-1
40.7731,-73.9461,0
40.7677,-73.9843,0
40.7728,-73.9494,0
40.7443,-73.9805,0
40.7197,-73.9847,0
40.7117,-74.0154,0
40.7243,-73.9755,0
40.7327,-73.9856,0
40.7598,-73.9665,0
40.7742,-73.953,0
40.7822,-73.9761,0
40.7268,-73.9778,0
40.7442,-73.9834,0
40.7599,-73.9941,0
40.7184,-73.9977,0
40.7254,-73.982,0
40.7495,-73.9837,0
40.735,-74.0026,0
40.7286,-73.9856,0
40.8106,-73.9435,-1
40.7348,-74.0084,0
40.7469,-73.9815,0
40.7323,-73.9807,0
40.7732,-73.9622,0
40.731,-73.9829,0
40.7769,-73.9463,0
40.7377,-74.0031,0
40.7755,-73.9585,0
40.7991,-73.9703,0
40.7462,-73.9947,0
40.7499,-73.9914,0
40.6717,-73.9349,-1
40.7804,-73.9539,0
40.7428,-74.0003,0
40.6945,-73.9691,-1
40.6912,-73.9841,1
40.7309,-73.9755,0
40.7283,-73.9794,0
40.7829,-73.9778,0
40.7324,-73.993,0
40.7529,-73.9727,0
40.7867,-73.9705,0
40.7228,-74.0066,0
40.739,-73.9987,0
40.744,-74.0062,0
40.789,-73.981,0
40.7362,-73.9982,0
40.7553,-73.8245,-1
40.7732,-73.9448,0
40.7388,-74.0056,0
40.7343,-73.9925,0
40.7416,-74.0037,0
40.7686,-73.8672,3
40.7113,-74.0061,0
40.7403,-73.9905,0
40.7685,-73.8624,3
40.7604,-73.9952,0
40.7434,-73.994,0
40.7414,-74.0072,0
40.8481,-73.9393,-1
40.7277,-73.9851,0
40.7692,-73.9653,0
40.732,-73.9956,0
40.7163,-74.0129,0
40.7208,-74.004,0
40.7517,-73.9744,0
40.6811,-73.9724,-1
40.7508,-73.9907,0
40.7366,-73.9787,0
40.7748,-73.9881,0
40.7379,-73.9868,0
40.7341,-73.9969,0
40.7205,-73.9548,2
40.742,-74.0037,0
40.7634,-73.9633,0
40.7773,-73.986,0
40.7235,-74.0043,0
40.7503,-73.9792,0
40.6915,-73.9455,-1
40.7401,-74.0059,0
40.8141,-73.9469,-1
40.7197,-74.0,0
40.7739,-73.9564,0
40.7534,-73.9888,0
40.7304,-73.9937,0
40.7449,-73.9885,0
40.7305,-74.0015,0
40.7366,-73.9785,0
40.8406,-73.9369,-1
40.7075,-74.003,0
40.6957,-73.9948,1
40.7364,-74.0017,0
40.7481,-74.004,0
40.7287,-73.9876,0
40.7256,-73.9788,0
40.685,-73.9999,1
40.7263,-73.9785,0
40.7396,-73.9927,0
40.7611,-73.9814,0
40.7807,-73.9815,0
40.7218,-74.0042,0
40.7481,-73.9567,0
40.7514,-73.9755,0
40.7196,-73.9961,0
40.7819,-73.9808,0
40.7375,-74.0053,0
40.7309,-73.9935,0
40.692,-73.98,1
40.724,-73.9901,0
40.6891,-73.9888,1
40.7787,-73.9884,0
40.7638,-73.9585,0
40.7242,-74.0,0
40.7162,-73.9876,0
40.7251,-74.003,0
40.817,-73.936,-1
40.7781,-73.9822,0
40.7969,-73.972,0
40.6833,-73.9082,-1
40.7961,-73.9726,0
40.7639,-73.9832,0
40.7377,-73.9805,0
40.7684,-73.8624,3
40.7474,-73.9725,0
40.7256,-73.9935,0
40.7243,-73.9975,0
40.7666,-73.9606,0
40.7347,-73.9843,0
40.7169,-74.0074,0
40.7551,-73.993,0
40.6938,-73.9236,-1
40.7678,-73.9915,0
40.7605,-73.9682,0
40.7568,-73.9764,0
40.7331,-73.9867,0
40.7063,-74.0168,0
40.7423,-73.9778,0
40.7731,-73.9567,0
40.6439,-73.9687,-1
40.7246,-73.9986,0
40.756,-73.9713,0
40.6912,-73.9901,1
40.7691,-73.9812,0
40.749,-73.9734,0
40.7194,-73.964,2
40.7676,-73.9909,0
40.7383,-73.9775,0
40.7504,-73.9947,0
40.7439,-74.0063,0
40.7383,-73.9998,0
40.7746,-73.9838,0
40.7775,-73.9769,0
40.7233,-73.9912,0
40.7552,-73.9812,0
40.7644,-73.9653,0
40.73,-73.9855,0
40.7295,-73.9988,0
40.7265,-73.9842,0
40.7791,-73.9827,0
40.683,-73.9628,-1
40.7326,-73.9816,0
40.734,-73.9775,0
40.7561,-73.9726,0
40.695,-73.9839,1
40.7253,-73.9761,0
40.7182,-73.9583,2
40.7467,-73.9921,0
40.7489,-73.9799,0
40.6804,-73.9837,1
40.6767,-73.9986,-1
40.758,-73.9921,0
40.7187,-73.9976,0
40.7151,-73.9599,2
40.7089,-74.0053,0
40.7246,-73.9917,0
40.7545,-73.8539,-1
40.7272,-73.9986,0
40.7901,-73.9786,0
40.7439,-73.9274,-1
40.7193,-73.9944,0
40.7789,-73.9827,0
40.7562,-73.9726,0
40.7562,-73.9726,0
40.723,-73.9931,0
40.7771,-73.9852,0
40.7089,-74.0054,0
40.7467,-73.9565,0
40.7495,-73.9837,0
40.6884,-73.9576,-1
40.7324,-73.98,0
40.6938,-73.9933,1
40.7182,-74.0028,0
40.6862,-73.9595,-1
40.802,-73.9673,0
40.7537,-73.9678,0
40.6451,-73.9758,-1
40.7643,-73.9783,0
40.7,-73.991,0
40.743,-73.9772,0
40.72,-74.0002,0
40.7271,-73.9912,0
40.7224,-73.9823,0
40.7516,-73.9942,0
40.7556,-73.9722,0
40.746,-73.9845,0
40.7268,-73.9779,0
40.7149,-73.9405,2
40.7438,-73.9833,0
40.7638,-73.9799,0
40.6906,-73.9902,1
40.7228,-73.9829,0
40.7506,-73.97,0
40.6961,-73.9965,1
40.724,-73.9912,0
40.7326,-74.0011,0
40.7685,-73.9849,0
40.6721,-73.974,-1
40.6844,-73.9846,1
40.7326,-73.9815,0
40.7674,-73.9924,0
40.7357,-74.0281,-1
40.7657,-73.9826,0
40.7209,-74.0051,0
40.7548,-73.9702,0
40.7089,-73.9424,2
40.7336,-73.9901,0
40.7117,-74.0072,0
40.7388,-74.0032,0
40.7794,-73.9772,0
40.7305,-73.9926,0
40.7269,-73.9858,0
40.7763,-73.946,0
40.7784,-73.983,0
40.7699,-73.8643,3
40.7896,-73.9772,0
40.7245,-74.0103,0
40.7941,-73.974,0
40.7356,-73.9874,0
40.7252,-73.9546,2
40.6958,-73.9953,1
40.8016,-73.9664,0
40.7812,-73.9777,0
40.7345,-73.9863,0
40.7297,-73.9904,0
40.7696,-73.9582,0
40.755,-73.9735,0
40.7572,-73.9811,0
40.7461,-73.9929,0
40.7963,-73.9497,0
40.7428,-73.9948,0
40.7157,-73.9903,0
40.6914,-73.9449,-1
40.6793,-73.9675,-1
40.7471,-73.9563,0
40.7727,-73.9535,0
40.6827,-73.9782,-1
40.7333,-73.9889,0
40.716,-74.004,0
40.7252,-73.9952,0
40.7236,-74.011,0
40.7344,-73.9901,0
40.739,-73.9835,0
40.7388,-73.9906,0
40.7847,-73.9799,0
40.6821,-73.9952,1
40.784,-73.9764,0
40.7736,-73.9598,0
40.7649,-73.9684,0
40.6384,-74.0361,-1
40.7826,-73.9729,0
40.6884,-73.9729,-1
40.6943,-73.9612,-1
40.7271,-73.9804,0
40.769,-73.9812,0
40.7247,-73.9941,0
40.6874,-73.9979,1
40.7886,-73.9779,0
40.7582,-73.9855,0
40.7365,-74.0062,0
40.722,-73.9835,0
40.6746,-73.969,-1
40.7326,-73.9981,0
40.7356,-74.0026,0
40.7505,-73.974,0
40.7773,-73.9789,0
40.7258,-73.9837,0
40.6866,-73.9609,-1
40.7617,-73.9848,0
40.7731,-73.9582,0
40.7364,-73.9992,0
40.7733,-73.9591,0
40.7772,-73.9781,0
40.7171,-74.0039,0
40.7655,-73.982,0
40.795,-73.9762,0
40.7255,-73.995,0
40.6862,-74.0011,1
40.7439,-73.9765,0
40.7609,-73.9832,0
40.6861,-73.9567,-1
40.7811,-73.9566,0
40.7608,-73.9967,0
40.6737,-73.9904,-1
40.7757,-73.9607,0
40.7653,-73.9615,0
40.7596,-73.9778,0
40.7642,-73.9884,0
40.7676,-73.986,0
40.7537,-73.9794,0
40.7556,-73.9713,0
40.7414,-73.9794,0
40.7346,-73.9908,0
40.7584,-73.9743,0
40.739,-74.0082,0
40.7098,-74.007,0
40.7503,-73.9694,0
40.772,-73.9656,0
40.7685,-73.8625,3
40.7504,-73.9947,0
40.6917,-73.9845,1
40.7796,-73.9555,0
40.7709,-73.8659,3
40.7108,-73.945,2
40.6997,-73.9809,1
40.6683,-73.9552,-1
40.7431,-73.9946,0
40.7756,-73.9534,0
40.6673,-73.9878,-1
40.7562,-73.9726,0
40.7408,-73.9859,0
40.779,-73.9559,0
40.7703,-73.9856,0
40.7716,-73.9885,0
40.7239,-73.9765,0
40.7748,-73.991,0
40.7795,-73.9596,0
40.7893,-73.9756,0
40.7331,-74.0058,0
40.7415,-73.9938,0
40.7739,-73.8725,3
40.7572,-73.9719,0
40.7223,-73.9871,0
40.7642,-73.983,0
40.7379,-73.9778,0
40.7735,-73.9494,0
40.7579,-73.9893,0
40.7244,-73.9852,0
40.7629,-73.982,0
40.7523,-73.9703,0
40.6896,-73.9728,-1
40.7117,-74.0071,0
40.7329,-73.9751,0
40.7501,-73.9832,0
40.7151,-74.016,0
40.7563,-73.9661,0
40.6284,-73.9601,-1
40.7662,-73.966,0
40.8465,-73.8447,-1
40.7226,-73.9829,0
40.7374,-73.9819,0
40.6902,-73.9662,-1
40.7739,-73.8715,3
40.7253,-73.9764,0
40.7781,-73.9457,0
40.8101,-73.9253,-1
40.7693,-73.9595,0
40.7179,-73.9798,0
40.7658,-73.9693,0
40.7777,-73.9775,0
40.7417,-74.0037,0
40.7208,-73.9612,2
40.75,-73.9748,0
40.7586,-73.9831,0
40.7824,-73.9557,0
40.7591,-73.9885,0
40.7749,-73.9452,0
40.7697,-73.9486,0
40.7494,-74.0063,0
40.7248,-74.0078,0
40.7662,-73.9783,0
40.7382,-74.0089,0
40.7624,-73.9882,0
40.7652,-73.9613,0
40.732,-73.9881,0
40.7338,-73.9807,0
40.8024,-73.9665,0
40.8024,-73.9665,0
40.7832,-73.9727,0
40.7343,-73.9804,0
40.7676,-73.9886,0
40.7191,-73.9999,0
40.7335,-74.0079,0
40.7347,-74.0006,0
40.7561,-73.9911,0
40.7283,-73.9988,0
40.7342,-73.9896,0
40.7317,-74.0045,0
40.7734,-73.9471,0
40.774,-73.8719,3
40.6822,-73.9892,1
40.7834,-73.9529,0
40.788,-73.9677,0
40.7401,-73.9165,-1
40.7666,-73.915,-1
40.77,-73.9614,0
40.7329,-74.0022,0
40.778,-73.9456,0
40.7752,-73.9595,0
40.7333,-73.9956,0
40.7664,-73.9784,0
40.7245,-73.9943,0
40.7219,-74.0078,0
40.7344,-73.9859,0
40.736,-74.0049,0
40.7271,-73.9785,0
40.7783,-73.9454,0
40.7562,-73.9776,0
40.7683,-73.9643,0
40.7269,-73.9782,0
40.77,-73.8647,3
40.6831,-73.9653,-1
40.7888,-73.9762,0
40.7242,-73.9878,0
40.7608,-73.9963,0
40.7376,-74.0089,0
40.7774,-73.955,0
40.7871,-73.9563,0
40.7552,-73.986,0
40.717,-73.9897,0
40.7207,-73.9833,0
40.7336,-73.9771,0
40.7286,-73.9761,0
40.7427,-73.9964,0
40.7456,-73.9867,0
40.758,-73.9657,0
40.7677,-73.9656,0
40.6778,-73.9754,-1
40.744,-73.9879,0
40.7454,-73.9946,0
40.7661,-73.9615,0
40.7781,-73.9585,0
40.7636,-73.9793,0
40.7843,-73.9774,0
40.7272,-74.0055,0
40.7762,-73.9806,0
40.7843,-73.971,0
40.7299,-73.9792,0
40.7619,-73.9837,0
40.7318,-73.9931,0
40.7891,-73.9763,0
40.7326,-73.9983,0
40.6732,-73.9789,-1
40.6894,-73.9771,1
40.7805,-73.9559,0
40.7682,-73.9823,0
40.7649,-73.9612,0
40.7259,-73.9907,0
40.7216,-73.9824,0
40.7742,-73.8722,3
40.7235,-74.0109,0
40.7734,-73.949,0
40.8025,-73.9666,0
40.7115,-73.9597,2
40.7484,-74.0019,0
40.7741,-73.8724,3
40.7882,-73.9543,0
40.7644,-73.9636,0
40.7322,-74.0004,0
40.7474,-74.0033,0
40.7322,-74.0016,0
40.7822,-73.9808,0
40.7688,-73.8631,3
40.7041,-73.9864,0
40.7327,-73.9813,0
40.7209,-73.9879,0
40.7316,-73.9825,0
40.7169,-74.0123,0
40.7868,-73.973,0
40.7155,-74.0061,0
40.7256,-74.0055,0
40.731,-73.9797,0
40.7514,-73.994,0
40.7222,-74.0112,0
40.7823,-73.9547,0
40.7593,-73.9651,0
40.7153,-74.0094,0
40.7424,-74.0066,0
40.695,-73.9374,-1
40.7279,-73.9822,0
40.7102,-73.9634,2
40.77,-73.9551,0
40.7733,-73.949,0
40.7638,-73.9826,0
40.7744,-73.9456,0
40.7517,-73.9901,0
40.7301,-73.9895,0
40.698,-73.9729,-1
40.7868,-73.9526,0
40.7667,-73.9568,0
40.7826,-73.9588,0
40.709,-73.9553,2
40.7782,-73.9566,0
40.7401,-74.0034,0
40.7628,-73.9822,0
40.7617,-73.9749,0
40.7797,-73.952,0
40.7208,-74.0039,0
40.7494,-73.9931,0
40.7506,-74.0033,0
40.7676,-73.9592,0
40.7729,-73.9799,0
40.762,-73.9747,0
40.7299,-73.9747,0
40.7681,-73.9597,0
40.7348,-73.9934,0
40.7143,-73.9594,2
40.7825,-73.9825,0
40.711,-74.0057,0
40.7765,-73.9464,0
40.7824,-73.9576,0
40.7543,-73.8804,-1
40.7416,-73.9936,0
40.7872,-73.9777,0
40.7212,-74.0026,0
40.7188,-73.9885,0
40.7784,-73.9612,0
40.7806,-73.9463,0
40.6788,-74.0018,-1
40.7223,-73.9858,0
40.7236,-73.9913,0
40.7695,-73.9812,0
40.7271,-73.9898,0
40.7592,-73.9862,0
40.7419,-73.9809,0
40.7488,-73.9927,0
40.7829,-73.9711,0
40.7184,-73.9978,0
40.6965,-73.9925,1
40.7456,-73.9783,0
40.7472,-73.9913,0
40.7368,-73.9782,0
40.7499,-73.8657,-1
40.7208,-74.0042,0
40.7253,-74.0085,0
40.7584,-73.96,0
40.7381,-74.0,0
40.7656,-73.9756,0
40.7255,-73.9847,0
40.762,-73.9733,0
40.7325,-74.0029,0
40.7295,-73.9983,0
40.7242,-73.9925,0
40.772,-73.958,0
40.7742,-73.9453,0
40.7804,-73.9873,0
40.7468,-73.9788,0
40.7437,-74.0034,0
40.7175,-73.9921,0
40.7194,-74.0028,0
40.7346,-74.0094,0
40.7797,-73.9541,0
40.7452,-73.9772,0
40.7385,-73.9738,0
40.7633,-73.989,0
40.6667,-73.9758,-1
40.7602,-73.9692,0
40.7246,-73.997,0
40.7653,-73.9775,0
40.775,-73.9905,0
40.7342,-73.9782,0
40.7431,-73.9722,0
40.7039,-73.9309,-1
40.7375,-74.0083,0
40.7465,-73.9716,0
40.7449,-73.9976,0
40.7825,-73.9728,0
40.6994,-73.9939,0
40.752,-73.9855,0
40.7321,-73.9925,0
40.7749,-73.9909,0
40.7476,-73.9747,0
40.7351,-74.006,0
40.7233,-73.9913,0
40.7277,-73.98,0
40.762,-73.9857,0
40.7272,-73.9922,0
40.7629,-73.9806,0
40.8036,-73.9521,-1
40.7279,-73.985,0
40.7611,-73.9974,0
40.714,-74.0093,0
40.7759,-73.9481,0
40.7888,-73.9777,0
40.7203,-74.0104,0
40.7235,-73.9777,0
40.7387,-73.9939,0
40.7598,-73.9806,0
40.7458,-73.9846,0
40.6888,-73.973,-1
40.7728,-73.9679,0
40.7184,-74.0087,0
40.7428,-73.9828,0
40.7229,-73.9828,0
40.7303,-73.9821,0
40.7639,-73.9794,0
40.7471,-73.9914,0
40.6381,-74.0339,-1
40.7323,-73.9968,0
40.7325,-73.9764,0
40.7883,-73.9725,0
40.7605,-74.0026,0
40.7741,-73.903,-1
40.7511,-73.9788,0
40.6959,-73.9447,-1
40.7763,-73.9619,0
40.7559,-73.9827,0
40.7697,-73.984,0
40.7203,-73.9544,2
40.7753,-73.9502,0
40.715,-74.0117,0
40.7823,-73.9768,0
40.7504,-73.9946,0
40.7371,-73.9929,0
40.7126,-73.9947,0
40.756,-73.973,0
40.7312,-73.9593,2
40.7954,-73.9696,0
40.7114,-73.964,2
40.7638,-73.9583,0
40.6589,-73.979,-1
40.7457,-73.9882,0
40.762,-73.9705,0
40.7234,-73.9912,0
40.7261,-73.984,0
40.7641,-73.9811,0
40.7734,-73.9633,0
40.7661,-73.9816,0
40.7501,-73.9834,0
40.7614,-73.9995,0
40.7651,-73.9614,0
40.733,-73.9875,0
40.6784,-73.9821,-1
40.7522,-73.9705,0
40.7494,-74.004,0
40.745,-74.0059,0
40.7268,-73.9854,0
40.8272,-73.912,-1
40.7499,-73.9803,0
40.7706,-73.9566,0
40.7841,-73.9739,0
40.7185,-74.0024,0
40.7379,-73.9925,0
40.7394,-73.9885,0
40.7457,-73.9994,0
40.6986,-73.9397,-1
40.6852,-74.0025,1
40.7737,-73.9485,0
40.7741,-73.8725,3
40.7575,-73.9808,0
40.7168,-74.0123,0
40.6975,-73.9327,-1
40.7458,-73.9882,0
40.6924,-73.9707,-1
40.7772,-73.9753,0
40.7708,-73.8656,3
40.7376,-74.0093,0
40.7725,-73.9608,0
40.7372,-74.0015,0
40.7478,-74.0048,0
40.7751,-73.9887,0
40.6888,-73.989,1
40.735,-73.9892,0
40.7747,-73.9901,0
40.7715,-73.9805,0
40.6807,-73.9744,-1
40.6917,-73.9844,1
40.7294,-73.9799,0
40.7247,-73.9838,0
40.7754,-73.9585,0
40.7249,-73.9984,0
40.7282,-73.9819,0
40.7492,-73.9887,0
40.7267,-73.9962,0
40.7745,-73.9639,0
40.7655,-73.982,0
40.74,-73.9985,0
40.6645,-73.9853,-1
40.7471,-73.9568,0
40.83,-73.9719,-1
40.7297,-73.9952,0
40.7484,-74.0056,0
40.7261,-73.9797,0
40.7452,-73.9918,0
40.7368,-73.9821,0
40.7298,-73.9985,0
40.7791,-73.9579,0
40.718,-73.9868,0
40.731,-74.0085,0
40.7443,-73.9727,0
40.721,-73.9553,2
40.7213,-74.01,0
40.7137,-73.9987,0
40.7134,-73.9493,2
40.7134,-73.9493,2
40.7303,-73.9833,0
40.7304,-73.9861,0
40.7368,-73.9889,0
40.7735,-73.9495,0
40.752,-73.9934,0
40.7468,-74.0048,0
40.75,-73.978,0
40.7499,-73.9976,0
40.7322,-74.0013,0
40.7266,-73.9943,0
40.8479,-73.9397,-1
40.7678,-73.9918,0
40.7789,-73.9799,0
40.7752,-73.9635,0
40.7755,-73.9833,0
40.7399,-74.0021,0
40.7359,-73.9858,0
40.732,-73.9865,0
40.7886,-73.9792,0
40.7198,-73.9876,0
40.6534,-74.0058,-1
40.7284,-73.9488,2
40.7609,-73.9579,0
40.7422,-73.9951,0
40.746,-73.9941,0
40.7684,-73.8624,3
40.7443,-73.9746,0
40.7522,-73.9951,0
40.7874,-73.9739,0
40.7599,-73.984,0
40.6691,-73.9829,-1
40.7814,-73.9764,0
40.7153,-73.99,0
40.779,-73.947,0
40.7421,-73.9777,0
40.716,-74.0071,0
40.7268,-73.9777,0
40.7238,-73.9895,0
40.7166,-74.0164,0
40.7076,-74.0096,0
40.7228,-74.0033,0
40.7228,-74.0033,0
40.7252,-73.9842,0
40.7626,-73.9742,0
40.7326,-73.9982,0
40.771,-73.8667,3
40.7468,-73.9999,0
40.765,-73.9834,0
40.733,-73.9807,0
40.7001,-73.9916,0
40.7307,-73.9931,0
40.6592,-73.9534,-1
40.7398,-73.9855,0
40.7779,-73.9843,0
40.7057,-74.0092,0
40.7287,-73.9942,0
40.7703,-73.9621,0
40.7696,-73.9681,0
40.7748,-73.9655,0
40.7359,-73.9974,0
40.7614,-73.9998,0
40.7685,-73.8624,3
40.7437,-73.9926,0
40.7872,-73.9776,0
40.7569,-73.9746,0
40.7259,-73.9771,0
40.7749,-73.9589,0
40.7818,-73.9559,0
40.7252,-74.0046,0
40.7282,-73.9992,0
40.6894,-73.9228,-1
40.7327,-73.9899,0
40.7263,-74.005,0
40.7741,-73.9658,0
40.7173,-74.014,0
40.7376,-73.9823,0
40.7954,-73.9731,0
40.6808,-73.9461,-1
40.7705,-73.8653,3
40.6915,-73.9844,1
40.7444,-73.984,0
40.7224,-73.983,0
40.727,-73.9876,0
40.7466,-73.9758,0
40.7276,-73.9871,0
40.7244,-73.9849,0
40.7343,-73.986,0
40.7169,-74.0123,0
40.7591,-73.9843,0
40.676,-73.9794,-1
40.7195,-73.991,0
40.7248,-73.9768,0
40.7248,-73.9768,0
40.7518,-73.9772,0
40.678,-73.9958,1
40.7356,-74.0028,0
40.7298,-73.9811,0
40.7465,-73.9812,0
40.7177,-73.9523,2
40.7442,-74.0071,0
40.6855,-73.9567,-1
40.7556,-73.973,0
40.7422,-73.9949,0
40.7681,-73.8618,3
40.7491,-73.9759,0
40.7752,-73.9587,0
40.788,-73.9544,0
40.783,-73.974,0
40.7171,-74.0078,0
40.7684,-73.8625,3
40.7232,-73.9912,0
40.7907,-73.9656,0
40.726,-73.992,0
40.778,-73.9456,0
40.7427,-73.996,0
40.7567,-73.9922,0
40.744,-73.9857,0
40.7677,-73.9653,0
40.7241,-73.9824,0
40.7167,-73.9635,2
40.7276,-73.9933,0
40.7206,-73.9965,0
40.7691,-73.9812,0
40.7648,-73.9757,0
40.6859,-73.9905,1
40.7483,-74.0057,0
40.768,-73.9916,0
40.7597,-73.9845,0
40.7168,-73.9513,2
40.7168,-73.9513,2
40.7391,-73.9988,0
40.7449,-74.0062,0
40.7379,-73.9831,0
40.7627,-73.991,0
40.7225,-73.998,0
40.7681,-73.9838,0
40.7347,-73.9998,0
40.7837,-73.9801,0
40.7404,-74.0053,0
40.756,-73.9808,0
40.7898,-73.9759,0
40.7885,-73.9761,0
40.7403,-73.9819,0
40.7265,-73.9936,0
40.7632,-73.9804,0
40.7423,-73.9559,-1
40.7084,-74.0052,0
40.7957,-73.9689,0
40.7594,-73.9871,0
40.7275,-73.9815,0
40.7717,-73.9892,0
40.6921,-73.9842,1
40.7871,-73.9791,0
40.7746,-73.9591,0
40.6928,-73.9931,1
40.7182,-74.0152,0
40.7163,-74.0075,0
40.7416,-73.9876,0
40.7533,-73.9347,-1
40.7224,-74.0113,0
40.716,-73.9932,0
40.7203,-74.0109,0
40.7198,-73.995,0
40.7653,-73.972,0
40.7751,-73.9593,0
40.7331,-73.9753,0
40.7728,-73.9615,0
40.7516,-73.994,0
40.7182,-74.0005,0
40.6375,-73.9886,-1
40.7673,-73.9839,0
40.7414,-73.9795,0
40.7322,-73.9562,2
40.7325,-73.9948,0
40.7699,-73.8645,3
40.7263,-73.9878,0
40.7265,-73.9866,0
40.7941,-73.9738,0
40.7243,-73.9935,0
40.7626,-73.9906,0
40.7672,-73.9666,0
40.7146,-73.9988,0
40.727,-73.9837,0
40.7229,-73.9402,2
40.6878,-73.97,-1
40.774,-73.8716,3
40.7734,-73.8853,-1
40.7512,-73.9935,0
40.7663,-73.9185,-1
40.7303,-73.9934,0
40.7986,-73.9732,0
40.6778,-73.9796,-1
40.7197,-73.9563,2
40.7227,-74.0044,0
40.7884,-73.9782,0
40.7741,-73.8726,3
40.7741,-73.8726,3
40.7841,-73.9765,0
40.7553,-73.9732,0
40.7326,-73.9968,0
40.7646,-73.9953,0
40.7327,-74.0086,0
40.7472,-73.9769,0
40.7614,-73.9997,0
40.7728,-73.9532,0
40.738,-73.9998,0
40.7102,-73.9634,2
40.724,-74.0032,0
40.7834,-73.9786,0
40.7733,-73.9621,0
40.8151,-73.9919,-1
40.7634,-73.9805,0
40.7593,-73.9109,-1
40.7794,-73.953,0
40.7263,-73.9803,0
40.7198,-74.0062,0
40.7198,-74.0062,0
40.731,-73.9757,0
40.7623,-74.0007,0
40.6773,-73.9741,-1
40.7182,-74.0012,0
40.7725,-73.9552,0
40.7136,-73.9878,0
40.78,-73.957,0
40.7756,-73.9641,0
40.7366,-73.9932,0
40.693,-73.9929,1
40.7653,-73.9617,0
40.729,-73.9843,0
40.7807,-73.987,0
40.7373,-73.9795,0
40.7334,-73.9933,0
40.7335,-74.0024,0
40.7233,-73.9844,0
40.7485,-73.9804,0
40.755,-73.973,0
40.7373,-74.0015,0
40.7181,-74.0029,0
40.7467,-73.9896,0
40.7504,-73.9869,0
40.727,-74.0033,0
40.7429,-73.9965,0
40.7307,-74.0035,0
40.7493,-73.9916,0
40.7746,-73.9808,0
40.7249,-73.9972,0
40.716,-74.007,0
40.7597,-73.9805,0
40.7738,-73.8717,3
40.7371,-73.9791,0
40.7867,-73.9773,0
40.7569,-73.9609,0
40.7255,-73.988,0
40.7576,-73.9706,0
40.7573,-73.9733,0
40.7767,-73.9598,0
40.7789,-73.9557,0
40.7208,-74.0041,0
40.7679,-73.9917,0
40.7298,-73.9785,0
40.7734,-73.9487,0
40.7948,-73.9697,0
40.7486,-74.0035,0
40.749,-73.9773,0
40.749,-73.9773,0
40.7713,-73.9815,0
40.7795,-73.9539,0
40.7076,-74.0083,0
40.7196,-73.962,2
40.7196,-73.962,2
40.7218,-73.9834,0
40.7338,-73.9807,0
40.7408,-73.9932,0
40.7836,-73.9513,0
40.722,-74.0472,-1
40.737,-73.9926,0
40.7402,-73.986,0
40.724,-73.9841,0
40.762,-73.9697,0
40.7678,-73.9531,0
40.7443,-73.9842,0
40.7528,-73.9816,0
40.7382,-73.9834,0
40.7526,-73.9837,0
40.6611,-73.9427,-1
40.7393,-73.9826,0
40.8076,-73.9588,-1
40.7562,-73.9839,0
40.7706,-73.8671,3
40.7736,-73.9456,0
40.7458,-73.9938,0
40.722,-74.0111,0
40.7387,-73.9874,0
40.7244,-73.9979,0
40.7244,-73.9979,0
40.7713,-73.9876,0
40.724,-74.0032,0
40.7245,-73.9834,0
40.7561,-73.9765,0
40.7336,-74.003,0
40.7629,-73.9659,0
40.7704,-73.9856,0
40.7242,-73.9826,0
40.6646,-73.9854,-1
40.6919,-73.9716,-1
40.7878,-73.9549,0
40.7267,-73.9941,0
40.7652,-73.982,0
40.7707,-73.8655,3
40.6832,-73.9655,-1
40.7236,-74.0109,0
40.7398,-73.9876,0
40.6844,-73.996,1
40.7788,-73.9558,0
40.7579,-73.993,0
40.8173,-73.9945,-1
40.7615,-73.9993,0
40.7223,-73.9869,0
40.8309,-73.9305,-1
40.8023,-73.9663,0
40.7583,-73.9626,0
40.7613,-73.969,0
40.7803,-73.9467,0
40.7529,-73.9904,0
40.7684,-73.9569,0
40.7719,-73.9883,0
40.7768,-73.9533,0
40.7303,-73.9864,0
40.6883,-73.9786,1
40.7229,-73.9931,0
40.7275,-73.983,0
40.6874,-73.9602,-1
40.7328,-73.9918,0
40.6619,-73.9835,-1
40.7671,-73.9843,0
40.7399,-73.9914,0
40.7164,-74.0097,0
40.6818,-73.99,1
40.7651,-73.9613,0
40.79,-73.9745,0
40.7451,-73.9859,0
40.7331,-73.9928,0
40.7329,-73.9776,0
40.7282,-74.0009,0
40.7462,-73.9804,0
40.7772,-73.9892,0
40.7975,-73.9699,0
40.7529,-73.9834,0
40.7552,-73.9199,-1
40.7382,-73.9884,0
40.8085,-73.9395,-1
40.7784,-73.9834,0
40.7255,-73.9768,0
40.7239,-73.9767,0
40.7442,-73.9746,0
40.7273,-73.9918,0
40.7273,-73.9918,0
40.7693,-73.9827,0
40.7305,-73.9864,0
40.7139,-73.9902,0
40.6911,-73.9896,1
40.7923,-73.9644,0
40.6872,-73.9447,-1
40.7378,-74.0066,0
40.6718,-73.9724,-1
40.7571,-73.9739,0
40.7513,-73.9941,0
40.7136,-74.0106,0
40.7791,-73.9469,0
40.7837,-73.9794,0
40.6849,-73.9652,-1
40.7181,-74.0147,0
40.7271,-73.9804,0
40.7643,-73.9921,0
40.7221,-73.9855,0
40.7256,-73.9759,0
40.7303,-73.9907,0
40.745,-73.9987,0
40.7679,-73.962,0
40.7194,-74.0051,0
40.7524,-73.9675,0
40.7685,-73.9636,0
40.7514,-73.994,0
40.7786,-73.9536,0
40.752,-73.9694,0
40.7244,-73.9793,0
40.7402,-73.9862,0
40.74,-74.006,0
40.7034,-73.9905,0
40.7382,-73.9878,0
40.6828,-73.9411,-1
40.7254,-73.999,0
40.7219,-73.9495,2
40.7354,-74.0084,0
40.7806,-73.9559,0
40.726,-73.9947,0
40.726,-73.9947,0
40.6825,-73.9309,-1
40.7278,-73.9935,0
40.7402,-73.9821,0
40.7197,-74.0006,0
40.7382,-73.9805,0
40.6935,-73.989,1
40.7745,-73.9541,0
40.7745,-73.9541,0
40.7304,-73.9798,0
40.7303,-73.982,0
40.7338,-74.0056,0
40.7207,-73.9977,0
40.7287,-74.0028,0
40.773,-73.9604,0
40.7579,-73.982,0
40.7365,-73.9745,0
40.7443,-73.999,0
40.7397,-73.9853,0
40.7803,-73.9572,0
40.6969,-73.9756,1
40.7691,-73.9813,0
40.7518,-73.9765,0
40.7139,-73.96,2
40.7367,-73.9869,0
40.8555,-73.9126,-1
40.7268,-73.9779,0
40.7268,-73.9779,0
40.6225,-74.0278,-1
40.7362,-73.9363,-1
40.7348,-73.999,0
40.7781,-73.9544,0
40.7566,-73.9666,0
40.7742,-73.8731,3
40.7264,-74.009,0
40.7667,-73.984,0
40.7727,-73.9527,0
40.7192,-74.0045,0
40.7481,-74.0001,0
40.6947,-73.9672,-1
40.774,-73.8726,3
40.7408,-73.9975,0
40.7729,-73.9604,0
40.7586,-73.9851,0
40.7707,-73.9509,0
40.729,-73.9982,0
40.7988,-73.962,0
40.7405,-74.0043,0
40.7139,-73.9903,0
40.736,-73.977,0
40.7787,-73.9824,0
40.7679,-73.9567,0
40.7559,-73.9831,0
40.733,-74.0029,0
40.7196,-73.9547,2
40.7179,-73.9856,0
40.7844,-73.9738,0
40.7688,-73.9888,0
40.7484,-73.9786,0
40.7327,-73.9775,0
40.7356,-74.0078,0
40.7305,-73.9931,0
40.7675,-73.9555,0
40.7386,-73.9856,0
40.7753,-73.9766,0
40.7202,-74.0109,0
40.7039,-73.942,-1
40.776,-73.9774,0
40.7455,-73.9784,0
40.8256,-73.9445,-1
40.7797,-73.9771,0
40.7702,-73.9621,0
40.7399,-74.0529,-1
40.7221,-73.9995,0
40.7221,-73.9995,0
40.7805,-73.9873,0
40.6458,-74.0237,-1
40.7523,-73.9701,0
40.7105,-74.0043,0
40.7282,-74.001,0
40.7247,-73.9846,0
40.7261,-74.002,0
40.7445,-73.981,0
40.7562,-73.9726,0
40.775,-73.9888,0
40.7213,-73.9574,2
40.7601,-73.9651,0
40.7292,-73.9857,0
40.7688,-73.8671,3
40.7408,-73.9973,0
40.7388,-73.9805,0
40.7293,-73.9778,0
40.7304,-73.9927,0
40.7874,-73.9806,0
40.7482,-74.0055,0
40.7226,-73.9773,0
40.8532,-73.8548,-1
40.7356,-73.9967,0
40.7265,-73.9868,0
40.7411,-74.0035,0
40.7387,-73.9833,0
40.7739,-73.9453,0
40.7558,-73.9862,0
40.7325,-73.9761,0
40.7794,-73.9476,0
40.6435,-73.9686,-1
40.6562,-73.8813,-1
40.7264,-74.009,0
40.7678,-73.9916,0
40.69,-73.9653,-1
40.7766,-73.9814,0
40.7457,-73.9881,0
40.7536,-73.9872,0
40.7536,-73.9872,0
40.785,-73.9538,0
40.7639,-73.9782,0
40.749,-73.9962,0
40.7401,-73.992,0
40.7054,-74.0171,0
40.7205,-73.9966,0
40.7242,-74.0002,0
40.755,-73.9931,0
40.7449,-73.974,0
40.7272,-74.0061,0
40.7657,-73.9691,0
40.726,-73.9857,0
40.7509,-73.99,0
40.6898,-73.9781,1
40.7758,-73.9472,0
40.7132,-73.9516,2
40.6292,-73.9993,-1
40.7814,-73.9563,0
40.7284,-73.9872,0
40.7362,-73.9792,0
40.6735,-73.9687,-1
40.7215,-74.0034,0
40.7215,-74.0034,0
40.7161,-74.0122,0
40.7313,-73.9968,0
40.7804,-73.9558,0
40.7665,-73.9516,0
40.7327,-73.9873,0
40.77,-73.9551,0
40.7486,-73.9827,0
40.7829,-73.9553,0
40.7773,-73.9491,0
40.7323,-73.9953,0
40.7323,-73.9953,0
40.6855,-73.9569,-1
40.748,-73.9569,0
40.7807,-73.9522,0
40.7717,-73.956,0
40.7295,-73.9812,0
40.7295,-73.9812,0
40.7597,-73.9738,0
40.7206,-73.9896,0
40.7503,-73.9965,0
40.7919,-73.9773,0
40.7266,-74.0002,0
40.7073,-74.0058,0
40.6856,-73.9918,1
40.6938,-73.9936,1
40.7251,-74.0016,0
40.7211,-73.9585,2
40.7711,-73.8659,3
40.7514,-73.994,0
40.6344,-74.0144,-1
40.7312,-73.9745,0
40.7213,-74.0111,0
40.7403,-74.004,0
40.7541,-73.9705,0
40.7803,-73.9859,0
40.7376,-74.0083,0
40.7639,-73.9644,0
40.7313,-74.0097,0
40.7917,-73.9652,0
40.7313,-73.9938,0
40.7942,-73.9748,0
40.76,-73.9989,0
40.7327,-73.9794,0
40.7759,-73.9604,0
40.7253,-73.99,0
40.7196,-73.9867,0
40.7249,-73.9809,0
40.7335,-74.0063,0
40.735,-73.983,0
40.7253,-74.0093,0
40.7296,-74.0008,0
40.7686,-73.8626,3
40.7298,-73.9807,0
40.7749,-73.9508,0
40.727,-73.9838,0
40.7081,-73.9433,2
40.7157,-73.9861,0
40.7621,-73.9583,0
40.7656,-73.9778,0
40.7445,-73.9914,0
40.7782,-73.9524,0
40.7306,-73.9582,2
40.7388,-73.9958,0
40.78,-73.9502,0
40.7247,-73.9867,0
40.7746,-73.9481,0
40.7667,-73.971,0
40.7203,-73.9874,0
40.7682,-73.9547,0
40.6951,-73.9953,1
40.7457,-73.9936,0
40.6929,-73.928,-1
40.775,-73.9568,0
40.7431,-73.9963,0
40.7436,-73.9881,0
40.7111,-73.9675,0
40.768,-73.9525,0
40.6571,-73.974,-1
40.7764,-73.9443,0
40.7691,-73.9689,0
40.7274,-73.9825,0
40.7687,-73.958,0
40.7367,-73.9889,0
40.7223,-74.0111,0
40.7366,-73.9975,0
40.7568,-73.9848,0
40.7681,-73.9567,0
40.7885,-73.9792,0
40.6917,-73.9921,1
40.7579,-73.966,0
40.7229,-73.9949,0
40.7904,-73.9679,0
40.7426,-74.0034,0
40.7425,-73.996,0
40.7342,-73.9935,0
40.7258,-73.9997,0
40.7509,-73.9944,0
40.6986,-73.9248,-1
40.7243,-73.983,0
40.7739,-73.8726,3
40.7668,-73.9851,0
40.7326,-74.0011,0
40.7748,-73.9902,0
40.7442,-73.998,0
40.7207,-73.9977,0
40.6592,-73.9605,-1
40.6751,-73.9561,-1
40.7307,-73.9922,0
40.7625,-73.9653,0
40.6507,-73.9611,-1
40.727,-73.9803,0
40.7523,-73.9675,0
40.7412,-73.9966,0
40.7368,-74.0065,0
40.7272,-73.9919,0
40.798,-73.9444,0
40.7293,-74.0036,0
40.7123,-74.0099,0
40.7339,-74.0442,-1
40.7695,-73.9855,0
40.7805,-73.9559,0
40.7802,-73.946,0
40.7227,-73.998,0
40.7324,-74.0076,0
40.7574,-73.9901,0
40.7674,-73.9705,0
40.7749,-73.9547,0
40.759,-73.9848,0
40.7485,-73.9924,0
40.7203,-74.0084,0
40.7662,-73.9641,0
40.7804,-73.9873,0
40.7258,-73.9791,0
40.7308,-74.0082,0
40.7529,-73.9931,0
40.733,-73.9927,0
40.7236,-74.0109,0
40.7715,-73.9614,0
40.7683,-73.8621,3
40.742,-73.9779,0
40.7748,-73.9911,0
40.7757,-73.9765,0
40.7849,-73.9488,0
40.7471,-73.9734,0
40.7438,-73.9879,0
40.7698,-73.9587,0
40.7596,-73.9816,0
40.7372,-73.9792,0
40.7214,-73.9799,0
40.7499,-73.9914,0
40.6989,-73.9325,-1
40.7229,-73.9589,2
40.7091,-73.9485,2
40.7412,-73.9927,0
40.727,-73.9877,0
40.7828,-73.9736,0
40.73,-73.9836,0
40.7326,-73.9817,0
40.7252,-73.9796,0
40.7473,-73.9895,0
40.7325,-73.9523,2
40.7634,-73.9811,0
40.7242,-73.9829,0
40.7863,-73.9797,0
40.7322,-73.9805,0
40.7261,-73.9918,0
40.7166,-74.0069,0
40.7371,-73.9865,0
40.7388,-74.0092,0
40.7036,-73.9805,0
40.7791,-73.9868,0
40.7299,-73.9867,0
40.7277,-73.9799,0
40.7472,-73.9913,0
40.7278,-73.9838,0
40.7374,-73.9802,0
40.7549,-73.9758,0
40.7572,-73.9837,0
40.6825,-73.9313,-1
40.7586,-73.9894,0
40.7407,-74.0076,0
40.7145,-73.9818,0
40.8033,-73.9572,0
40.785,-73.979,0
40.7095,-73.9963,0
40.6401,-73.9991,-1
40.7873,-73.9745,0
40.765,-73.9917,0
40.7404,-73.9904,0
40.6885,-73.963,-1
40.7423,-73.9797,0
40.7625,-73.9768,0
40.7277,-73.9883,0
40.7154,-73.9553,2
40.7617,-73.9698,0
40.7445,-73.9755,0
40.7705,-73.96,0
40.7369,-73.9846,0
40.6913,-73.9905,1
40.7185,-73.9953,0
40.762,-73.9937,0
40.7597,-73.9896,0
40.718,-74.0146,0
40.7168,-74.0144,0
40.732,-73.9965,0
40.7611,-73.9993,0
40.7615,-73.9791,0
40.7661,-73.9632,0
40.7661,-73.9632,0
40.7241,-74.0001,0
40.7159,-74.012,0
40.7388,-74.0088,0
40.7487,-73.9923,0
40.7706,-73.9627,0
40.7379,-73.9778,0
40.8532,-73.9341,-1
40.7477,-73.9731,0
40.7847,-73.9735,0
40.743,-73.991,0
40.7239,-73.997,0
40.7242,-73.9887,0
40.7658,-73.9719,0
40.7295,-73.9869,0
40.7293,-73.9776,0
40.7091,-73.9478,2
40.7684,-73.9554,0
40.7308,-74.0058,0
40.7406,-74.0057,0
40.7761,-73.9605,0
40.7578,-73.9891,0
40.6776,-73.9484,-1
40.6846,-73.9642,-1
40.7282,-73.9819,0
40.6597,-73.8786,-1
40.6898,-73.9124,-1
40.7308,-74.0054,0
40.7377,-73.9841,0
40.7553,-73.982,0
40.7607,-73.9707,0
40.724,-73.9825,0
40.7395,-73.9924,0
40.7379,-73.9964,0
40.6921,-74.0,1
40.7753,-73.9631,0
40.7519,-73.9862,0
40.7923,-73.9676,0
40.7502,-73.9946,0
40.7182,-74.0001,0
40.7804,-73.976,0
40.7177,-73.9636,2
40.7784,-73.9489,0
40.7209,-73.9807,0
40.7576,-73.9891,0
40.7656,-73.9608,0
40.7168,-73.9635,2
40.6854,-73.9252,-1
40.7356,-73.983,0
40.7165,-74.0486,-1
40.6884,-73.9928,1
40.6889,-73.9889,1
40.7326,-73.9936,0
40.7429,-73.9802,0
40.7233,-73.9862,0
40.7156,-73.8768,-1
40.6831,-73.9654,-1
40.7718,-73.9591,0
40.7796,-73.9817,0
40.7704,-73.9621,0
40.784,-73.9825,0
40.7589,-73.9896,0
40.7461,-73.9851,0
40.7759,-73.944,0
40.7702,-73.9,-1
40.7303,-73.9529,2
40.7599,-73.9962,0
40.7863,-73.9697,0
40.7218,-73.9495,2
40.7237,-73.9822,0
40.7707,-73.8654,3
40.7819,-73.9474,0
40.7537,-73.9923,0
40.6602,-73.993,-1
40.7463,-73.9717,0
40.752,-73.9936,0
40.796,-73.9712,0
40.7493,-73.9827,0
40.7523,-73.9783,0
40.7918,-73.9711,0
40.7162,-74.011,0
40.7733,-73.9449,0
40.7219,-73.9022,-1
40.6947,-73.9837,1
40.6899,-73.9385,-1
40.7698,-73.9806,0
40.6343,-73.8981,-1
40.7864,-73.9687,0
40.7825,-73.9535,0
40.7483,-74.0055,0
40.6885,-73.9598,-1
40.7724,-73.9183,-1
40.776,-73.9554,0
40.776,-73.9554,0
40.7184,-74.0026,0
40.7157,-73.9861,0
40.7116,-73.9449,2
40.7093,-74.0135,0
40.721,-73.9791,0
40.7744,-73.9913,0
40.7389,-73.9996,0
40.7633,-73.9854,0
40.7623,-73.9701,0
40.7256,-74.0046,0
40.7158,-73.9454,2
40.7265,-73.9832,0
40.7796,-73.9618,0
40.7443,-73.9748,0
40.7352,-73.9958,0
40.7728,-73.9668,0
40.762,-73.9788,0
40.721,-73.9983,0
40.7752,-73.9878,0
40.7622,-73.9739,0
40.719,-73.9537,2
40.7785,-73.9836,0
40.6939,-73.9834,1
40.715,-74.016,0
40.6913,-73.9257,-1
40.7083,-73.949,2
40.721,-74.0043,0
40.7117,-73.9625,2
40.7493,-73.9724,0
40.734,-73.9969,0
40.7216,-73.9993,0
40.73,-73.9866,0
40.6887,-73.9874,1
40.7675,-73.9895,0
40.7373,-73.9908,0
40.7339,-73.9993,0
40.7225,-73.9942,0
40.7383,-73.9998,0
40.7192,-74.0039,0
40.7643,-73.9812,0
40.7239,-73.9804,0
40.6961,-73.9915,1
40.7196,-74.0107,0
40.7459,-73.9881,0
40.7739,-73.8721,3
40.6988,-73.9311,-1
40.763,-73.976,0
40.7078,-74.0118,0
40.7278,-73.9838,0
40.7179,-74.0072,0
40.7592,-73.9957,0
40.7706,-73.8655,3
40.7432,-73.9799,0
40.7327,-74.0038,0
40.7273,-74.0059,0
40.7192,-73.9541,2
40.765,-73.9752,0
40.7289,-73.9844,0
40.7322,-73.9868,0
40.7237,-73.9855,0
40.7456,-73.9915,0
40.7326,-73.9817,0
40.7229,-73.9945,0
40.7815,-73.9795,0
40.7362,-73.9851,0
40.7753,-73.9518,0
40.7258,-73.9867,0
40.7239,-73.9767,0
40.6851,-73.9863,1
40.7448,-73.98,0
40.7674,-73.9905,0
40.6787,-74.002,-1
40.7351,-73.9984,0
40.8405,-73.9429,-1
40.7713,-73.9562,0
40.7494,-73.9919,0
40.7266,-73.9465,2
40.7791,-73.9748,0
40.7768,-73.9513,0
40.7829,-73.9489,0
40.7263,-73.9934,0
40.7179,-74.0044,0
40.7481,-73.9567,0
40.7378,-73.9965,0
40.7505,-73.9717,0
40.7216,-74.0099,0
40.7162,-74.0076,0
40.7602,-73.9845,0
40.7627,-73.9653,0
40.7446,-74.0026,0
40.743,-73.9822,0
40.7589,-73.9939,0
40.7349,-74.0029,0
40.8302,-73.8925,-1
40.7569,-73.9746,0
40.7218,-73.958,2
40.7625,-73.9707,0
40.7332,-73.9905,0
40.7359,-73.9792,0
40.7248,-73.9931,0
40.7096,-74.0135,0
40.7302,-74.0093,0
40.7754,-73.9781,0
40.7174,-74.016,0
40.6706,-73.9479,-1
40.7449,-73.9727,0
40.7341,-73.9982,0
40.7074,-74.0072,0
40.6925,-73.8593,-1
40.7592,-73.9927,0
40.7205,-73.9548,2
40.7803,-73.9454,0
40.7227,-73.8496,-1
40.7388,-73.9806,0
40.7872,-73.9679,0
40.7187,-73.9606,2
40.7475,-73.9566,0
40.7668,-73.9532,0
40.7246,-73.9875,0
40.778,-73.9461,0
40.7238,-73.9762,0
40.7336,-74.0043,0
40.731,-73.9817,0
40.7322,-73.9847,0
40.7543,-73.9692,0
40.6894,-73.9847,1
40.8032,-73.944,-1
40.7269,-74.0001,0
40.7359,-74.0014,0
40.7092,-73.9469,2
40.7323,-74.0051,0
40.7807,-73.9544,0
40.7493,-73.9919,0
40.7732,-73.9506,0
40.7269,-74.0055,0
40.7793,-73.9881,0
40.7282,-73.9794,0
40.789,-73.9803,0
40.7307,-73.9827,0
40.766,-73.9767,0
40.7308,-73.9928,0
40.7416,-73.9808,0
40.7813,-73.9515,0
40.7718,-73.9596,0
40.7683,-73.9593,0
40.7924,-73.9741,0
40.6699,-73.9832,-1
40.7515,-73.9939,0
40.7733,-73.9893,0
40.7302,-74.0319,-1
40.7667,-73.9786,0
40.744,-73.9793,0
40.7962,-73.9726,0
40.7505,-73.9738,0
40.772,-73.9618,0
40.7328,-74.0002,0
40.734,-74.0046,0
40.7223,-74.0105,0
40.7356,-74.0084,0
40.7367,-73.973,0
40.7031,-73.986,0
40.7137,-73.9632,2
40.758,-73.9838,0
40.7641,-73.9686,0
40.7603,-73.995,0
40.7277,-73.9575,2
40.6727,-73.9752,-1
40.7304,-73.9899,0
40.721,-74.0041,0
40.7606,-73.9967,0
40.743,-73.99,0
40.7376,-74.0087,0
40.724,-73.9917,0
40.7216,-73.9866,0
40.7321,-73.9805,0
40.7763,-73.962,0
40.7324,-73.9892,0
40.7291,-73.9902,0
40.7179,-73.993,0
40.737,-73.9866,0
40.7198,-74.0003,0
40.7383,-74.0065,0
40.6812,-73.9724,-1
40.7261,-73.9804,0
40.7522,-73.9954,0
40.7248,-74.0006,0
40.6963,-73.9877,1
40.7336,-73.9931,0
40.73,-73.9794,0
40.7871,-73.9733,0
40.6701,-73.9563,-1
40.7431,-73.98,0
40.7247,-74.0006,0
40.721,-74.0015,0
40.7738,-73.9487,0
40.6959,-73.9973,1
40.7234,-73.9959,0
40.7492,-73.9815,0
40.7377,-74.0003,0
40.7797,-73.9763,0
40.7027,-73.9868,0
40.7804,-73.9874,0
40.6615,-73.9518,-1
40.7864,-73.9562,0
40.7319,-73.9966,0
40.7233,-73.9912,0
40.7723,-73.9525,0
40.7305,-74.009,0
40.7309,-73.9874,0
40.7756,-73.9563,0
40.7421,-73.9828,0
40.7479,-73.9748,0
40.7275,-73.9884,0
40.7244,-73.9991,0
40.7405,-73.9902,0
40.7109,-74.0059,0
40.7193,-74.0038,0
40.7542,-73.9882,0
40.7331,-73.9778,0
40.7234,-73.995,0
40.7265,-73.9845,0
40.7726,-73.9532,0
40.7179,-73.837,-1
40.7298,-73.9807,0
40.7298,-74.0007,0
40.718,-74.0096,0
40.7598,-73.9597,0
40.7669,-73.9819,0
40.8262,-73.9478,-1
40.7244,-73.9877,0
40.855,-73.9286,-1
40.778,-73.954,0
40.7806,-73.9581,0
40.7603,-73.997,0
40.7796,-73.9461,0
40.7621,-73.9789,0
40.7493,-73.9924,0
40.7919,-73.9751,0
40.7069,-74.0164,0
40.7394,-73.9939,0
40.73,-73.9876,0
40.7328,-74.0023,0
40.7883,-73.9745,0
40.774,-73.8724,3
40.7697,-73.9626,0
40.7375,-74.0086,0
40.7254,-73.982,0
40.7504,-73.9739,0
40.781,-73.9832,0
40.7195,-73.9905,0
40.774,-73.8734,3
40.7231,-73.944,2
40.7635,-73.9816,0
40.7257,-73.9479,2
40.7348,-73.9993,0
40.7409,-73.9803,0
40.7506,-73.9909,0
40.7385,-73.9961,0
40.7425,-73.992,0
40.7302,-74.0024,0
40.7306,-73.9832,0
40.7207,-73.9946,0
40.7204,-73.9894,0
40.7098,-73.9524,2
40.7354,-74.004,0
40.7182,-73.998,0
40.745,-73.9787,0
40.7252,-73.9956,0
40.7325,-73.997,0
40.7657,-73.9904,0
40.774,-73.8725,3
40.7794,-73.988,0
40.7663,-73.9526,0
40.6772,-73.9712,-1
40.7102,-73.9632,2
40.7832,-73.9486,0
40.7705,-73.8652,3
40.7448,-73.9993,0
40.7522,-73.97,0
40.7339,-73.9811,0
40.7704,-73.9572,0
40.7337,-74.0022,0
40.7312,-73.9742,0
40.7384,-73.9733,0
40.7647,-73.9816,0
40.7363,-73.9773,0
40.7284,-73.9965,0
40.7732,-73.9624,0
40.7584,-73.9931,0
40.7779,-73.9588,0
40.7286,-73.9762,0
40.7696,-73.9827,0
40.7366,-74.0066,0
40.7618,-73.9787,0
40.7279,-74.002,0
40.726,-73.9996,0
40.7768,-73.9533,0
40.7391,-73.9988,0
40.7385,-73.9855,0
40.7626,-73.9884,0
40.7341,-73.9898,0
40.7387,-74.0035,0
40.7752,-73.9033,-1
40.787,-73.9718,0
40.7316,-73.9964,0
40.7165,-73.9902,0
40.7237,-74.0053,0
40.7766,-73.9526,0
40.6617,-73.9279,-1
40.705,-74.0101,0
40.7237,-73.9458,2
40.7262,-73.992,0
40.7714,-73.9079,-1
40.7597,-73.9857,0
40.7664,-73.96,0
40.7888,-73.9668,0
40.7932,-73.9673,0
40.7435,-73.9727,0
40.7158,-73.9995,0
40.6893,-73.9848,1
40.7254,-73.9519,2
40.7213,-73.998,0
40.7406,-73.9796,0
40.7188,-73.9534,2
40.7255,-73.9917,0
40.7507,-73.972,0
40.7825,-73.9729,0
40.7555,-73.9731,0
40.7841,-73.9544,0
40.7234,-74.0062,0
40.7363,-74.0075,0
40.7986,-73.973,0
40.6894,-73.9741,-1
40.7649,-73.9782,0
40.7655,-73.9585,0
40.7464,-73.9912,0
40.7191,-73.985,0
40.7442,-73.994,0
40.7521,-73.9697,0
40.7282,-74.0072,0
40.7375,-73.9841,0
40.7739,-73.9456,0
40.7169,-73.9402,2
40.6738,-73.9824,-1
40.7592,-73.9941,0
40.7748,-73.9507,0
40.7101,-73.9333,-1
40.7777,-73.986,0
40.7189,-73.9832,0
40.7863,-73.9781,0
40.7863,-73.9723,0
40.7748,-73.9912,0
40.7899,-73.9781,0
40.7722,-73.9468,0
40.7324,-73.98,0
40.7679,-73.9916,0
40.728,-73.9837,0
40.749,-73.9906,0
40.7672,-73.9842,0
40.7271,-73.986,0
40.7331,-73.9911,0
40.7648,-73.9939,0
40.7731,-73.9484,0
40.7431,-74.0063,0
40.726,-74.0007,0
40.7302,-73.9864,0
40.7186,-73.9619,2
40.7548,-73.9776,0
40.7883,-73.9783,0
40.7272,-73.9986,0
40.7743,-73.9812,0
40.7255,-73.9934,0
40.7255,-73.9477,2
40.7271,-73.9804,0
40.7646,-73.9957,0
40.7838,-73.9799,0
40.7494,-73.9839,0
40.7446,-73.9802,0
40.7031,-73.9847,0
40.7604,-73.9738,0
40.7782,-73.9526,0
40.6688,-73.9473,-1
40.746,-74.0078,0
40.6754,-73.9416,-1
40.7516,-73.9723,0
40.7618,-73.9712,0
40.7578,-73.9688,0
40.7112,-74.0058,0
40.7222,-73.984,0
40.7251,-73.9842,0
40.6813,-73.9293,-1
40.7202,-73.9552,2
40.7299,-73.9807,0
40.731,-73.9899,0
40.7247,-73.9918,0
40.7277,-73.9837,0
40.671,-73.9883,-1
40.6266,-73.9219,-1
40.7798,-73.9523,0
40.7835,-73.9513,0
40.7699,-73.8645,3
40.7733,-73.9664,0
40.743,-73.9777,0
40.7514,-73.9937,0
40.7451,-73.9725,0
40.7851,-73.9794,0
40.7376,-74.0041,0
40.6947,-73.9692,-1
40.7256,-74.0056,0
40.7108,-73.848,-1
40.7867,-73.9749,0
40.7253,-73.9762,0
40.7519,-73.9712,0
40.7734,-73.9592,0
40.762,-73.9814,0
40.7652,-73.9751,0
40.7394,-74.0027,0
40.6821,-73.9909,1
40.717,-74.0042,0
40.7577,-73.976,0
40.7287,-73.9861,0
40.7237,-73.9992,0
40.7352,-74.0055,0
40.7771,-73.952,0
40.7301,-73.9557,2
40.7615,-73.9997,0
40.7816,-73.9468,0
40.7123,-73.9642,2
40.7196,-74.0016,0
40.6972,-73.9949,1
40.7187,-73.9834,0
40.7277,-73.9838,0
40.7385,-73.9014,-1
40.7053,-74.0172,0
40.7543,-73.9776,0
40.7611,-73.9973,0
40.7311,-73.9816,0
40.7919,-73.9653,0
40.7492,-73.9922,0
40.7016,-73.9828,0
40.7382,-74.0094,0
40.7598,-73.9669,0
40.7136,-74.0064,0
40.7056,-73.9374,-1
40.7679,-73.9619,0
40.7388,-74.004,0
40.722,-73.9873,0
40.7272,-73.9465,2
40.7411,-74.0078,0
40.7822,-73.9761,0
40.7381,-74.0081,0
40.758,-73.9701,0
40.7203,-74.0022,0
40.7204,-73.9918,0
40.676,-73.936,-1
40.6326,-74.0295,-1
40.7373,-74.0016,0
40.7757,-73.9556,0
40.7287,-73.9862,0
40.7289,-73.9935,0
40.7614,-73.9996,0
40.7667,-73.971,0
40.7617,-74.0001,0
40.7625,-73.9966,0
40.6738,-73.9825,-1
40.7296,-73.9779,0
40.7688,-73.8672,3
40.7202,-74.0086,0
40.7293,-73.9812,0
40.7198,-74.0004,0
40.7396,-73.9809,0
40.7722,-73.9504,0
40.7254,-73.9763,0
40.7375,-73.9839,0
40.7824,-73.9728,0
40.7686,-73.9579,0
40.737,-73.996,0
40.7368,-73.9822,0
40.7452,-73.9725,0
40.7425,-73.9989,0
40.7175,-73.9914,0
40.7388,-73.9944,0
40.7787,-73.9562,0
40.7652,-73.9723,0
40.7384,-73.9855,0
40.7301,-73.9555,2
40.7198,-73.9832,0
40.7866,-73.9567,0
40.7895,-73.9801,0
40.7585,-73.9863,0
40.7443,-73.9769,0
40.7311,-73.9757,0
40.7522,-73.9895,0
40.7252,-73.9778,0
40.7254,-73.9875,0
40.727,-73.9876,0
40.7745,-73.9451,0
40.721,-74.004,0
40.7303,-73.9822,0
40.7843,-73.9833,0
40.7487,-73.9048,-1
40.7737,-73.948,0
40.7261,-74.0006,0
40.7752,-73.9776,0
40.7639,-73.9899,0
40.7643,-73.9791,0
40.7253,-73.9841,0
40.7513,-73.994,0
40.7217,-73.9493,2
40.7813,-73.9492,0
40.7851,-73.9707,0
40.7687,-73.958,0
40.7836,-73.9736,0
40.7206,-73.9862,0
40.7467,-74.0014,0
40.6717,-73.9519,-1
40.7293,-73.9819,0
40.7174,-74.0101,0
40.7368,-74.0042,0
40.7422,-73.9952,0
40.7202,-74.0012,0
40.6715,-73.9805,-1
40.7665,-73.9883,0
40.7381,-73.9963,0
40.7821,-73.9759,0
40.7228,-73.9826,0
40.7762,-73.9518,0
40.7303,-73.9843,0
40.7384,-73.9877,0
40.723,-73.9949,0
40.7357,-73.9991,0
40.7623,-73.9023,-1
40.7261,-73.9931,0
40.7768,-73.961,0
40.6852,-73.9335,-1
40.7364,-73.9786,0
40.7443,-73.9762,0
40.7302,-73.9888,0
40.7484,-73.9888,0
40.6636,-73.9941,-1
40.6777,-73.9731,-1
40.7598,-73.9859,0
40.7204,-73.9561,2
40.7326,-73.9815,0
40.7291,-73.9919,0
40.7261,-73.9873,0
40.7644,-73.9594,0
40.7748,-73.959,0
40.7268,-73.9854,0
40.7727,-73.9655,0
40.7628,-73.988,0
40.774,-73.8716,3
40.7313,-74.0037,0
40.7725,-73.9531,0
40.7049,-74.0166,0
40.744,-73.9858,0
40.7671,-73.968,0
40.7276,-74.0031,0
40.724,-73.9851,0
40.7151,-74.0159,0
40.7573,-73.9676,0
40.7315,-73.9753,0
40.7355,-74.0084,0
40.7736,-73.9818,0
40.7829,-73.9498,0
40.731,-73.9996,0
40.7544,-73.9927,0
40.7692,-73.9571,0
40.779,-73.9825,0
40.6639,-73.9394,-1
40.7522,-73.9858,0
40.7329,-73.9796,0
40.6857,-73.9878,1
40.7173,-73.9898,0
40.7628,-73.9579,0
40.7182,-73.9868,0
40.7443,-73.9916,0
40.7309,-73.9798,0
40.7781,-73.963,0
40.7243,-73.9887,0
40.7289,-73.9983,0
40.7338,-73.977,0
40.756,-73.9711,0
40.7932,-73.9747,0
40.7569,-73.9899,0
40.7558,-73.9629,0
40.7739,-73.9456,0
40.7215,-73.9823,0
40.7365,-74.0063,0
40.7482,-73.9733,0
40.7388,-74.0068,0
40.7533,-73.9668,0
40.72,-74.003,0
40.7856,-73.95,0
40.768,-73.9839,0
40.6785,-73.9637,-1
40.7054,-74.0078,0
40.7149,-73.9988,0
40.7408,-74.0048,0
40.7359,-73.9766,0
40.7195,-73.9996,0
40.7101,-74.0077,0
40.7386,-73.9738,0
40.7339,-73.9773,0
40.7056,-74.0076,0
40.7627,-73.9811,0
40.7244,-73.9999,0
40.7812,-73.9515,0
40.7409,-73.9956,0
40.7505,-73.979,0
40.7828,-73.9735,0
40.7322,-74.0053,0
40.7886,-73.9794,0
40.7513,-73.976,0
40.7199,-73.9987,0
40.7704,-73.9581,0
40.7181,-73.9567,2
40.7341,-73.9897,0
40.7863,-73.9686,0
40.7776,-73.9511,0
40.7387,-73.9979,0
40.7317,-73.9896,0
40.7757,-73.9558,0
40.7951,-73.9734,0
40.7254,-74.0001,0
40.722,-74.0041,0
40.7867,-73.9686,0
40.7165,-74.0164,0
40.6865,-73.9608,-1
40.7451,-73.9767,0
40.6756,-73.9778,-1
40.7245,-73.9786,0
40.7505,-73.9947,0
40.7779,-73.9554,0
40.732,-73.9863,0
40.7699,-73.9631,0
40.7694,-73.9576,0
40.7677,-73.9601,0
40.6953,-73.9703,-1
40.7322,-74.0016,0
40.7457,-73.9936,0
40.7763,-73.9803,0
40.7739,-73.8726,3
40.6857,-73.9858,1
40.765,-73.9746,0
40.7406,-74.0057,0
40.7754,-73.95,0
40.7679,-73.9916,0
40.7347,-74.0094,0
40.7662,-73.9817,0
40.7191,-73.9849,0
40.7412,-73.9982,0
40.7349,-73.98,0
40.7311,-73.9757,0
40.7896,-73.9772,0
40.7372,-73.9793,0
40.7208,-73.9567,2
40.7675,-73.9927,0
40.7296,-73.9966,0
40.7247,-74.0102,0
40.7416,-73.9833,0
40.7738,-73.9808,0
40.752,-73.9932,0
40.736,-73.9979,0
40.7799,-73.9817,0
40.7864,-73.9505,0
40.7585,-73.9613,0
40.7178,-73.994,0
40.7285,-73.9894,0
40.7246,-73.9986,0
40.7305,-74.0097,0
40.708,-73.954,2
40.7551,-73.9845,0
40.7709,-73.9635,0
40.7239,-73.9766,0
40.7726,-73.9591,0
40.7239,-73.984,0
40.7304,-73.9821,0
40.7415,-73.9875,0
40.7488,-73.9931,0
40.7215,-74.0099,0
40.7213,-73.9877,0
40.7747,-73.9521,0
40.7819,-73.9474,0
40.7264,-73.9833,0
40.7703,-73.9623,0
40.7652,-73.9754,0
40.7672,-73.9836,0
40.7607,-73.9987,0
40.7083,-73.9492,2
40.761,-73.9614,0
40.761,-73.9994,0
40.7244,-73.9974,0
40.7493,-73.9919,0
40.7245,-73.9833,0
40.7498,-73.9794,0
40.7684,-73.8624,3
40.7561,-73.9811,0
40.7481,-73.9878,0
40.7202,-73.9931,0
40.787,-73.9557,0
40.7605,-73.9716,0
40.7266,-74.0338,-1
40.7256,-73.9999,0
40.7182,-73.9943,0
40.7845,-73.9774,0
40.7281,-73.9829,0
40.7757,-73.9506,0
40.7765,-73.9529,0
40.762,-73.9709,0
40.7395,-73.9997,0
40.7444,-73.977,0
40.6735,-73.9519,-1
40.7327,-73.9775,0
40.7803,-73.9849,0
40.7272,-74.0058,0
40.7501,-73.9944,0
40.7714,-73.9662,0
40.7684,-73.8624,3
40.6832,-73.9569,-1
40.7794,-73.9755,0
40.7388,-74.0028,0
40.7684,-73.9574,0
40.7672,-73.9546,0
40.7482,-73.9847,0
40.7448,-73.9914,0
40.7207,-74.0037,0
40.7347,-74.0092,0
40.729,-73.983,0
40.6844,-73.9563,-1
40.7482,-73.9158,-1
40.7237,-73.9855,0
40.7808,-73.9566,0
40.717,-74.0039,0
40.7175,-74.0,0
40.7316,-74.0032,0
40.7123,-73.9945,0
40.7174,-74.0151,0
40.6925,-73.9903,1
40.755,-73.9709,0
40.7296,-73.9779,0
40.7497,-73.9789,0
40.7201,-74.0085,0
40.7208,-73.9803,0
40.6801,-73.9635,-1
40.7233,-73.9975,0
40.7662,-73.964,0
40.7284,-73.9818,0
40.7611,-73.9775,0
40.7741,-73.9789,0
40.7277,-73.98,0
40.7372,-73.9515,-1
40.7263,-73.9787,0
40.6762,-73.8616,-1
40.7381,-74.006,0
40.7313,-74.0101,0
40.7685,-73.8626,3
40.7611,-73.9891,0
40.744,-73.974,0
40.7631,-73.9818,0
40.7383,-73.9989,0
40.6988,-73.931,-1
40.7277,-73.9852,0
40.7682,-73.9843,0
40.7152,-74.0131,0
40.7112,-74.0057,0
40.7223,-74.0059,0
40.8144,-73.9495,-1
40.7577,-73.9888,0
40.7624,-73.9797,0
40.7747,-73.9899,0
40.6746,-73.98,-1
40.7248,-73.9806,0
40.7376,-74.0093,0
40.7307,-74.0101,0
40.72,-73.988,0
40.7198,-73.9952,0
40.7687,-73.9855,0
40.7211,-73.984,0
40.7342,-73.9875,0
40.6825,-73.9504,-1
40.745,-73.9347,-1
40.7589,-73.9939,0
40.7611,-73.987,0
40.7901,-73.9748,0
40.73,-73.9911,0
40.7731,-73.8855,-1
40.7729,-73.948,0
40.7158,-74.0161,0
40.7553,-73.9675,0
40.7377,-73.9806,0
40.8581,-73.9329,-1
40.7286,-73.9839,0
40.7327,-73.9876,0
40.7327,-73.99,0
40.747,-73.9966,0
40.7275,-73.9794,0
40.7592,-73.9945,0
40.7343,-73.9923,0
40.73,-73.9911,0
40.7414,-74.0014,0
40.7031,-73.9861,0
40.7318,-73.9953,0
40.7203,-74.0021,0
40.7593,-73.9846,0
40.7293,-73.9893,0
40.6877,-73.9737,-1
40.7594,-73.9943,0
40.7749,-73.9508,0
40.7268,-73.9796,0
40.7123,-73.9946,0
40.7645,-73.9638,0
40.7616,-73.9903,0
40.7794,-73.9576,0
40.7174,-74.016,0
40.7676,-73.991,0
40.7793,-73.9557,0
40.7248,-74.0006,0
40.7358,-73.9952,0
40.7322,-73.9925,0
40.7317,-74.0014,0
40.7592,-73.9942,0
40.6991,-73.9078,-1
40.7322,-74.0001,0
40.6909,-73.9842,1
40.7581,-73.9859,0
40.7666,-73.9689,0
40.7556,-73.9919,0
40.7592,-73.965,0
40.6639,-73.9876,-1
40.7338,-73.9899,0
40.7613,-73.9752,0
40.7267,-74.009,0
40.7255,-73.995,0
40.7699,-73.9845,0
40.7238,-74.0004,0
40.7716,-73.9489,0
40.7798,-73.956,0
40.7648,-73.9784,0
40.7229,-73.9959,0
40.6899,-73.9923,1
40.7788,-73.954,0
40.7261,-73.9951,0
40.7391,-73.9815,0
40.776,-73.956,0
40.7394,-73.9871,0
40.7298,-73.9897,0
40.742,-73.9809,0
40.776,-73.9555,0
40.7457,-73.9782,0
40.7253,-73.9537,2
40.7268,-73.9939,0
40.7977,-73.9691,0
40.766,-73.9604,0
40.7302,-74.0029,0
40.7277,-73.9925,0
40.7303,-73.9893,0
40.7484,-74.0019,0
40.7312,-73.9904,0
40.7902,-73.9769,0
40.7262,-73.9944,0
40.7339,-73.9899,0
40.7927,-73.9677,0
40.7622,-73.9583,0
40.7495,-73.9701,0
40.7934,-73.9744,0
40.7653,-73.9752,0
40.7423,-73.9989,0
40.6988,-73.9953,0
40.7275,-73.9852,0
40.7233,-73.9845,0
40.7325,-74.0096,0
40.7321,-74.0022,0
40.7335,-73.9869,0
40.7253,-73.9926,0
40.7348,-73.9861,0
40.7881,-73.972,0
40.7339,-73.9899,0
40.7731,-73.886,-1
40.7152,-74.0162,0
40.7499,-73.9736,0
40.7288,-73.9923,0
40.764,-73.9559,0
40.779,-73.9559,0
40.7735,-73.9812,0
40.7319,-73.9965,0
40.7351,-73.9858,0
40.7096,-74.015,0
40.7703,-73.865,3
40.7278,-74.0042,0
40.7278,-74.0042,0
40.7328,-73.986,0
40.7684,-73.9847,0
40.6706,-73.9887,-1
40.7742,-73.9617,0
40.7396,-74.0054,0
40.733,-73.9874,0
40.743,-73.9864,0
40.7558,-73.9722,0
40.7634,-73.9809,0
40.7725,-73.9607,0
40.7246,-73.9838,0
40.7337,-73.9809,0
40.7797,-73.9504,0
40.7744,-73.9616,0
40.7557,-73.9725,0
40.7779,-73.9887,0
40.7348,-73.9882,0
40.7186,-73.9919,0
40.7246,-73.9916,0
40.7751,-73.9633,0
40.72,-73.9554,2
40.7781,-73.9566,0
40.7162,-73.9416,2
40.7263,-73.9944,0
40.7224,-74.0015,0
40.7772,-73.9581,0
40.7273,-74.0008,0
40.7594,-73.9959,0
40.7685,-73.8624,3
40.7375,-74.0049,0
40.7248,-73.9944,0
40.7346,-74.0009,0
40.7448,-73.9974,0
40.78,-73.9552,0
40.745,-73.9949,0
40.7198,-73.9626,2
40.7086,-74.0048,0
40.6909,-73.936,-1
40.7418,-74.0038,0
40.7564,-73.9935,0
40.7401,-74.0059,0
40.6724,-73.9252,-1
40.7283,-73.9817,0
40.7147,-74.0109,0
40.7514,-74.0066,0
40.8581,-73.8844,-1
40.7708,-73.8658,3
40.7808,-73.9877,0
40.7733,-73.96,0
40.755,-73.9733,0
40.7127,-73.9654,2
40.781,-73.9725,0
40.7248,-73.9995,0
40.7354,-74.0043,0
40.6834,-73.9555,-1
40.7276,-73.9884,0
40.744,-73.9995,0
40.7792,-73.977,0
40.7242,-73.9828,0
40.727,-73.9767,0
40.7807,-73.9586,0
40.792,-73.9739,0
40.7831,-73.9592,0
40.7325,-73.9848,0
40.7314,-73.9828,0
40.7323,-73.9987,0
40.7244,-73.9911,0
40.7146,-73.982,0
40.7522,-73.9778,0
40.7722,-73.9528,0
40.7607,-73.9863,0
40.758,-73.962,0
40.7135,-73.962,2
40.7795,-73.9618,0
40.748,-73.9849,0
40.7537,-73.9744,0
40.6994,-73.9592,-1
40.7904,-73.973,0
40.7404,-73.9819,0
40.785,-73.9793,0
40.7438,-74.0062,0
40.7704,-73.9025,-1
40.7785,-73.9835,0
40.7767,-73.9511,0
40.737,-74.0076,0
40.7112,-74.0061,0
40.7239,-73.9992,0
40.7229,-73.9931,0
40.7484,-73.9885,0
40.7586,-73.9635,0
40.7691,-73.9828,0
40.7807,-73.9583,0
40.6308,-74.0252,-1
40.7301,-73.9564,2
40.7227,-73.9915,0
40.7754,-73.964,0
40.7071,-74.0167,0
40.7442,-73.9843,0
40.7296,-73.984,0
40.8011,-73.9526,0
40.6633,-73.9781,-1
40.77,-73.8647,3
40.7434,-73.9768,0
40.7804,-73.9571,0
40.7311,-73.9757,0
40.767,-73.962,0
40.7053,-74.0172,0
40.7499,-73.9812,0
40.7385,-73.9878,0
40.7424,-73.9937,0
40.7354,-73.9827,0
40.7827,-73.9512,0
40.7366,-73.9973,0
40.7428,-73.9803,0
40.7384,-73.9932,0
40.7749,-73.991,0
40.774,-73.8724,3
40.7186,-74.0056,0
40.7112,-74.0085,0
40.717,-74.0093,0
40.751,-73.9943,0
40.7188,-74.0011,0
40.733,-73.9751,0
40.7271,-74.0063,0
40.7192,-73.9998,0
40.7095,-74.0139,0
40.7217,-74.0103,0
40.7436,-73.979,0
40.7581,-73.9629,0
40.7803,-73.9574,0
40.7748,-73.991,0
40.7737,-73.9456,0
40.7289,-73.9883,0
40.7385,-73.9853,0
40.7385,-73.9853,0
40.7349,-74.0077,0
40.7614,-73.9996,0
40.7054,-74.0172,0
40.7329,-73.9754,0
40.7498,-73.9815,0
40.7585,-73.983,0
40.7556,-73.9749,0
40.7363,-74.0029,0
40.7398,-74.003,0
40.7492,-73.992,0
40.776,-73.944,0
40.7626,-73.9633,0
40.7545,-73.9695,0
40.7796,-73.9573,0
40.778,-73.9456,0
40.7587,-73.9861,0
40.7661,-73.9638,0
40.7481,-73.9915,0
40.7366,-73.9745,0
40.7444,-73.9846,0
40.7764,-73.9557,0
40.7168,-74.0144,0
40.7593,-73.9946,0
40.7274,-73.9415,2
40.7646,-73.9823,0
40.727,-73.9447,2
40.7894,-73.975,0
40.7596,-73.9851,0
40.7683,-73.9577,0
40.7433,-73.9861,0
40.6634,-73.9894,-1
40.7798,-73.9567,0
40.7936,-73.9733,0
40.775,-73.9508,0
40.7325,-73.977,0
40.7279,-73.9824,0
40.7968,-73.9728,0
40.7943,-73.9709,0
40.7721,-73.9526,0
40.7745,-73.9516,0
40.7375,-73.9804,0
40.72,-74.0002,0
40.7855,-73.9767,0
40.7388,-73.9852,0
40.7722,-73.9509,0
40.7634,-73.9805,0
40.7649,-73.9098,-1
40.7763,-73.9762,0
40.7642,-73.9946,0
40.7827,-73.9532,0
40.7763,-73.9761,0
40.7595,-73.9844,0
40.7419,-74.0036,0
40.7442,-73.9763,0
40.7722,-73.9463,0
40.7326,-73.9857,0
40.7747,-73.9654,0
40.7685,-73.8625,3
40.7303,-73.9899,0
40.7406,-73.9795,0
40.7769,-73.9574,0
40.7769,-73.9574,0
40.7478,-73.9909,0
40.7675,-73.9927,0
40.7252,-73.9832,0
40.7555,-73.9798,0
40.6948,-73.9835,1
40.7683,-73.993,0
40.735,-73.865,-1
40.7209,-73.9019,-1
40.7775,-73.9634,0
40.786,-73.9513,0
40.7961,-73.9689,0
40.7226,-73.9942,0
40.7844,-73.97,0
40.7233,-73.9913,0
40.7736,-73.9495,0
40.7407,-73.9897,0
40.7239,-73.9914,0
40.7444,-73.9854,0
40.7861,-73.9527,0
40.709,-74.0166,0
40.7333,-73.999,0
40.7209,-74.01,0
40.7734,-73.9633,0
40.7459,-74.0038,0
40.7739,-73.9484,0
40.7641,-73.9821,0
40.7772,-73.9753,0
40.7723,-73.9559,0
40.7456,-73.9719,0
40.7738,-73.9642,0
40.7731,-73.9515,0
40.7354,-74.0094,0
40.708,-74.0021,0
40.7841,-73.9776,0
40.7122,-73.9637,2
40.7876,-73.9677,0
40.7822,-73.9557,0
40.7588,-73.9835,0
40.7724,-73.9608,0
40.7735,-73.9495,0
40.7815,-73.9806,0
40.7436,-73.9885,0
40.6897,-74.0005,1
40.7473,-73.9564,0
40.7665,-73.9608,0
40.7234,-73.9939,0
40.7595,-73.9853,0
40.7204,-74.0001,0
40.7514,-73.994,0
40.7219,-74.003,0
40.7605,-73.9577,0
40.7651,-73.9803,0
40.7716,-73.9472,0
40.7346,-73.9899,0
40.7347,-73.9794,0
40.7602,-73.9816,0
40.7222,-74.0041,0
40.7133,-73.8282,-1
40.7689,-73.9666,0
40.7229,-73.9932,0
40.6878,-73.9912,1
40.7663,-73.9666,0
40.7645,-73.9616,0
40.7797,-73.9523,0
40.7171,-73.9935,0
40.7247,-73.9933,0
40.7875,-73.9751,0
40.7268,-73.989,0
40.7141,-73.9561,2
40.7148,-73.9968,0
40.774,-73.8719,3
40.7345,-73.9806,0
40.7367,-74.0066,0
40.7344,-73.9938,0
40.7642,-73.9674,0
40.7328,-73.9937,0
40.7298,-73.9807,0
40.7739,-73.8717,3
40.7706,-73.8654,3
40.7718,-73.9595,0
40.7588,-73.9894,0
40.7513,-73.994,0
40.7788,-73.9519,0
40.745,-73.9786,0
40.7791,-73.9776,0
40.7666,-73.9888,0
40.7323,-73.9805,0
40.7334,-73.9797,0
40.6935,-73.9679,-1
40.7452,-73.9913,0
40.7516,-73.9768,0
40.7407,-74.0046,0
40.7427,-73.9565,-1
40.7466,-73.9917,0
40.7355,-74.0039,0
40.743,-73.9872,0
40.6615,-73.9612,-1
40.7459,-74.0036,0
40.7271,-73.9896,0
40.7844,-73.9831,0
40.7756,-73.983,0
40.7252,-73.9803,0
40.7743,-73.8732,3
40.779,-73.9553,0
40.7324,-73.993,0
40.7615,-73.9699,0
40.7198,-73.9884,0
40.7552,-73.9838,0
40.7815,-73.9794,0
40.7231,-73.9976,0
40.7886,-73.9762,0
40.7186,-73.9569,2
40.7582,-73.989,0
40.7785,-73.9884,0
40.756,-73.8155,-1
40.7887,-73.9781,0
40.6936,-73.9516,-1
40.7654,-73.9613,0
40.7429,-73.9949,0
40.7231,-73.9974,0
40.7226,-73.996,0
40.7205,-73.9965,0
40.6707,-73.9737,-1
40.7076,-73.9478,2
40.7205,-73.9456,2
40.7222,-73.9944,0
40.6989,-73.9956,0
40.7642,-73.9731,0
40.761,-73.9678,0
40.7308,-73.9851,0
40.7327,-73.9982,0
40.7734,-73.9893,0
40.7806,-73.9464,0
40.7635,-73.9824,0
40.7303,-73.9863,0
40.723,-73.9954,0
40.7196,-73.9947,0
40.7284,-73.9819,0
40.7793,-73.9507,0
40.7263,-73.9926,0
40.7162,-73.9488,2
40.7514,-73.993,0
40.7786,-73.9451,0
40.7846,-73.9579,0
40.7846,-73.9579,0
40.7835,-73.9707,0
40.7617,-73.9693,0
40.7553,-73.9752,0
40.7742,-73.8719,3
40.7263,-73.9928,0
40.7856,-73.9703,0
40.7641,-73.9788,0
40.7861,-73.9815,0
40.7707,-73.9575,0
40.7523,-73.982,0
40.7497,-73.9936,0
40.7644,-73.9656,0
40.718,-74.0098,0
40.7558,-73.9634,0
40.7493,-73.9923,0
40.6959,-73.9939,1
40.7655,-73.9821,0
40.7382,-73.9892,0
40.7221,-73.9966,0
40.7289,-74.0034,0
40.7516,-73.9779,0
40.7458,-73.9882,0
40.7334,-73.9898,0
40.7763,-73.9467,0
40.7724,-73.9497,0
40.7309,-73.9931,0
40.7265,-73.9864,0
40.685,-73.984,1
40.7555,-73.9731,0
40.7663,-73.9606,0
40.7317,-73.9756,0
40.727,-73.9802,0
40.7741,-73.8726,3
40.7345,-73.9859,0
40.7633,-73.9807,0
40.7244,-73.9877,0
40.7433,-73.9802,0
40.7765,-73.9821,0
40.7765,-73.9821,0
40.7503,-73.9912,0
40.7412,-73.9985,0
40.7466,-73.9918,0
40.7561,-73.9727,0
40.7386,-73.9854,0
40.7664,-73.9606,0
40.7663,-73.9779,0
40.7368,-73.9888,0
40.7533,-73.9782,0
40.7149,-74.0119,0
40.7778,-73.9591,0
40.759,-73.9899,0
40.7691,-73.9812,0
40.7247,-74.0008,0
40.7372,-73.9867,0
40.7804,-73.9756,0
40.7328,-73.9921,0
40.7643,-73.9832,0
40.775,-73.9471,0
40.7601,-73.9612,0
40.7825,-73.9776,0
40.7622,-73.9957,0
40.7247,-73.9936,0
40.7739,-73.8727,3
40.7647,-73.9708,0
40.7185,-73.9977,0
40.716,-74.0075,0
40.6456,-73.9028,-1
40.7709,-73.8659,3
40.7305,-73.9587,2
40.7158,-73.9422,2
40.7422,-73.9988,0
40.7437,-73.9926,0
40.7584,-73.9673,0
40.774,-73.8724,3
40.763,-73.9855,0
40.7745,-73.9593,0
40.7604,-73.9912,0
40.761,-73.9839,0
40.7513,-74.0029,0
40.7831,-73.9524,0
40.6916,-73.9301,-1
40.721,-73.9609,2
40.7192,-74.0003,0
40.7428,-73.9808,0
40.7725,-73.9531,0
40.7442,-73.9748,0
40.7568,-73.9758,0
40.7568,-73.9758,0
40.7769,-73.9781,0
40.7702,-73.9557,0
40.7776,-73.9814,0
40.7856,-73.9501,0
40.7856,-73.9501,0
40.7753,-73.9834,0
40.7402,-73.9886,0
40.7514,-73.9805,0
40.7521,-73.9478,0
40.7377,-73.9804,0
40.7278,-73.9944,0
40.7776,-73.9567,0
40.7854,-73.9805,0
40.7561,-73.9737,0
40.7379,-73.9857,0
40.7221,-73.9834,0
40.7365,-73.989,0
40.773,-73.9462,0
40.7463,-73.9841,0
40.7271,-73.9841,0
40.7157,-74.0049,0
40.8351,-73.946,-1
40.7549,-73.9637,0
40.7714,-73.9901,0
40.7735,-73.9656,0
40.734,-73.9808,0
40.8267,-73.949,-1
40.7036,-74.0098,0
40.7374,-73.999,0
40.7801,-73.9731,0
40.7582,-73.9866,0
40.734,-73.9931,0
40.7347,-73.9946,0
40.7218,-73.9846,0
40.7574,-73.9785,0
40.7887,-73.9553,0
40.7377,-74.0092,0
40.7501,-73.9837,0
40.7171,-74.0144,0
40.7596,-73.9859,0
40.7353,-74.0052,0
40.7443,-73.9922,0
40.7438,-73.9884,0
40.6654,-74.0757,-1
40.6654,-74.0757,-1
40.7823,-73.9759,0
40.7406,-74.0052,0
40.7485,-73.9886,0
40.7701,-73.9624,0
40.7353,-73.9983,0
40.739,-74.0024,0
40.7806,-73.9583,0
40.7388,-74.0056,0
40.7293,-73.9782,0
40.7733,-73.9572,0
40.7645,-73.9688,0
40.7487,-74.0045,0
40.7439,-74.001,0
40.6896,-73.9709,-1
40.759,-73.9944,0
40.769,-73.9568,0
40.7396,-73.9927,0
40.7385,-73.9855,0
40.7527,-73.9813,0
40.7361,-73.9919,0
40.7603,-74.0027,0
40.764,-73.9923,0
40.7232,-73.9975,0
40.7426,-73.9866,0
40.7443,-73.9842,0
40.745,-73.9871,0
40.7645,-73.9777,0
40.7489,-73.9924,0
40.7076,-74.0093,0
40.7708,-73.8657,3
40.7738,-73.9458,0
40.7524,-73.99,0
40.7423,-73.9989,0
40.7204,-74.0108,0
40.7691,-73.9827,0
40.7499,-73.9923,0
40.7546,-73.9775,0
40.7686,-73.9848,0
40.7558,-73.9921,0
40.7503,-73.9736,0
40.7719,-73.9611,0
40.7327,-73.9815,0
40.7717,-73.9502,0
40.7569,-73.9612,0
40.7569,-73.9612,0
40.7775,-73.9832,0
40.7637,-73.9934,0
40.7637,-73.9934,0
40.7644,-73.9956,0
40.7858,-73.969,0
40.7708,-73.9836,0
40.7259,-73.9927,0
40.7327,-73.9816,0
40.7372,-73.9792,0
40.7917,-73.9783,0
40.7452,-73.9767,0
40.7748,-73.954,0
40.7413,-73.9999,0
40.7383,-74.0022,0
40.7454,-73.991,0
40.7487,-73.9927,0
40.741,-73.9942,0
40.7779,-73.9887,0
40.7662,-73.9916,0
40.7473,-73.9736,0
40.7302,-73.9894,0
40.7277,-73.9852,0
40.7489,-73.9877,0
40.7378,-73.9555,-1
40.7705,-73.9562,0
40.7342,-74.0013,0
40.7339,-73.9808,0
40.7729,-73.9647,0
40.7615,-73.9741,0
40.7437,-74.0073,0
40.7561,-73.9904,0
40.74,-73.9972,0
40.7286,-73.9952,0
40.745,-74.005,0
40.7602,-73.9875,0
40.7005,-73.9916,0
40.7211,-73.985,0
40.7715,-73.9804,0
40.7706,-73.9643,0
40.726,-73.9835,0
40.7625,-73.97,0
40.7499,-74.0025,0
40.7604,-73.9807,0
40.7555,-73.9815,0
40.7911,-73.9534,0
40.7646,-73.9705,0
40.7197,-73.9829,0
40.7716,-73.9592,0
40.7708,-73.8657,3
40.7309,-74.005,0
40.7741,-73.9775,0
40.7642,-73.9824,0
40.8093,-73.9518,-1
40.7361,-73.9979,0
40.7433,-73.9938,0
40.7215,-73.993,0
40.7663,-73.9877,0
40.7882,-73.9782,0
40.7265,-73.9771,0
40.7361,-73.998,0
40.7405,-73.9889,0
40.7387,-73.9855,0
40.7639,-73.9734,0
40.7348,-73.9993,0
40.7597,-73.9895,0
40.7743,-73.9595,0
40.7795,-73.9619,0
40.686,-73.9909,1
40.7241,-73.9826,0
40.7397,-74.0004,0
40.7823,-73.9801,0
40.7391,-73.9988,0
40.7377,-73.9842,0
40.7614,-73.9985,0
40.7766,-73.9495,0
40.7339,-73.9805,0
40.7759,-73.9562,0
40.7654,-73.9755,0
40.765,-73.9918,0
40.7647,-73.9605,0
40.7647,-73.9605,0
40.7231,-73.9969,0
40.724,-73.9991,0
40.7246,-73.9916,0
40.7751,-73.9631,0
40.7275,-73.9833,0
40.7143,-73.9204,-1
40.7291,-73.998,0
40.7545,-73.9764,0
40.7833,-73.9553,0
40.773,-73.8741,3
40.7214,-74.0014,0
40.7265,-73.9918,0
40.7364,-73.9988,0
40.7685,-73.958,0
40.7898,-73.9662,0
40.7215,-73.9974,0
40.7407,-74.0056,0
40.7889,-73.9667,0
40.744,-73.9993,0
40.7768,-73.9865,0
40.7299,-73.9808,0
40.7503,-73.987,0
40.7364,-73.9908,0
40.7787,-73.9536,0
40.781,-73.9567,0
40.7575,-73.9848,0
40.7216,-73.9977,0
40.7564,-73.9818,0
40.7293,-73.9812,0
40.7886,-73.9771,0
40.6569,-73.9622,-1
40.7405,-73.982,0
40.7337,-74.0063,0
40.7567,-73.9827,0
40.7293,-73.9837,0
40.7254,-73.9763,0
40.7734,-73.9817,0
40.7781,-73.9624,0
40.8327,-74.1183,-1
40.7764,-73.9559,0
40.7787,-73.948,0
40.7871,-73.9682,0
40.7674,-73.9668,0
40.758,-73.9645,0
40.756,-73.9633,0
40.77,-73.9569,0
40.7645,-73.9697,0
40.7888,-73.9742,0
40.738,-73.9865,0
40.7412,-74.0059,0
40.7775,-73.9888,0
40.7221,-74.0082,0
40.7772,-73.9753,0
40.7755,-73.9904,0
40.7373,-73.9945,0
40.698,-73.9849,1
40.7283,-73.9998,0
40.7653,-73.9752,0
40.7741,-73.8721,3
40.6861,-73.9567,-1
40.8271,-73.9988,-1
40.7864,-73.9686,0
40.7473,-73.9777,0
40.7201,-74.0085,0
40.776,-73.9572,0
40.7351,-73.9853,0
40.727,-73.9487,2
40.7805,-73.9559,0
40.7362,-73.9871,0
40.7883,-73.9748,0
40.7733,-73.945,0
40.7407,-74.0045,0
40.7649,-73.9607,0
40.7695,-73.9809,0
40.7666,-73.9784,0
40.7915,-73.9535,0
40.7614,-73.9996,0
40.7507,-73.9809,0
40.7891,-73.954,0
40.7606,-73.9761,0
40.7229,-74.002,0
40.7164,-74.0112,0
40.7269,-73.9876,0
40.7483,-73.9747,0
40.7531,-74.0035,0
40.779,-73.9765,0
40.6804,-73.9688,-1
40.7745,-73.9557,0
40.7209,-74.0041,0
40.7326,-74.0011,0
40.7512,-73.9347,-1
40.7166,-74.0148,0
40.7499,-73.9707,0
40.7198,-73.9847,0
40.7679,-73.9896,0
40.7313,-74.0096,0
40.7606,-73.9976,0
40.7295,-73.9782,0
40.6702,-73.9477,-1
40.7255,-73.9765,0
40.7214,-74.0034,0
40.7544,-73.9794,0
40.7489,-73.99,0
40.7727,-73.9475,0
40.784,-73.9836,0
40.7416,-73.9992,0
40.7671,-73.9698,0
40.7214,-73.9808,0
40.7634,-73.989,0
40.69,-73.9378,-1
40.7527,-73.9929,0
40.7338,-74.0045,0
40.7199,-73.9832,0
40.7689,-73.9588,0
40.7208,-74.0039,0
40.7562,-73.9797,0
40.7024,-73.9871,0
40.8087,-73.9666,0
40.7188,-73.9534,2
40.6842,-73.8211,-1
40.7356,-73.9831,0
40.7264,-74.009,0
40.7684,-73.9847,0
40.7747,-73.9843,0
40.6551,-73.9765,-1
40.74,-73.992,0
40.7383,-73.9835,0
40.7606,-73.9985,0
40.7548,-73.9958,0
40.7472,-73.9898,0
40.7501,-73.9943,0
40.7511,-73.9941,0
40.775,-73.9281,-1
40.7633,-73.9806,0
40.7203,-73.9873,0
40.7328,-73.9906,0
40.7558,-73.9786,0
40.7216,-73.9804,0
40.7643,-73.9831,0
40.7203,-74.0021,0
40.722,-73.9804,0
40.7558,-73.9813,0
40.7552,-73.9732,0
40.7388,-74.0025,0
40.72,-73.9407,2
40.7418,-73.9968,0
40.7588,-73.977,0
40.7721,-73.948,0
40.7571,-73.9845,0
40.7433,-73.9917,0
40.7452,-73.9771,0
40.7958,-73.9665,0
40.7495,-73.9522,-1
40.7356,-73.9795,0
40.726,-73.9865,0
40.7387,-74.0065,0
40.8016,-73.9664,0
40.7609,-73.9989,0
40.7842,-73.9835,0
40.7094,-74.0148,0
40.7427,-73.9808,0
40.7521,-73.9717,0
40.7777,-73.9448,0
40.7717,-73.9887,0
40.7238,-73.9898,0
40.7741,-73.8725,3
40.7363,-73.9772,0
40.7169,-74.0123,0
40.7686,-73.9538,0
40.7743,-73.9885,0
40.7751,-73.9551,0
40.7357,-73.9924,0
40.6946,-73.9691,-1
40.7298,-73.9808,0
40.7321,-74.0022,0
40.733,-73.9811,0
40.7749,-73.949,0
40.7645,-73.9807,0
40.7631,-73.9662,0
40.73,-73.9753,0
40.7798,-73.9576,0
40.7704,-73.9853,0
40.7606,-73.986,0
40.7837,-73.9758,0
40.7253,-73.982,0
40.741,-73.9804,0
40.7324,-73.9767,0
40.7349,-73.9793,0
40.7236,-74.0112,0
40.7624,-73.9787,0
40.7474,-73.99,0
40.7481,-74.0051,0
40.7675,-73.9926,0
40.74,-73.999,0
40.7196,-73.9903,0
40.7281,-73.9759,0
40.7496,-73.9816,0
40.7186,-73.9835,0
40.778,-73.9456,0
40.7061,-74.0098,0
40.7262,-73.9383,2
40.7373,-73.9968,0
40.7306,-74.0091,0
40.7466,-73.9975,0
40.7551,-73.9844,0
40.7591,-73.9943,0
40.7891,-73.9549,0
40.6841,-73.9591,-1
40.7212,-73.9794,0
40.6933,-73.9995,1
40.7747,-73.99,0
40.7673,-73.9548,0
40.8091,-73.9519,-1
40.7785,-73.9481,0
40.716,-73.9933,0
40.7458,-73.9882,0
40.755,-73.9881,0
40.7411,-74.0079,0
40.6886,-73.9679,-1
40.7732,-73.9491,0
40.783,-73.9572,0
40.7546,-73.966,0
40.7269,-73.9857,0
40.7623,-73.9862,0
40.753,-73.9813,0
40.7338,-73.9805,0
40.7405,-73.9891,0
40.7615,-73.9577,0
40.7627,-73.982,0
40.7517,-73.9903,0
40.7733,-73.9551,0
40.7037,-73.9895,0
40.7867,-73.9566,0
40.7618,-73.9718,0
40.7332,-73.9779,0
40.729,-73.9843,0
40.7585,-73.9635,0
40.7758,-73.9634,0
40.752,-73.9934,0
40.7084,-73.9404,2
40.7328,-73.9876,0
40.7234,-73.9824,0
40.7145,-73.9797,0
40.7402,-74.0058,0
40.7667,-73.9575,0
40.6696,-73.9732,-1
40.8004,-73.9714,0
40.6852,-73.9265,-1
40.7565,-73.9901,0
40.7646,-73.9838,0
40.7455,-73.976,0
40.7438,-73.9929,0
40.7604,-73.9639,0
40.7563,-73.9745,0
40.7394,-73.994,0
40.7816,-73.949,0
40.7263,-73.994,0
40.7716,-73.9827,0
40.7745,-73.9836,0
40.7803,-73.9502,0
40.7257,-74.0021,0
40.7748,-73.991,0
40.7471,-73.992,0
40.7721,-73.946,0
40.7268,-73.989,0
40.7299,-74.0038,0
40.747,-73.9734,0
40.7405,-74.0043,0
40.7779,-73.9525,0
40.75,-73.9834,0
40.7198,-73.9579,2
40.7607,-73.9982,0
40.724,-73.99,0
40.7206,-73.9488,2
40.7471,-73.9972,0
40.72,-73.9882,0
40.7367,-74.0047,0
40.7713,-73.9474,0
40.6934,-73.9404,-1
40.7236,-73.9938,0
40.7713,-73.9898,0
40.6972,-73.9949,1
40.7781,-73.9545,0
40.7629,-73.9819,0
40.6986,-73.9952,1
40.7222,-73.9857,0
40.731,-73.9859,0
40.7278,-73.9839,0
40.744,-73.9734,0
40.678,-73.9794,-1
40.7472,-73.9935,0
40.7666,-73.9882,0
40.7238,-74.0038,0
40.704,-74.0087,0
40.697,-73.9647,-1
40.7252,-73.9416,2
40.7553,-73.9179,-1
40.741,-73.9927,0
40.7639,-73.9784,0
40.7088,-73.9425,2
40.7493,-73.9884,0
40.7595,-73.9882,0
40.7746,-73.9909,0
40.7608,-73.9989,0
40.7445,-73.9761,0
40.7187,-73.9641,2
40.7806,-73.9466,0
40.727,-73.9948,0
40.7246,-73.9876,0
40.719,-73.987,0
40.7721,-73.9528,0
40.767,-73.9843,0
40.7741,-73.9456,0
40.7757,-73.9591,0
40.7647,-73.9643,0
40.7677,-73.9677,0
40.7152,-73.9926,0
40.7675,-73.9918,0
40.7301,-74.0042,0
40.753,-74.004,0
40.7917,-73.9758,0
40.6823,-73.9575,-1
40.7336,-73.9976,0
40.7266,-73.9361,-1
40.7788,-73.9821,0
40.677,-73.9514,-1
40.8079,-73.964,0
40.7658,-73.9885,0
40.7783,-73.9586,0
40.8154,-73.992,-1
40.7868,-73.9731,0
40.7552,-73.9929,0
40.751,-74.0042,0
40.7732,-73.9547,0
40.7222,-73.984,0
40.7828,-73.9532,0
40.7712,-73.9616,0
40.6773,-73.9627,-1
40.7756,-73.951,0
40.7824,-73.9549,0
40.6963,-73.9426,-1
40.6769,-73.9986,-1
40.7363,-73.9746,0
40.7926,-73.9677,0
40.7372,-74.0037,0
40.734,-73.9985,0
40.7773,-73.9806,0
40.7663,-73.9591,0
40.724,-73.9841,0
40.7752,-73.9841,0
40.7327,-74.002,0
40.7446,-73.9438,-1
40.7814,-73.9833,0
40.7305,-73.9779,0
40.7476,-74.0005,0
40.7764,-73.9623,0
40.7688,-73.9634,0
40.7457,-73.957,0
40.7067,-74.0086,0
40.7582,-73.9922,0
40.7642,-73.979,0
40.8249,-73.9528,-1
40.7198,-73.995,0
40.7531,-73.9839,0
40.7381,-73.9742,0
40.7325,-73.9968,0
40.7553,-73.992,0
40.7814,-73.9563,0
40.8448,-73.941,-1
40.7217,-73.9988,0
40.7438,-74.0307,-1
40.7205,-73.9964,0
40.7868,-73.9533,0
40.751,-73.9966,0
40.7933,-73.9747,0
40.7438,-73.9929,0
40.7485,-73.9802,0
40.723,-73.9931,0
40.751,-74.0062,0
40.7788,-73.9581,0
40.7832,-73.9551,0
40.7565,-73.9823,0
40.691,-73.9418,-1
40.789,-73.9667,0
40.6975,-73.9948,1
40.7557,-73.9634,0
40.7527,-73.995,0
40.7833,-73.9548,0
40.7227,-73.994,0
40.7306,-74.0098,0
40.7074,-74.0083,0
40.7158,-74.0064,0
40.77,-73.9552,0
40.7688,-73.9926,0
40.765,-73.9611,0
40.7023,-73.9272,-1
40.7615,-73.9687,0
40.7265,-73.979,0
40.6651,-73.9834,-1
40.7229,-74.008,0
40.7591,-73.9883,0
40.6788,-74.002,-1
40.7928,-73.9673,0
40.7836,-73.9505,0
40.7684,-73.985,0
40.7834,-73.957,0
40.7842,-73.9748,0
40.7739,-73.9888,0
40.7439,-73.9973,0
40.7368,-73.9783,0
40.7642,-73.9731,0
40.6294,-74.0401,-1
40.7568,-73.9724,0
40.733,-73.9958,0
40.758,-73.9659,0
40.7178,-73.9998,0
40.762,-73.97,0
40.7715,-73.9825,0
40.7102,-74.0152,0
40.7307,-73.978,0
40.723,-74.0023,0
40.7451,-73.994,0
40.7253,-73.9763,0
40.7226,-73.9944,0
40.7555,-73.9816,0
40.7147,-73.9638,2
40.7711,-73.9871,0
40.7677,-73.9836,0
40.7955,-73.973,0
40.7779,-73.9486,0
40.7797,-73.9462,0
40.759,-73.961,0
40.7737,-73.9478,0
40.7503,-73.986,0
40.7497,-73.9797,0
40.759,-73.9943,0
40.7429,-73.8831,-1
40.7816,-73.9525,0
40.7931,-73.9673,0
40.7219,-73.9874,0
40.7808,-73.9607,0
40.7055,-74.01,0
40.7094,-74.0086,0
40.7148,-74.0057,0
40.7529,-73.9795,0
40.7237,-74.0106,0
40.7639,-73.9585,0
40.78,-73.9567,0
40.676,-73.9608,-1
40.7432,-73.9914,0
40.729,-73.9844,0
40.7371,-74.0023,0
40.7249,-74.0046,0
40.7857,-73.9783,0
40.7494,-73.9735,0
40.7598,-73.9872,0
40.7484,-73.9904,0
40.7334,-74.0053,0
40.7656,-73.9529,0
40.749,-73.9801,0
40.7032,-73.985,0
40.7472,-73.9854,0
40.7369,-74.0035,0
40.7756,-73.9626,0
40.7683,-73.8625,3
40.7328,-73.9882,0
40.7559,-73.9918,0
40.7761,-73.9445,0
40.7784,-73.9886,0
40.7277,-73.9893,0
40.7276,-73.9835,0
40.7591,-73.9862,0
40.7246,-73.9917,0
40.6894,-74.0006,1
40.6861,-73.9739,-1
40.7853,-73.9775,0
40.7106,-73.9668,2
40.7799,-73.9532,0
40.7685,-73.9576,0
40.7446,-73.9916,0
40.7806,-73.9561,0
40.7375,-74.0058,0
40.742,-73.9972,0
40.7219,-74.0073,0
40.7543,-73.9394,-1
40.7441,-73.9836,0
40.7219,-74.0041,0
40.7253,-73.9877,0
40.7183,-73.9988,0
40.7857,-73.9763,0
40.7702,-73.9804,0
40.7225,-74.0097,0
40.7469,-73.9857,0
40.74,-73.98,0
40.7873,-73.9719,0
40.7202,-73.9552,2
40.7456,-73.9992,0
40.7438,-74.0063,0
40.7698,-73.9807,0
40.7715,-73.9567,0
40.7244,-73.8561,-1
40.6957,-73.9969,1
40.8261,-73.8215,-1
40.7693,-73.9549,0
40.75,-73.9859,0
40.781,-73.9815,0
40.7762,-73.9603,0
40.781,-73.9815,0
40.7614,-73.9996,0
40.7696,-73.9648,0
40.7583,-73.9602,0
40.7315,-74.0049,0
40.7588,-73.986,0
40.687,-73.9937,1
40.7611,-73.9694,0
40.7749,-73.9788,0
40.7456,-73.9929,0
40.6985,-73.8456,-1
40.7716,-73.9593,0
40.7172,-73.9925,0
40.7532,-73.9928,0
40.7797,-73.9541,0
40.7365,-73.9815,0
40.7222,-74.0,0
40.7414,-73.9795,0
40.731,-73.9788,0
40.7324,-73.9902,0
40.723,-73.9567,2
40.7827,-73.9592,0
40.7519,-73.993,0
40.7255,-74.0,0
40.7375,-73.9821,0
40.7786,-73.9474,0
40.7341,-73.9866,0
40.7554,-73.9823,0
40.6851,-73.9999,1
40.7427,-73.9946,0
40.7203,-73.9983,0
40.7788,-73.9561,0
40.7324,-73.9851,0
40.7207,-73.9843,0
40.7704,-73.9621,0
40.7231,-73.9941,0
40.7948,-73.9719,0
40.7376,-73.9802,0
40.7399,-74.0051,0
40.7392,-73.984,0
40.7514,-73.9938,0
40.7372,-73.9942,0
40.7308,-74.0032,0
40.7232,-74.0097,0
40.7205,-74.0088,0
40.7502,-73.9833,0
40.7691,-73.9592,0
40.77,-73.9552,0
40.7714,-73.9898,0
40.7605,-73.9934,0
40.7339,-73.9806,0
40.7311,-73.9858,0
40.7407,-74.0021,0
40.704,-74.0126,0
40.7307,-73.987,0
40.7585,-73.9862,0
40.7778,-73.9487,0
40.7553,-73.993,0
40.7661,-73.9892,0
40.7236,-73.9938,0
40.7785,-73.9774,0
40.7516,-73.9938,0
40.7383,-73.9739,0
40.7507,-73.9715,0
40.7196,-73.9923,0
40.761,-73.9986,0
40.6891,-73.9971,1
40.7178,-73.96,2
40.7555,-73.9633,0
40.7229,-73.9834,0
40.7452,-73.977,0
40.7466,-74.0086,0
40.7594,-73.987,0
40.7722,-73.9898,0
40.703,-73.9847,0
40.7238,-74.0035,0
40.7428,-73.9809,0
40.7678,-73.968,0
40.6884,-73.9599,-1
40.7366,-74.0064,0
40.6947,-73.9552,-1
40.7416,-73.9832,0
40.7363,-73.9968,0
40.7357,-73.9793,0
40.7766,-73.9556,0
40.6218,-73.9472,-1
40.787,-73.9719,0
40.7651,-73.9616,0
40.7816,-73.9486,0
40.7645,-73.9688,0
40.7161,-74.0078,0
40.7609,-73.9946,0
40.7754,-73.9639,0
40.7784,-73.957,0
40.7889,-73.9545,0
40.7408,-73.9817,0
40.7488,-73.9822,0
40.7842,-73.9814,0
40.7568,-73.9846,0
40.7731,-73.9546,0
40.7277,-73.98,0
40.7379,-74.0395,-1
40.7734,-73.9531,0
40.7892,-73.9757,0
40.7388,-74.0087,0
40.7746,-73.9898,0
40.7617,-73.9902,0
40.734,-73.99,0
40.6948,-73.9552,-1
40.7822,-73.982,0
40.7261,-73.9799,0
40.7193,-74.0105,0
40.7603,-73.9594,0
40.7361,-74.0041,0
40.7622,-73.9583,0
40.7316,-73.993,0
40.7254,-73.9764,0
40.7523,-73.9934,0
40.7354,-73.9984,0
40.7662,-73.9796,0
40.7299,-73.999,0
40.7459,-73.992,0
40.7677,-73.9642,0
40.743,-73.9795,0
40.7749,-73.9488,0
40.7881,-73.9535,0
40.7095,-74.0117,0
40.7467,-73.9783,0
40.6868,-73.9838,1
40.749,-73.9923,0
40.7709,-73.9536,0
40.7459,-73.978,0
40.758,-73.9798,0
40.7268,-74.0001,0
40.7646,-73.9831,0
40.7724,-73.9814,0
40.7604,-73.9682,0
40.6959,-73.9446,-1
40.7236,-73.9871,0
40.7631,-73.9625,0
40.7366,-73.9818,0
40.7923,-73.9776,0
40.7631,-73.9189,-1
40.6773,-73.9944,1
40.7798,-73.9556,0
40.7297,-73.9811,0
40.777,-73.9596,0
40.8183,-73.9393,-1
40.6879,-73.9955,1
40.7378,-74.0046,0
40.7287,-73.9984,0
40.7447,-73.9761,0
40.7439,-73.9778,0
40.7473,-73.9722,0
40.7919,-73.9653,0
40.8421,-73.9384,-1
40.682,-74.0056,-1
40.7422,-73.995,0
40.6763,-73.9714,-1
40.7361,-73.9918,0
40.7372,-73.9866,0
40.7057,-74.0054,0
40.7653,-73.9753,0
40.789,-73.9803,0
40.8121,-73.936,-1
40.7772,-73.9783,0
40.7589,-73.9749,0
40.7286,-74.0018,0
40.7563,-73.973,0
40.7367,-73.9856,0
40.6848,-74.0017,1
40.8532,-73.931,-1
40.7253,-73.9892,0
40.7726,-73.9532,0
40.7268,-73.9909,0
40.7462,-73.9821,0
40.7654,-73.9811,0
40.7583,-73.9603,0
40.739,-73.9815,0
40.7468,-73.9937,0
40.7124,-73.9423,2
40.7411,-73.9926,0
40.7501,-73.9942,0
40.7439,-73.9834,0
40.7519,-73.9937,0
40.7372,-73.9731,0
40.6759,-74.0015,-1
40.7392,-73.987,0
40.7778,-73.9753,0
40.638,-73.9734,-1
40.7096,-74.0084,0
40.7769,-73.977,0
40.7239,-73.99,0
40.6573,-73.9792,-1
40.7603,-73.928,-1
40.7175,-73.9628,2
40.7716,-73.9613,0
40.7732,-73.9516,0
40.7358,-74.0051,0
40.723,-73.994,0
40.7454,-74.0064,0
40.7402,-74.0022,0
40.6781,-74.007,-1
40.757,-73.9894,0
40.7477,-74.0063,0
40.7136,-73.9883,0
40.7752,-73.9453,0
40.7624,-73.988,0
40.7593,-73.992,0
40.7182,-73.9538,2
40.7781,-73.9456,0
40.732,-73.9968,0
40.7947,-73.9665,0
40.7851,-73.9515,0
40.6917,-73.9844,1
40.7356,-74.0079,0
40.7311,-73.9744,0
40.7455,-73.9984,0
40.7801,-73.9817,0
40.7725,-73.9531,0
40.7452,-73.9982,0
40.7625,-73.9866,0
40.7344,-74.009,0
40.7725,-73.9532,0
40.6848,-73.9672,-1
40.7563,-73.9876,0
40.747,-73.99,0
40.759,-73.9725,0
40.7388,-74.0087,0
40.7163,-73.9911,0
40.7381,-74.0073,0
40.7449,-73.9765,0
40.7778,-73.9887,0
40.7334,-73.9971,0
40.7594,-73.9882,0
40.7778,-73.9887,0
40.6879,-73.9956,1
40.7249,-73.9815,0
40.7841,-73.974,0
40.7649,-73.9904,0
40.7584,-73.961,0
40.6791,-73.9666,-1
40.7312,-74.0094,0
40.763,-73.9662,0
40.7372,-73.9814,0
40.7381,-73.9857,0
40.6884,-73.9729,-1
40.7643,-73.9947,0
40.7835,-73.9493,0
40.737,-73.9887,0
40.7226,-73.9938,0
40.7237,-74.0051,0
40.6272,-73.9686,-1
40.7772,-73.9784,0
40.7444,-73.9964,0
40.7348,-73.9868,0
40.775,-73.961,0
40.7275,-73.9448,2
40.7228,-73.9924,0
40.7207,-73.995,0
40.7767,-73.982,0
40.7198,-73.961,2
40.7258,-73.9948,0
40.7705,-73.9564,0
40.7443,-73.9844,0
40.7452,-73.9982,0
40.7501,-73.9949,0
40.7638,-73.9787,0
40.7638,-73.9787,0
40.725,-73.9922,0
40.621,-73.9319,-1
40.7184,-74.0107,0
40.7682,-73.9618,0
40.7755,-73.9504,0
40.7237,-74.0107,0
40.7299,-74.0043,0
40.6733,-73.9652,-1
40.7683,-73.8622,3
40.7268,-73.987,0
40.755,-73.9638,0
40.6927,-73.9557,-1
40.7031,-73.9858,0
40.738,-74.0006,0
40.792,-73.9773,0
40.7202,-74.0106,0
40.7555,-73.9952,0
40.7517,-73.9863,0
40.7231,-73.996,0
40.7807,-73.9501,0
40.7261,-73.9918,0
40.7741,-73.8726,3
40.7773,-73.9605,0
40.7382,-74.009,0
40.6825,-73.9961,1
40.7488,-73.99,0
40.7204,-73.9798,0
40.7772,-73.9552,0
40.7483,-73.9746,0
40.7217,-73.9826,0
40.7242,-73.848,-1
40.737,-74.0083,0
40.7734,-73.9056,-1
40.709,-74.0141,0
40.7706,-73.9879,0
40.7255,-73.9978,0
40.7302,-73.9835,0
40.7978,-73.9695,0
40.7281,-73.979,0
40.7323,-73.9866,0
40.7335,-73.9899,0
40.7611,-73.999,0
40.7859,-73.9707,0
40.7837,-73.9555,0
40.7132,-73.9618,2
40.7376,-74.0045,0
40.7179,-73.9599,2
40.6888,-73.9895,1
40.7347,-74.0094,0
40.7044,-74.0098,0
40.7697,-73.9506,0
40.7513,-73.9762,0
40.7432,-73.9954,0
40.7723,-73.9511,0
40.7463,-73.9717,0
40.7474,-73.9853,0
40.7772,-73.9552,0
40.7287,-74.0054,0
40.7443,-73.9856,0
40.7218,-73.992,0
40.7574,-73.976,0
40.7514,-73.9941,0
40.7492,-73.9799,0
40.7037,-73.9846,0
40.7411,-73.9789,0
40.7366,-73.9971,0
40.761,-73.9975,0
40.7606,-73.9668,0
40.7567,-73.9889,0
40.7752,-73.9907,0
40.7209,-74.004,0
40.7191,-74.0041,0
40.7525,-73.9858,0
40.7355,-73.997,0
40.7641,-73.9787,0
40.7521,-73.9777,0
40.6256,-73.9534,-1
40.7151,-74.0055,0
40.6934,-73.9667,-1
40.7483,-73.9805,0
40.751,-74.0055,0
40.7099,-73.948,2
40.78,-73.9814,0
40.7555,-73.9935,0
40.7707,-73.9629,0
40.737,-74.0,0
40.7283,-73.982,0
40.7829,-73.9551,0
40.6412,-73.894,-1
40.7181,-74.0055,0
40.7618,-73.978,0
40.7591,-73.9944,0
40.7595,-73.9955,0
40.7475,-73.9789,0
40.745,-73.9888,0
40.7668,-73.9871,0
40.7372,-73.9964,0
40.7218,-73.9997,0
40.7074,-74.0072,0
40.7781,-73.9523,0
40.7481,-74.0051,0
40.7752,-73.9594,0
40.7159,-73.9446,2
40.7604,-73.9599,0
40.7563,-73.9873,0
40.7383,-74.0061,0
40.7297,-74.0007,0
40.772,-73.95,0
40.7916,-73.953,0
40.7397,-74.0276,-1
40.7702,-73.988,0
40.6913,-73.9902,1
40.7394,-73.9844,0
40.7499,-73.986,0
40.6963,-73.9881,1
40.7684,-73.9575,0
40.7276,-73.953,2
40.7598,-73.9781,0
40.7689,-73.9686,0
40.7524,-73.9932,0
40.7275,-74.0007,0
40.7251,-73.9795,0
40.805,-73.9543,-1
40.7724,-73.9526,0
40.7531,-73.9811,0
40.7623,-73.96,0
40.6897,-73.9661,-1
40.7381,-73.9813,0
40.777,-73.9539,0
40.7808,-73.9496,0
40.7592,-73.9957,0
40.7476,-73.9825,0
40.7368,-73.9952,0
40.7581,-73.9692,0
40.7452,-73.9768,0
40.7494,-73.9754,0
40.7323,-74.0075,0
40.7761,-73.9797,0
40.7238,-73.9946,0
40.7421,-74.0039,0
40.7764,-73.9764,0
40.721,-74.0041,0
40.7394,-73.9886,0
40.7647,-73.9781,0
40.7774,-73.9606,0
40.771,-73.9808,0
40.759,-73.9767,0
40.7466,-73.9724,0
40.7334,-74.0026,0
40.7442,-73.9724,0
40.7777,-73.9548,0
40.7184,-73.9831,0
40.774,-73.8731,3
40.7554,-73.9815,0
40.7641,-73.9787,0
40.7607,-73.9785,0
40.7856,-73.9524,0
40.7598,-73.9724,0
40.7271,-73.9879,0
40.7318,-73.9946,0
40.7151,-74.0018,0
40.742,-73.9912,0
40.7574,-73.8342,-1
40.7838,-73.9547,0
40.7553,-73.9931,0
40.7498,-73.9815,0
40.7371,-73.9901,0
40.7553,-73.982,0
40.7901,-73.9784,0
40.7721,-73.9521,0
40.752,-73.9752,0
40.7807,-73.987,0
40.7501,-73.9831,0
40.7749,-73.9612,0
40.7748,-73.991,0
40.762,-73.9826,0
40.7662,-73.9602,0
40.7261,-73.9909,0
40.7519,-73.9804,0
40.7366,-73.9804,0
40.7227,-73.9946,0
40.7141,-74.0095,0
40.7142,-73.9443,2
40.7766,-73.9528,0
40.7744,-73.9636,0
40.782,-73.9537,0
40.7725,-73.9496,0
40.7228,-73.993,0
40.742,-73.9911,0
40.7527,-73.9931,0
40.7414,-73.9238,-1
40.7093,-73.9619,2
40.7807,-73.9813,0
40.7323,-73.9965,0
40.7735,-73.9472,0
40.6777,-73.9818,-1
40.7742,-73.9617,0
40.7395,-73.9828,0
40.7412,-73.9926,0
40.7236,-73.9962,0
40.7421,-73.9831,0
40.7274,-73.9995,0
40.7455,-73.9989,0
40.7613,-73.9994,0
40.7192,-73.9851,0
40.7325,-73.9951,0
40.7734,-73.9471,0
40.7387,-73.9833,0
40.7428,-74.0001,0
40.7797,-73.9762,0
40.7733,-73.9449,0
40.7375,-74.0051,0
40.7251,-73.9476,2
40.7667,-73.9687,0
40.7723,-73.9546,0
40.7972,-73.9734,0
40.7348,-73.9861,0
40.7824,-73.956,0
40.7687,-73.9501,0
40.7496,-73.9926,0
40.7347,-74.0061,0
40.7438,-74.0066,0
40.7796,-73.9505,0
40.7976,-73.9735,0
40.7742,-73.9525,0
40.7743,-73.9592,0
40.7308,-73.9955,0
40.7356,-73.9831,0
40.788,-73.9517,0
40.7819,-73.9774,0
40.6844,-73.992,1
40.7325,-74.0076,0
40.7531,-73.9899,0
40.7779,-73.954,0
40.7835,-73.9732,0
40.7532,-73.9964,0
40.7611,-73.9975,0
40.7645,-73.9688,0
40.7499,-73.9702,0
40.7326,-73.9849,0
40.7481,-73.9819,0
40.7878,-73.9753,0
40.7739,-73.9561,0
40.7642,-73.983,0
40.7452,-73.991,0
40.7443,-73.9727,0
40.6741,-73.9725,-1
40.7381,-74.0056,0
40.7267,-73.9962,0
40.7799,-73.9446,0
40.7604,-73.9817,0
40.7407,-73.9797,0
40.7811,-73.957,0
40.7679,-73.9916,0
40.7454,-74.0022,0
40.7785,-73.945,0
40.7687,-73.9855,0
40.7744,-73.9773,0
40.7933,-73.9673,0
40.7506,-73.9857,0
40.737,-74.0025,0
40.7347,-74.0093,0
40.7583,-73.9748,0
40.7091,-73.9477,2
40.7109,-74.0092,0
40.7212,-73.9992,0
40.7644,-73.9829,0
40.7766,-73.9793,0
40.7404,-73.9862,0
40.7999,-73.97,0
40.7692,-73.9815,0
40.7299,-73.9869,0
40.6973,-73.9648,-1
40.6899,-73.9799,1
40.7395,-73.9826,0
40.7325,-73.9969,0
40.7385,-73.9919,0
40.7228,-74.0046,0
40.7582,-73.9921,0
40.7932,-73.9519,0
40.7621,-73.9583,0
40.7269,-73.9909,0
40.774,-73.9077,-1
40.7828,-73.9595,0
40.7454,-74.0026,0
40.737,-73.9784,0
40.7272,-73.9798,0
40.6866,-73.9878,1
40.7915,-73.9742,0
40.7079,-73.9564,2
40.7747,-73.99,0
40.723,-73.9949,0
40.724,-73.9963,0
40.7536,-73.9715,0
40.7737,-73.9478,0
40.7342,-73.9937,0
40.7204,-73.9999,0
40.7714,-73.9506,0
40.7242,-73.9849,0
40.7716,-73.9509,0
40.7405,-73.9929,0
40.7291,-74.0035,0
40.7251,-73.9907,0
40.7557,-73.9822,0
40.7588,-73.9726,0
40.7366,-73.9974,0
40.7348,-73.9859,0
40.7561,-73.9727,0
40.7898,-73.9741,0
40.7501,-73.9943,0
40.7027,-73.886,-1
40.7916,-73.9527,0
40.7777,-73.9553,0
40.7365,-73.9817,0
40.7863,-73.954,0
40.754,-73.9932,0
40.7873,-73.9721,0
40.7899,-73.9774,0
40.7648,-73.9587,0
40.721,-73.9938,0
40.7371,-73.9866,0
40.683,-73.9459,-1
40.7635,-73.9793,0
40.7735,-73.9494,0
40.7169,-74.0121,0
40.7483,-73.9939,0
40.7829,-73.9556,0
40.7733,-73.9664,0
40.7872,-73.9738,0
40.6843,-73.9905,1
40.7225,-73.9831,0
40.7644,-73.9617,0
40.7376,-74.0082,0
40.7809,-73.9793,0
40.7791,-73.9883,0
40.8189,-73.9424,-1
40.7277,-73.9837,0
40.779,-73.9559,0
40.7553,-73.9683,0
40.7178,-73.9637,2
40.7464,-73.9972,0
40.748,-74.005,0
40.7503,-73.9948,0
40.7502,-73.9744,0
40.6698,-73.951,-1
40.7383,-73.9856,0
40.7668,-73.9669,0
40.7584,-73.972,0
40.7344,-73.9801,0
40.6948,-73.9652,-1
40.7699,-73.9605,0
40.7629,-73.9825,0
40.7232,-73.9954,0
40.6918,-73.9696,-1
40.756,-73.9929,0
40.736,-73.9859,0
40.7866,-73.9725,0
40.7092,-73.969,0
40.6197,-74.0202,-1
40.7338,-74.0045,0
40.6933,-73.9718,-1
40.7357,-73.9797,0
40.7321,-73.9865,0
40.7321,-73.9865,0
40.784,-73.9546,0
40.7339,-74.0093,0
40.7827,-73.9734,0
40.7683,-73.9821,0
40.7166,-74.0164,0
40.7135,-73.9655,2
40.7759,-73.983,0
40.7266,-73.9867,0
40.75,-73.9942,0
40.7443,-73.974,0
40.7139,-74.0091,0
40.779,-73.9765,0
40.7314,-73.9908,0
40.7869,-73.9731,0
40.7757,-73.9606,0
40.7525,-73.9785,0
40.7428,-73.9565,-1
40.7385,-73.9855,0
40.793,-73.9758,0
40.735,-73.9986,0
40.7268,-73.9891,0
40.7682,-73.9843,0
40.7545,-73.9918,0
40.7784,-73.9509,0
40.6716,-73.9842,-1
40.6961,-73.9965,1
40.779,-73.9825,0
40.6749,-73.9783,-1
40.7246,-73.994,0
40.7924,-73.9764,0
40.7578,-73.9891,0
40.7582,-73.9601,0
40.7851,-73.9709,0
40.6746,-73.9737,-1
40.7357,-74.0006,0
40.7381,-74.0035,0
40.7344,-74.009,0
40.7901,-73.966,0
40.7744,-73.981,0
40.7817,-73.9757,0
40.7532,-73.9965,0
40.7075,-74.0073,0
40.7093,-74.0084,0
40.7216,-73.9979,0
40.736,-73.9958,0
40.7392,-73.9837,0
40.7774,-73.9565,0
40.7442,-73.9979,0
40.7179,-74.0144,0
40.7886,-73.9706,0
40.7695,-73.9623,0
40.7785,-73.9817,0
40.6811,-74.0026,-1
40.7329,-73.9976,0
40.7309,-73.9932,0
40.7907,-73.9729,0
40.7432,-73.9841,0
40.6296,-73.9222,-1
40.7756,-73.9563,0
40.7195,-73.9878,0
40.7948,-73.9762,0
40.7599,-73.9862,0
40.7504,-73.9942,0
40.7427,-73.9923,0
40.7411,-73.9961,0
40.7395,-73.9997,0
40.7713,-73.9644,0
40.7789,-73.956,0
40.776,-73.9574,0
40.7388,-74.0026,0
40.7862,-73.953,0
40.7194,-73.9901,0
40.7607,-73.9866,0
40.7213,-73.9796,0
40.7436,-73.9905,0
40.7441,-73.8554,-1
40.7761,-73.9616,0
40.7433,-74.0014,0
40.7697,-73.9626,0
40.7925,-73.9678,0
40.7244,-73.9926,0
40.7158,-73.9915,0
40.7477,-73.9731,0
40.7665,-73.9608,0
40.7381,-73.9907,0
40.7548,-73.9812,0
40.7075,-74.0057,0
40.7303,-73.9801,0
40.7636,-73.9637,0
40.6695,-73.9406,-1
40.7847,-73.9809,0
40.7045,-74.0068,0
40.6866,-73.9955,1
40.7201,-74.0001,0
40.7809,-73.9839,0
40.6842,-73.9994,1
40.7472,-73.9812,0
40.7554,-73.9754,0
40.7789,-73.952,0
40.7727,-73.9474,0
40.7385,-73.9834,0
40.6861,-73.9122,-1
40.7561,-73.9855,0
40.7453,-73.9912,0
40.7195,-73.9923,0
40.7441,-73.9916,0
40.7548,-73.9644,0
40.7888,-73.981,0
40.7737,-73.9798,0
40.7299,-73.999,0
40.7565,-73.9725,0
40.7194,-73.9954,0
40.777,-73.9618,0
40.7453,-73.9558,-1
40.7463,-73.9886,0
40.7393,-73.9828,0
40.7222,-74.0082,0
40.7563,-73.993,0
40.7617,-74.0013,0
40.7421,-73.9949,0
40.7159,-74.0068,0
40.7073,-74.0096,0
40.7327,-73.9836,0
40.7951,-73.9725,0
40.7812,-73.9778,0
40.7772,-73.9889,0
40.7235,-74.0106,0
40.7335,-73.976,0
40.7506,-73.9946,0
40.7735,-73.9615,0
40.7176,-73.9918,0
40.7248,-73.9986,0
40.6918,-73.9844,1
40.7729,-73.9561,0
40.7302,-74.0069,0
40.7388,-73.9881,0
40.7319,-73.9856,0
40.7782,-73.9458,0
40.7208,-74.004,0
40.72,-74.0107,0
40.7372,-73.9864,0
40.7798,-73.9462,0
40.7536,-73.9925,0
40.7673,-73.9845,0
40.7524,-73.9933,0
40.7562,-73.9926,0
40.7233,-73.9913,0
40.7311,-73.9817,0
40.7588,-73.9896,0
40.734,-73.9805,0
40.737,-74.0028,0
40.7559,-73.9906,0
40.7604,-73.9581,0
40.7837,-73.9818,0
40.7908,-73.9767,0
40.7205,-73.9845,0
40.7637,-73.9656,0
40.7606,-73.9919,0
40.7379,-73.9736,0
40.7145,-74.0083,0
40.781,-73.9533,0
40.698,-73.9304,-1
40.7835,-73.9546,0
40.6896,-73.9283,-1
40.7454,-73.9787,0
40.7645,-73.9785,0
40.7288,-73.9762,0
40.7469,-73.9938,0
40.7793,-73.9848,0
40.7645,-73.9657,0
40.7213,-73.9561,2
40.7139,-73.9987,0
40.7747,-73.9901,0
40.7381,-74.0035,0
40.7584,-73.9885,0
40.7747,-73.9482,0
40.7664,-73.9862,0
40.7393,-73.9731,0
40.746,-73.9768,0
40.7659,-73.9636,0
40.7826,-73.9847,0
40.7179,-74.0057,0
40.7392,-73.9934,0
40.7768,-73.9492,0
40.7596,-73.9898,0
40.6659,-73.9795,-1
40.7666,-73.9611,0
40.7551,-73.9926,0
40.688,-73.9855,1
40.7266,-73.9483,2
40.761,-73.9576,0
40.7243,-73.9831,0
40.7172,-73.9935,0
40.7907,-73.9767,0
40.7724,-73.9466,0
40.7651,-73.9767,0
40.7648,-73.9647,0
40.7679,-73.9682,0
40.7039,-73.9353,-1
40.7551,-73.9052,-1
40.742,-74.0037,0
40.7322,-74.0066,0
40.7867,-73.9683,0
40.7684,-73.9847,0
40.746,-73.9942,0
40.7592,-73.9945,0
40.7636,-73.9599,0
40.7275,-74.0015,0
40.7682,-73.9588,0
40.7749,-73.9903,0
40.7518,-73.9945,0
40.7675,-73.9944,0
40.6353,-74.0232,-1
40.7591,-73.9943,0
40.7713,-73.9052,-1
40.706,-74.0081,0
40.7318,-73.9854,0
40.7651,-73.9661,0
40.7337,-73.9772,0
40.7667,-73.9886,0
40.7339,-73.9804,0
40.772,-73.953,0
40.7252,-73.9949,0
40.7707,-73.8655,3
40.7376,-73.9966,0
40.7725,-73.981,0
40.7024,-73.9529,2
40.7448,-73.978,0
40.7552,-73.9751,0
40.7352,-73.9797,0
40.7308,-73.9759,0
40.7795,-73.9838,0
40.6703,-73.987,-1
40.7324,-73.9946,0
40.7558,-73.9916,0
40.763,-73.9762,0
40.7539,-73.9819,0
40.7239,-73.9765,0
40.7521,-73.9854,0
40.7344,-74.0085,0
40.7443,-73.9762,0
40.7789,-73.9483,0
40.7246,-73.9916,0
40.7914,-73.9778,0
40.7616,-73.975,0
40.7844,-73.9737,0
40.7892,-73.9806,0
40.7377,-73.9824,0
40.7449,-73.984,0
40.7262,-74.0095,0
40.7525,-73.9795,0
40.745,-73.9891,0
40.7766,-73.9487,0
40.7182,-74.0054,0
40.7672,-73.9585,0
40.7512,-73.9813,0
40.7236,-74.0103,0
40.7663,-73.9623,0
40.736,-73.9858,0
40.776,-73.9527,0
40.7564,-73.9623,0
40.7882,-73.9544,0
40.6922,-73.9629,-1
40.7241,-73.9883,0
40.7635,-73.9574,0
40.7242,-73.9788,0
40.7575,-73.9666,0
40.7574,-73.9707,0
40.768,-73.9544,0
40.7732,-73.9624,0
40.7245,-73.9924,0
40.7739,-73.8734,3
40.7748,-73.9806,0
40.77,-73.8645,3
40.7595,-73.9886,0
40.7391,-73.9873,0
40.7489,-73.8631,-1
40.738,-73.9837,0
40.7743,-73.9483,0
40.7288,-73.9816,0
40.7328,-73.9846,0
40.7437,-73.9774,0
40.7642,-73.981,0
40.7641,-73.9731,0
40.7484,-73.9803,0
40.7066,-74.0096,0
40.7604,-73.9599,0
40.732,-73.9821,0
40.749,-73.9921,0
40.749,-73.9921,0
40.7567,-73.9983,0
40.7825,-73.9828,0
40.7248,-73.9904,0
40.7461,-73.982,0
40.7313,-73.9824,0
40.7703,-73.8997,-1
40.7526,-73.9734,0
40.7453,-73.991,0
40.7901,-73.9744,0
40.747,-73.9935,0
40.7315,-74.0018,0
40.6935,-73.9927,1
40.7326,-73.9759,0
40.7627,-73.9832,0
40.7478,-73.985,0
40.7752,-73.9818,0
40.7695,-73.9598,0
40.7488,-73.9926,0
40.6352,-73.9662,-1
40.7422,-73.9988,0
40.7541,-73.9941,0
40.7154,-73.9831,0
40.7518,-73.9937,0
40.757,-73.9822,0
40.7834,-73.9707,0
40.7228,-73.9931,0
40.7289,-73.9848,0
40.7273,-74.0019,0
40.7168,-73.9402,2
40.7333,-73.9957,0
40.7236,-73.9824,0
40.7859,-73.9724,0
40.7228,-73.9831,0
40.7232,-73.9528,2
40.7811,-73.9514,0
40.7744,-73.9555,0
40.7236,-74.0107,0
40.7594,-73.9812,0
40.772,-73.962,0
40.7701,-73.9647,0
40.7665,-73.9782,0
40.6651,-73.9832,-1
40.7684,-73.8624,3
40.7747,-73.9912,0
40.778,-73.9784,0
40.7324,-73.9991,0
40.7184,-73.9616,2
40.7996,-73.97,0
40.7572,-73.9837,0
40.7386,-73.992,0
40.7374,-73.9813,0
40.711,-73.8279,-1
40.711,-73.8279,-1
40.7736,-73.9549,0
40.6774,-73.9638,-1
40.7761,-73.9617,0
40.7221,-74.0018,0
40.7287,-74.0054,0
40.6759,-73.9532,-1
40.7567,-73.9886,0
40.7235,-73.9912,0
40.7369,-73.9743,0
40.6762,-73.9977,-1
40.7375,-73.9839,0
40.7468,-73.9937,0
40.7168,-73.9894,0
40.7753,-73.9576,0
40.7462,-73.982,0
40.7279,-74.0011,0
40.7743,-73.9911,0
40.7217,-74.0032,0
40.7597,-73.9858,0
40.7765,-73.9507,0
40.7464,-73.9444,-1
40.7254,-73.992,0
40.6815,-73.9535,-1
40.7428,-73.9925,0
40.7199,-73.9893,0
40.7237,-74.0053,0
40.7237,-74.0053,0
40.7267,-73.9995,0
40.7804,-73.9853,0
40.7375,-73.9859,0
40.7051,-74.0106,0
40.6598,-73.9848,-1
40.7734,-73.9472,0
40.7738,-73.9561,0
40.7691,-73.9812,0
40.7382,-73.9962,0
40.7332,-73.9873,0
40.7294,-73.987,0
40.7898,-73.9755,0
40.7633,-73.9648,0
40.7666,-73.9527,0
40.7605,-74.0014,0
40.774,-73.8727,3
40.7552,-73.9733,0
40.7277,-73.9823,0
40.7006,-73.9397,-1
40.713,-73.9947,0
40.7085,-74.0092,0
40.7932,-73.9673,0
40.7916,-73.9531,0
40.7611,-73.9716,0
40.7518,-73.971,0
40.7297,-73.9809,0
40.7891,-73.9743,0
40.6863,-73.9497,-1
40.7338,-73.9805,0
40.6845,-73.9269,-1
40.776,-73.9613,0
40.782,-73.956,0
40.7563,-73.9973,0
40.7428,-73.9966,0
40.7499,-74.0026,0
40.723,-73.9905,0
40.7711,-73.9597,0
40.7322,-73.9824,0
40.7949,-73.9665,0
40.7179,-73.9411,2
40.7881,-73.972,0
40.7162,-74.0124,0
40.7765,-73.9582,0
40.7606,-73.9855,0
40.7456,-73.9782,0
40.7828,-73.9796,0
40.758,-73.9642,0
40.7591,-73.9747,0
40.7617,-73.9749,0
40.7589,-73.9879,0
40.6948,-73.9475,-1
40.7308,-73.9929,0
40.7686,-73.8627,3
40.6844,-73.992,1
40.7585,-73.9613,0
40.7672,-73.9902,0
40.7493,-73.9919,0
40.7349,-73.9987,0
40.6962,-73.9878,1
40.7719,-73.9611,0
40.729,-74.0053,0
40.7784,-73.9855,0
40.7715,-73.9506,0
40.7504,-73.9735,0
40.7441,-73.984,0
40.7225,-73.9975,0
40.735,-73.9944,0
40.7354,-73.9963,0
40.7346,-73.9927,0
40.7216,-73.9995,0
40.7224,-74.011,0
40.7504,-73.9696,0
40.7512,-73.9757,0
40.7376,-73.9878,0
40.7827,-73.9728,0
40.7407,-73.9797,0
40.7374,-74.0064,0
40.7437,-74.0065,0
40.7127,-73.9659,2
40.724,-73.9911,0
40.7423,-73.9914,0
40.7239,-73.979,0
40.7449,-73.9728,0
40.7445,-73.973,0
40.7741,-73.9593,0
40.7839,-73.9776,0
40.7623,-73.988,0
40.7236,-73.9882,0
40.7436,-74.0003,0
40.79,-73.9743,0
40.7203,-74.0412,-1
40.724,-73.9901,0
40.7726,-73.9473,0
40.7772,-73.9752,0
40.7924,-73.9743,0
40.7705,-73.9504,0
40.7819,-73.9773,0
40.731,-74.0013,0
40.7746,-73.9542,0
40.7323,-73.9927,0
40.7724,-73.9497,0
40.795,-73.9762,0
40.6872,-73.9288,-1
40.7411,-74.0078,0
40.7142,-74.0103,0
40.7279,-74.002,0
40.7871,-73.968,0
40.7226,-73.987,0
40.7246,-73.9848,0
40.7246,-73.9848,0
40.7489,-73.9731,0
40.7596,-73.9852,0
40.7636,-73.9828,0
40.717,-74.0122,0
40.7293,-73.9799,0
40.7199,-73.988,0
40.7452,-73.9766,0
40.7249,-73.9984,0
40.7783,-73.9488,0
40.7749,-73.9788,0
40.7721,-73.9641,0
40.6846,-73.9449,-1
40.7358,-73.9856,0
40.7638,-73.9758,0
40.7652,-73.9877,0
40.7783,-73.9568,0
40.7591,-73.9942,0
40.7939,-73.9758,0
40.7811,-73.9773,0
40.7378,-73.9887,0
40.7351,-74.006,0
40.7328,-73.9997,0
40.7795,-73.9477,0
40.7686,-73.958,0
40.727,-73.9894,0
40.7278,-73.9959,0
40.7241,-74.0033,0
40.7854,-73.9693,0
40.6839,-73.9619,-1
40.7681,-73.9589,0
40.7775,-73.9809,0
40.7394,-73.992,0
40.7478,-73.9771,0
40.7292,-74.0025,0
40.7384,-73.9832,0
40.7366,-73.9787,0
40.7449,-73.9997,0
40.731,-73.9758,0
40.7281,-73.9937,0
40.7423,-73.9848,0
40.7809,-73.9837,0
40.7361,-73.9863,0
40.7797,-73.9481,0
40.7534,-73.9809,0
40.681,-74.0009,1
40.7358,-73.9817,0
40.7247,-73.9822,0
40.7739,-73.9565,0
40.7299,-73.9927,0
40.7321,-73.9941,0
40.7412,-73.9923,0
40.7521,-73.9773,0
40.7215,-74.0035,0
40.7723,-73.9667,0
40.748,-74.005,0
40.7528,-73.9793,0
40.7738,-73.9481,0
40.78,-73.9567,0
40.6591,-73.9562,-1
40.7815,-73.9521,0
40.7467,-73.9917,0
40.7467,-73.9917,0
40.7842,-73.9513,0
40.7208,-73.9953,0
40.7536,-73.9851,0
40.7327,-73.988,0
40.7772,-73.9614,0
40.7225,-74.0105,0
40.7598,-73.9763,0
40.7759,-73.9899,0
40.7438,-74.0063,0
40.7781,-73.9456,0
40.7384,-73.9856,0
40.6862,-73.9706,-1
40.7167,-73.9958,0
40.7707,-73.9508,0
40.7647,-73.9588,0
40.7384,-73.9989,0
40.7197,-73.9876,0
40.7714,-73.9831,0
40.7649,-73.9663,0
40.7633,-73.9742,0
40.7338,-74.0085,0
40.7367,-73.9787,0
40.7906,-73.9799,0
40.7231,-73.994,0
40.7383,-74.0081,0
40.7158,-74.0045,0
40.7464,-73.9799,0
40.8238,-73.9441,-1
40.7563,-73.9728,0
40.7661,-73.9603,0
40.7456,-74.0069,0
40.7202,-73.9874,0
40.7741,-73.8725,3
40.7304,-73.982,0
40.7641,-73.9542,0
40.7696,-73.9563,0
40.732,-73.9863,0
40.7425,-73.9994,0
40.7382,-73.9962,0
40.8309,-73.9306,-1
40.6952,-73.9644,-1
40.7352,-74.0014,0
40.7833,-73.9787,0
40.7462,-73.9715,0
40.7158,-74.0032,0
40.7843,-73.973,0
40.7842,-73.9568,0
40.7615,-73.9881,0
40.7434,-73.9863,0
40.7249,-73.9811,0
40.7357,-73.998,0
40.7164,-73.9555,2
40.7168,-73.9895,0
40.7194,-73.9878,0
40.7657,-73.9705,0
40.7904,-73.9716,0
40.655,-73.9791,-1
40.7236,-73.9777,0
40.7289,-73.9846,0
40.7405,-73.9891,0
40.7799,-73.9807,0
40.7261,-74.0091,0
40.7626,-73.9947,0
40.7385,-73.9996,0
40.7443,-73.9854,0
40.769,-73.9923,0
40.7448,-73.9951,0
40.7187,-73.9433,2
40.7538,-73.973,0
40.7857,-73.9566,0
40.8091,-73.9403,-1
40.7406,-73.9903,0
40.6921,-73.9843,1
40.7521,-73.9835,0
40.7481,-74.0002,0
40.7556,-73.9728,0
40.7467,-73.9921,0
40.7848,-73.9792,0
40.7377,-74.0046,0
40.7212,-73.9814,0
40.7304,-74.0079,0
40.7595,-73.9813,0
40.7589,-73.9896,0
40.7483,-73.989,0
40.7212,-73.9556,2
40.748,-74.0031,0
40.7751,-73.9451,0
40.7306,-73.9806,0
40.6803,-73.9837,1
40.6865,-73.9234,-1
40.7812,-73.9535,0
40.7213,-74.032,-1
40.778,-73.9456,0
40.7741,-73.9886,0
40.7243,-73.949,2
40.7893,-73.9788,0
40.8242,-73.9392,-1
40.7735,-73.9493,0
40.7817,-73.9794,0
40.7733,-73.987,0
40.7804,-73.95,0
40.7343,-73.9781,0
40.7586,-73.9615,0
40.7613,-73.9994,0
40.76,-73.9923,0
40.7299,-73.999,0
40.766,-73.9769,0
40.779,-73.9483,0
40.7447,-73.9989,0
40.7325,-73.985,0
40.7567,-73.9723,0
40.763,-73.9641,0
40.6215,-73.9254,-1
40.7748,-73.9901,0
40.7755,-73.9904,0
40.7357,-74.0024,0
40.7064,-74.0092,0
40.7254,-73.9457,2
40.7218,-73.9507,2
40.7531,-73.9926,0
40.7325,-74.0098,0
40.7229,-73.9828,0
40.7377,-73.994,0
40.729,-73.9849,0
40.786,-73.9726,0
40.7583,-73.9925,0
40.7901,-73.9753,0
40.7756,-73.9604,0
40.7539,-73.9923,0
40.7646,-73.9807,0
40.7082,-74.0071,0
40.7897,-73.9774,0
40.7766,-73.9608,0
40.7559,-73.9123,-1
40.7591,-73.974,0
40.7552,-73.9221,-1
40.7856,-73.9691,0
40.7604,-73.9599,0
40.778,-73.9589,0
40.7331,-73.9985,0
40.7258,-73.9886,0
40.7651,-73.9712,0
40.7498,-73.9781,0
40.7708,-73.8656,3
40.7514,-73.9935,0
40.7838,-73.9778,0
40.6702,-73.9477,-1
40.7237,-74.005,0
40.7406,-73.9913,0
40.7999,-73.9368,-1
40.7789,-73.9479,0
40.7512,-73.9871,0
40.7676,-73.9824,0
40.7325,-74.0097,0
40.7235,-74.0108,0
40.8557,-74.064,-1
40.7324,-73.9877,0
40.7389,-74.0025,0
40.7355,-73.9966,0
40.7821,-73.9818,0
40.7505,-73.9833,0
40.7532,-73.9794,0
40.7771,-73.9499,0
40.7723,-73.9558,0
40.7835,-73.9503,0
40.7745,-73.9478,0
40.7333,-73.9898,0
40.7265,-73.996,0
40.7574,-73.9636,0
40.7042,-74.0066,0
40.645,-73.8781,-1
40.7054,-73.9289,-1
40.7716,-73.9607,0
40.6962,-73.942,-1
40.8239,-73.9768,-1
40.7142,-73.9514,2
40.7362,-73.977,0
40.7774,-73.955,0
40.7827,-73.9733,0
40.7535,-73.9925,0
40.7558,-73.9408,-1
40.7642,-73.9581,0
40.7445,-73.9852,0
40.7472,-74.0081,0
40.7734,-73.9471,0
40.7415,-74.0035,0
40.7686,-73.9497,0
40.7438,-73.9858,0
40.7146,-74.0102,0
40.7773,-73.9752,0
40.7869,-73.9502,0
40.7206,-73.9857,0
40.7258,-74.0009,0
40.7532,-73.979,0
40.7674,-73.9817,0
40.7591,-73.9944,0
40.7422,-73.9933,0
40.7682,-73.9815,0
40.7221,-73.9919,0
40.7221,-73.9919,0
40.7644,-73.9616,0
40.7199,-74.0003,0
40.7648,-73.9768,0
40.7563,-73.9725,0
40.7757,-73.9764,0
40.737,-73.9815,0
40.7647,-73.9661,0
40.7357,-73.9925,0
40.7412,-73.9899,0
40.7779,-73.9887,0
40.7313,-73.9593,2
40.7487,-74.0071,0
40.7639,-73.9682,0
40.7642,-73.9824,0
40.7508,-73.9801,0
40.7489,-73.9935,0
40.7965,-73.9723,0
40.784,-73.9763,0
40.7484,-73.9884,0
40.7777,-73.9794,0
40.7801,-73.9851,0
40.7247,-73.9784,0
40.7143,-73.9565,2
40.7492,-73.9769,0
40.7618,-74.0005,0
40.7177,-73.9982,0
40.7167,-74.0082,0
40.7605,-73.9858,0
40.7792,-73.96,0
40.7802,-73.9551,0
40.7333,-73.997,0
40.7605,-73.9727,0
40.7352,-73.9959,0
40.7644,-73.9695,0
40.7776,-73.9459,0
40.7866,-73.9721,0
40.7815,-73.9603,0
40.6693,-73.9861,-1
40.7246,-73.9936,0
40.7488,-73.9802,0
40.7775,-73.9549,0
40.7456,-73.9719,0
40.7312,-73.9938,0
40.7731,-73.9461,0
40.7715,-73.9794,0
40.7325,-73.9951,0
40.7918,-73.9651,0
40.6965,-73.9246,-1
40.7229,-73.9932,0
40.7613,-73.9991,0
40.7812,-73.9838,0
40.6826,-73.9905,1
40.7226,-73.9868,0
40.718,-74.0145,0
40.7741,-73.9454,0
40.7703,-73.9576,0
40.783,-73.9804,0
40.6774,-73.9587,-1
40.7737,-73.9499,0
40.7234,-73.9938,0
40.7603,-73.9596,0
40.7579,-73.9893,0
40.7092,-74.0021,0
40.7249,-73.9808,0
40.7877,-73.9676,0
40.7487,-73.9707,0
40.743,-74.0006,0
40.7151,-74.0429,-1
40.7963,-73.9755,0
40.7646,-73.9707,0
40.7649,-73.9668,0
40.7462,-73.9852,0
40.7659,-73.9632,0
40.7363,-73.9892,0
40.7563,-73.9911,0
40.7324,-73.9766,0
40.7685,-73.9576,0
40.7401,-73.9823,0
40.7459,-73.9907,0
40.7641,-73.9542,0
40.7378,-73.9828,0
40.7824,-73.9804,0
40.7561,-73.9906,0
40.7909,-73.9766,0
40.767,-73.9846,0
40.7478,-74.0044,0
40.7269,-73.9889,0
40.7442,-73.9763,0
40.7604,-73.9718,0
40.7686,-73.9579,0
40.7506,-74.0032,0
40.7431,-74.0072,0
40.7354,-73.9795,0
40.6865,-73.955,-1
40.7719,-73.9558,0
40.6661,-73.9764,-1
40.75,-73.9917,0
40.7816,-73.9808,0
40.7684,-73.8623,3
40.7328,-73.9977,0
40.7328,-73.9977,0
40.7667,-73.9613,0
40.7797,-73.9577,0
40.7598,-73.9752,0
40.7764,-73.9894,0
40.7886,-73.9671,0
40.7886,-73.9671,0
40.7443,-73.9983,0
40.7369,-73.9898,0
40.7226,-73.9937,0
40.7619,-73.9749,0
40.7422,-74.0045,0
40.7232,-74.0062,0
40.725,-73.9772,0
40.7623,-73.9723,0
40.7405,-74.0056,0
40.6701,-73.9775,-1
40.7235,-73.9794,0
40.7663,-73.9623,0
40.7603,-73.9651,0
40.6741,-73.913,-1
40.7189,-73.9888,0
40.7493,-73.9919,0
40.6849,-73.9493,-1
40.7839,-73.9543,0
40.7778,-73.9508,0
40.685,-73.9662,-1
40.7599,-73.9939,0
40.7093,-74.0134,0
40.7361,-74.0094,0
40.778,-73.9747,0
40.7607,-73.9862,0
40.7619,-74.0009,0
40.7361,-74.0092,0
40.7804,-73.9468,0
40.765,-73.9868,0
40.7546,-73.9827,0
40.7766,-73.9556,0
40.7166,-73.937,2
40.7843,-73.9731,0
40.7456,-73.978,0
40.7842,-73.9767,0
40.6777,-73.9507,-1
40.761,-73.9693,0
40.698,-73.9739,-1
40.7512,-73.9942,0
40.7676,-73.8665,3
40.7395,-73.9826,0
40.7732,-73.8858,-1
40.7443,-73.9763,0
40.7709,-73.963,0
40.7428,-73.9565,-1
40.6932,-73.9695,-1
40.7113,-74.0057,0
40.6916,-73.9841,1
40.7374,-74.001,0
40.7201,-74.0019,0
40.7519,-73.9854,0
40.769,-73.9352,0
40.7798,-73.9472,0
40.7524,-73.9742,0
40.7778,-73.9537,0
40.6833,-73.9799,1
40.7401,-74.006,0
40.7331,-73.9961,0
40.7449,-73.9972,0
40.6885,-73.9891,1
40.7555,-73.9935,0
40.717,-74.0163,0
40.7431,-74.0,0
40.7779,-73.9477,0
40.7776,-73.9488,0
40.7759,-73.9793,0
40.7593,-73.9298,-1
40.7654,-73.9524,0
40.7649,-73.9535,0
40.7079,-74.0102,0
40.6756,-73.9809,-1
40.7459,-73.9881,0
40.7794,-73.9878,0
40.7666,-73.9818,0
40.7328,-74.0002,0
40.7737,-73.9542,0
40.7743,-73.9612,0
40.738,-73.9813,0
40.687,-73.9992,1
40.7302,-73.9821,0
40.7292,-73.991,0
40.7461,-73.9143,-1
40.7606,-73.9948,0
40.7661,-73.9644,0
40.7781,-73.9568,0
40.7789,-73.956,0
40.721,-74.0084,0
40.6413,-73.911,-1
40.7644,-73.9637,0
40.7647,-73.9663,0
40.7796,-73.9527,0
40.7652,-73.9579,0
40.766,-73.9596,0
40.6746,-73.9737,-1
40.7362,-74.0027,0
40.805,-73.9546,-1
40.7339,-73.9805,0
40.7899,-73.9744,0
40.7908,-73.9429,0
40.7337,-73.9875,0
40.7612,-73.9894,0
40.7428,-73.9947,0
40.7607,-73.9992,0
40.753,-73.9824,0
40.7741,-73.8723,3
40.7281,-73.979,0
40.7495,-73.9947,0
40.7191,-74.0064,0
40.781,-73.9812,0
40.7015,-73.9868,0
40.7643,-73.996,0
40.7383,-73.9734,0
40.7188,-73.9967,0
40.7462,-73.979,0
40.7624,-73.9884,0
40.7745,-73.9656,0
40.6904,-73.9924,1
40.7366,-73.9787,0
40.6754,-74.013,-1
40.7661,-73.9609,0
40.7541,-73.9721,0
40.7728,-73.9812,0
40.7739,-73.8719,3
40.7477,-73.9738,0
40.7471,-73.9775,0
40.7749,-73.9905,0
40.7452,-73.9905,0
40.7827,-73.9482,0
40.7077,-73.9395,-1
40.7733,-73.9808,0
40.7202,-73.9461,2
40.7822,-73.9486,0
40.7306,-74.009,0
40.7765,-73.9895,0
40.7388,-74.0088,0
40.6257,-73.9534,-1
40.7727,-73.9514,0
40.771,-73.9872,0
40.7216,-74.0022,0
40.7368,-73.9867,0
40.7421,-73.9828,0
40.6692,-73.9777,-1
40.7237,-73.9487,2
40.7217,-73.9936,0
40.7593,-73.9945,0
40.7767,-73.9764,0
40.7814,-73.9521,0
40.7361,-73.998,0
40.7506,-73.949,-1
40.6942,-73.9642,-1
40.7413,-74.0073,0
40.7211,-73.9419,2
40.6886,-73.9831,1
40.7369,-73.986,0
40.7369,-73.986,0
40.7325,-73.9964,0
40.7281,-73.9829,0
40.7502,-73.9949,0
40.7027,-73.9867,0
40.7253,-74.011,0
40.7425,-74.0069,0
40.7476,-73.9728,0
40.7818,-73.9756,0
40.7528,-73.9728,0
40.7395,-73.9923,0
40.7707,-73.9921,0
40.7788,-73.9519,0
40.7353,-73.9983,0
40.8041,-73.9328,-1
40.7263,-74.002,0
40.7595,-73.9893,0
40.7083,-74.0066,0
40.745,-73.9977,0
40.7534,-73.9923,0
40.7212,-73.9814,0
40.7348,-73.9884,0
40.7161,-73.9531,2
40.7578,-73.9894,0
40.7404,-73.9811,0
40.7227,-73.9883,0
40.6874,-73.9236,-1
40.7796,-73.9539,0
40.7286,-73.976,0
40.7694,-73.9637,0
40.6609,-73.9903,-1
40.7672,-73.9625,0
40.7275,-73.9884,0
40.765,-73.9804,0
40.7365,-74.0021,0
40.7237,-74.0044,0
40.7748,-73.9911,0
40.7255,-73.9841,0
40.6924,-73.9697,-1
40.7779,-73.9891,0
40.7366,-73.9797,0
40.7272,-73.9917,0
40.7305,-73.9936,0
40.7772,-73.989,0
40.7823,-73.9827,0
40.7605,-73.9991,0
40.7629,-73.997,0
40.7363,-73.985,0
40.7937,-73.9696,0
40.7877,-73.9787,0
40.7706,-73.9855,0
40.6225,-74.0279,-1
40.7197,-73.9847,0
40.7187,-74.0023,0
40.7268,-73.9858,0
40.7359,-73.9853,0
40.7006,-73.9944,0
40.7573,-73.9194,-1
40.7361,-73.979,0
40.7189,-73.985,0
40.7237,-74.0109,0
40.7734,-73.9791,0
40.8086,-73.9576,-1
40.7699,-73.9611,0
40.7811,-73.9564,0
40.7783,-73.9527,0
40.7385,-73.9877,0
40.6866,-73.9608,-1
40.7834,-73.9505,0
40.77,-73.9514,0
40.7261,-73.9854,0
40.7498,-73.9835,0
40.7527,-73.9733,0
40.774,-73.8717,3
40.7686,-73.9578,0
40.725,-73.997,0
40.765,-73.9805,0
40.7882,-73.9544,0
40.7642,-73.9181,-1
40.7445,-73.9868,0
40.7644,-73.9687,0
40.7551,-73.9644,0
40.7172,-73.9651,2
40.705,-74.016,0
40.7752,-73.9776,0
40.7787,-73.9617,0
40.7289,-73.9844,0
40.6444,-73.946,-1
40.7369,-73.9886,0
40.7335,-74.0005,0
40.7407,-74.0049,0
40.7528,-73.9795,0
40.7692,-73.9829,0
40.6867,-73.9592,-1
40.7704,-73.9502,0
40.7528,-73.9818,0
40.7111,-74.016,0
40.7727,-73.9476,0
40.7038,-74.0072,0
40.7258,-73.9774,0
40.7175,-74.0072,0
40.7175,-74.0072,0
40.6994,-73.9924,0
40.7174,-73.9499,2
40.7629,-73.966,0
40.7227,-73.998,0
40.7183,-73.9904,0
40.7605,-73.9583,0
40.7556,-73.9811,0
40.7708,-73.9641,0
40.7831,-73.9806,0
40.7188,-73.9886,0
40.7887,-73.9753,0
40.7616,-73.9826,0
40.7303,-73.9822,0
40.7412,-73.9898,0
40.7148,-74.0094,0
40.7093,-74.0022,0
40.7753,-73.965,0
40.7404,-74.0021,0
40.7511,-74.0045,0
40.7224,-74.0097,0
40.7441,-73.9897,0
40.7365,-73.9893,0
40.781,-73.9587,0
40.7391,-73.9817,0
40.7223,-74.0113,0
40.7715,-73.9487,0
40.7636,-73.981,0
40.7224,-74.0027,0
40.7173,-73.9605,2
40.7107,-73.9669,2
40.7328,-73.9977,0
40.7771,-73.9801,0
40.685,-73.9613,-1
40.7361,-73.9789,0
40.7703,-73.9577,0
40.706,-74.0088,0
40.8059,-73.9655,0
40.7337,-74.0018,0
40.7372,-74.0082,0
40.7433,-73.9727,0
40.782,-73.9536,0
40.729,-74.007,0
40.7588,-73.9638,0
40.7739,-73.8716,3
40.7721,-73.9462,0
40.7038,-73.9906,0
40.7222,-74.0007,0
40.7686,-73.9577,0
40.7141,-74.0094,0
40.7615,-73.9861,0
40.7764,-73.9461,0
40.7625,-73.9743,0
40.722,-74.004,0
40.7354,-73.9827,0
40.7848,-73.9792,0
40.7727,-73.9464,0
40.7684,-73.9848,0
40.7651,-73.9615,0
40.7561,-73.9822,0
40.7251,-73.9378,2
40.7826,-73.9828,0
40.7251,-73.9842,0
40.7479,-73.9754,0
40.7676,-73.9621,0
40.7707,-73.9856,0
40.7303,-73.98,0
40.7603,-73.9969,0
40.7574,-73.9822,0
40.7717,-73.989,0
40.7412,-74.0074,0
40.7195,-73.9895,0
40.7325,-74.0096,0
40.7265,-73.9846,0
40.7683,-73.9823,0
40.7737,-73.9456,0
40.7779,-73.9759,0
40.7203,-73.9964,0
40.7761,-73.9559,0
40.7581,-73.9598,0
40.7262,-73.9919,0
40.7917,-73.9686,0
40.6812,-73.9418,-1
40.7459,-73.9882,0
40.7447,-73.9916,0
40.6359,-74.0289,-1
40.7606,-73.9741,0
40.79,-73.9787,0
40.7249,-73.9807,0
40.7893,-73.9788,0
40.7588,-73.9789,0
40.7113,-74.0107,0
40.7259,-73.956,2
40.7386,-74.0063,0
40.6745,-73.9818,-1
40.7644,-73.9691,0
40.7474,-74.0035,0
40.7861,-73.9772,0
40.7363,-73.9942,0
40.7589,-73.9685,0
40.7432,-73.9914,0
40.7156,-73.9536,2
40.7459,-73.9906,0
40.7221,-73.9888,0
40.7239,-73.9414,2
40.74,-73.9881,0
40.7798,-73.9542,0
40.7515,-73.994,0
40.7821,-73.9598,0
40.73,-74.004,0
40.672,-73.9839,-1
40.7877,-73.9676,0
40.7506,-73.9946,0
40.7778,-73.9083,-1
40.723,-73.9947,0
40.7649,-73.9785,0
40.7022,-73.9867,0
40.7589,-73.9728,0
40.7247,-73.994,0
40.7307,-74.0008,0
40.7198,-74.0016,0
40.7699,-73.9843,0
40.789,-73.976,0
40.7861,-73.971,0
40.7436,-73.9891,0
40.7712,-73.9617,0
40.7254,-74.0001,0
40.7567,-73.9613,0
40.7346,-73.986,0
40.7704,-73.9622,0
40.6978,-73.9927,1
40.7686,-73.9852,0
40.7685,-73.8624,3
40.7114,-73.947,2
40.7585,-73.9674,0
40.7224,-73.9823,0
40.7916,-73.9528,0
40.7799,-73.9573,0
40.7864,-73.9722,0
40.7839,-73.974,0
40.6481,-73.9753,-1
40.7866,-73.9703,0
40.7273,-73.9846,0
40.7643,-73.9829,0
40.7469,-73.9714,0
40.762,-73.9584,0
40.7096,-74.0152,0
40.7735,-73.9515,0
40.7706,-73.9919,0
40.7595,-73.9636,0
40.6273,-74.0325,-1
40.7533,-73.9857,0
40.7382,-74.0064,0
40.792,-73.9785,0
40.7622,-73.9766,0
40.7267,-74.0,0
40.72,-74.0001,0
40.7735,-73.9552,0
40.6859,-73.9943,1
40.7331,-73.9757,0
40.7339,-74.002,0
40.7334,-74.0047,0
40.7215,-74.0033,0
40.7761,-73.9559,0
40.7681,-73.955,0
40.7754,-73.9906,0
40.7524,-73.9741,0
40.7306,-73.9828,0
40.7378,-73.9834,0
40.7425,-73.9945,0
40.7878,-73.9786,0
40.737,-73.9962,0
40.726,-73.9806,0
40.7602,-73.9705,0
40.6888,-73.989,1
40.7249,-73.9807,0
40.7747,-73.9586,0
40.7497,-73.9862,0
40.7311,-73.9842,0
40.7363,-73.9981,0
40.7244,-73.9913,0
40.7639,-73.9827,0
40.7371,-73.9742,0
40.7189,-73.9873,0
40.7769,-73.9778,0
40.7269,-73.98,0
40.7373,-73.9909,0
40.7405,-74.0043,0
40.7223,-73.9873,0
40.688,-73.9758,-1
40.7172,-74.004,0
40.7386,-73.9978,0
40.7076,-74.0073,0
40.7229,-74.0046,0
40.7229,-74.0046,0
40.6898,-73.9783,1
40.739,-73.9899,0
40.7369,-73.989,0
40.7501,-73.9837,0
40.7446,-73.9949,0
40.7521,-73.9834,0
40.7467,-73.9924,0
40.7541,-73.9943,0
40.7495,-73.9795,0
40.7128,-73.9608,2
40.7663,-73.9783,0
40.7556,-73.9819,0
40.7257,-74.0029,0
40.7641,-73.9827,0
40.7559,-73.9818,0
40.767,-73.9808,0
40.7444,-73.9867,0
40.7113,-74.0056,0
40.7179,-74.015,0
40.7308,-73.993,0
40.7364,-73.9211,-1
40.728,-73.9804,0
40.7501,-73.9914,0
40.7276,-73.9825,0
40.7172,-73.95,2
40.7343,-73.9805,0
40.7339,-73.9952,0
40.7442,-73.9792,0
40.6538,-73.9731,-1
40.7729,-73.9483,0
40.716,-74.0153,0
40.7742,-73.9594,0
40.7742,-73.9594,0
40.7737,-73.9641,0
40.7503,-74.006,0
40.7742,-73.9637,0
40.7209,-74.0043,0
40.7106,-73.9661,2
40.7939,-73.9386,0
40.7258,-73.9838,0
40.7266,-73.9868,0
40.7183,-74.0019,0
40.7395,-73.9822,0
40.7395,-73.9822,0
40.7495,-73.9779,0
40.7454,-73.9794,0
40.7653,-73.9638,0
40.7378,-73.9866,0
40.7838,-73.9826,0
40.7565,-73.9726,0
40.7435,-73.9853,0
40.7711,-73.9595,0
40.7711,-73.9595,0
40.7678,-73.9915,0
40.7262,-74.0091,0
40.7262,-74.0091,0
40.7499,-73.9778,0
40.7228,-74.0046,0
40.7257,-73.9868,0
40.6384,-74.0362,-1
40.7213,-74.0003,0
40.7087,-74.0096,0
40.7564,-73.983,0
40.7278,-73.9823,0
40.6504,-73.9185,-1
40.7435,-73.9739,0
40.7203,-73.9458,2
40.7392,-73.9824,0
40.7307,-73.9808,0
40.7185,-74.0026,0
40.7492,-73.9721,0
40.7236,-74.0107,0
40.7338,-73.9806,0
40.6774,-73.9996,-1
40.7727,-73.9532,0
40.7769,-73.9466,0
40.7261,-73.993,0
40.7498,-73.9816,0
40.7768,-73.9554,0
40.7296,-73.9807,0
40.7388,-74.0087,0
40.7448,-73.9742,0
40.7231,-73.9978,0
40.7373,-73.9533,-1
40.7864,-73.9772,0
40.7274,-73.9795,0
40.729,-74.0442,-1
40.7016,-73.988,0
40.7126,-73.9519,2
40.7617,-73.9849,0
40.7753,-73.9456,0
40.7355,-73.9989,0
40.7515,-73.9935,0
40.7807,-73.9813,0
40.6982,-73.93,-1
40.762,-73.9902,0
40.762,-73.9902,0
40.7387,-73.9853,0
40.7578,-73.9659,0
40.7578,-73.9901,0
40.7633,-73.967,0
40.749,-73.9924,0
40.7198,-73.9994,0
40.7386,-73.9855,0
40.7579,-73.9693,0
40.7213,-74.0102,0
40.7884,-73.9692,0
40.7479,-73.9796,0
40.7678,-73.9834,0
40.7228,-73.995,0
40.7416,-73.9959,0
40.7689,-73.9571,0
40.718,-74.0148,0
40.7545,-73.9359,-1
40.7789,-73.9543,0
40.7255,-74.0091,0
40.7538,-73.9849,0
40.7478,-74.0063,0
40.7646,-73.9784,0
40.757,-73.9721,0
40.757,-73.9721,0
40.7653,-73.962,0
40.7771,-73.9778,0
40.7771,-73.9778,0
40.7176,-74.0089,0
40.7383,-73.9859,0
40.693,-73.9926,1
40.7231,-73.9931,0
40.7479,-73.9569,0
40.6944,-73.9092,-1
40.7248,-73.9874,0
40.6976,-73.9871,1
40.7549,-73.9944,0
40.7078,-74.0018,0
40.765,-73.9823,0
40.777,-73.9891,0
40.7589,-73.9863,0
40.7589,-73.9863,0
40.7788,-73.9521,0
40.6943,-73.9975,1
40.7202,-73.9999,0
40.7538,-73.9933,0
40.7781,-73.9747,0
40.7613,-73.9994,0
40.7484,-73.9927,0
40.766,-73.9292,-1
40.7512,-73.9781,0
40.7582,-73.982,0
40.7434,-74.0,0
40.7373,-73.9988,0
40.7885,-73.9765,0
40.749,-73.9806,0
40.7504,-73.9778,0
40.6978,-73.9081,-1
40.7663,-73.9185,-1
40.7249,-73.9849,0
40.736,-73.9936,0
40.7308,-73.9549,2
40.7507,-73.9945,0
40.7827,-73.9557,0
40.6431,-73.9609,-1
40.7657,-73.9826,0
40.7646,-73.9689,0
40.7657,-73.9632,0
40.7682,-73.9907,0
40.7682,-73.9907,0
40.7854,-73.9768,0
40.68,-73.9993,1
40.7755,-73.9854,0
40.7476,-74.002,0
40.7483,-73.9765,0
40.7441,-73.9912,0
40.7599,-73.9915,0
40.7463,-73.9842,0
40.7191,-74.005,0
40.6885,-73.9629,-1
40.7259,-73.9964,0
40.7164,-73.9912,0
40.702,-73.9898,0
40.7124,-74.0098,0
40.7828,-73.9554,0
40.7368,-73.9971,0
40.6657,-73.981,-1
40.7447,-74.0066,0
40.73,-73.9855,0
40.6869,-73.993,1
40.791,-73.9772,0
40.7773,-73.9547,0
40.7333,-73.9812,0
40.7645,-73.9959,0
40.7366,-73.9789,0
40.726,-73.9805,0
40.7591,-73.9645,0
40.7905,-73.9681,0
40.769,-73.9834,0
40.7682,-73.8619,3
40.77,-73.9546,0
40.7163,-74.011,0
40.7385,-73.9808,0
40.7448,-73.9817,0
40.7696,-73.9603,0
40.6766,-73.9686,-1
40.7376,-73.9841,0
40.718,-74.0096,0
40.7072,-74.0165,0
40.7448,-73.974,0
40.7538,-73.9699,0
40.703,-73.9868,0
40.7561,-73.9728,0
40.7343,-74.0072,0
40.7529,-73.993,0
40.6745,-73.9669,-1
40.7613,-73.9753,0
40.7794,-73.9535,0
40.7275,-73.9825,0
40.7706,-73.9575,0
40.7213,-73.9881,0
40.7746,-73.99,0
40.7695,-73.9558,0
40.6772,-74.0011,-1
40.7606,-73.9949,0
40.7687,-73.8674,3
40.7075,-74.0094,0
40.7715,-73.9826,0
40.7596,-73.9856,0
40.7686,-73.8625,3
40.7797,-73.9576,0
40.779,-73.9545,0
40.7336,-73.9894,0
40.7309,-73.986,0
40.7605,-73.9993,0
40.7358,-73.9893,0
40.6812,-73.9727,-1
40.7838,-73.9795,0
40.7826,-73.9491,0
40.7696,-73.9505,0
40.724,-74.0034,0
40.7756,-73.9607,0
40.6917,-73.9846,1
40.8407,-73.9429,-1
40.7769,-73.9457,0
40.7742,-73.955,0
40.7103,-73.9488,2
40.7985,-73.941,-1
40.7382,-74.0084,0
40.7797,-73.954,0
40.7292,-73.9857,0
40.7292,-73.9857,0
40.7737,-73.9548,0
40.7475,-74.0024,0
40.7475,-74.0024,0
40.7374,-73.9842,0
40.7648,-73.9705,0
40.7369,-73.9785,0
40.7845,-73.9757,0
40.7636,-73.9948,0
40.7525,-73.9784,0
40.7359,-73.9959,0
40.7356,-74.0078,0
40.7254,-74.0022,0
40.7389,-73.9877,0
40.6849,-73.9487,-1
40.7169,-73.9895,0
40.7334,-74.004,0
40.73,-74.004,0
40.7537,-73.9704,0
40.7371,-74.0022,0
40.7268,-73.9781,0
40.7396,-73.9825,0
40.7621,-73.9937,0
40.7333,-73.9763,0
40.7382,-74.0003,0
40.7769,-73.9637,0
40.7191,-73.9851,0
40.7731,-73.9501,0
40.765,-73.987,0
40.7339,-73.8959,-1
40.7403,-73.9862,0
40.7471,-73.986,0
40.7741,-73.8725,3
40.7714,-73.9806,0
40.7722,-73.9523,0
40.6555,-73.9603,-1
40.7284,-73.982,0
40.7898,-73.974,0
40.7808,-73.956,0
40.7343,-74.0025,0
40.7155,-74.0094,0
40.781,-73.9589,0
40.7394,-73.9877,0
40.7202,-74.0001,0
40.7605,-74.0027,0
40.7645,-73.969,0
40.7336,-74.0076,0
40.7287,-74.0001,0
40.7404,-73.9821,0
40.7393,-73.9826,0
40.7843,-73.9484,0
40.7591,-73.9854,0
40.7362,-73.9981,0
40.7393,-73.9863,0
40.7362,-73.9981,0
40.7547,-73.9922,0
40.7258,-73.9898,0
40.7669,-73.9841,0
40.7691,-73.9831,0
40.7357,-74.0031,0
40.7218,-73.9494,2
40.7257,-73.9479,2
40.7732,-73.9587,0
40.7323,-74.0005,0
40.7689,-73.9608,0
40.7213,-73.9878,0
40.7376,-74.008,0
40.7246,-73.9801,0
40.7248,-73.9847,0
40.7652,-73.9812,0
40.7402,-73.9991,0
40.7402,-73.9991,0
40.6874,-73.9956,1
40.8092,-73.9517,-1
40.7729,-73.8858,-1
40.7947,-73.9669,0
40.7233,-73.9914,0
40.7596,-73.9875,0
40.7451,-73.9769,0
40.7576,-73.9808,0
40.7579,-73.9892,0
40.7327,-74.0046,0
40.7459,-73.9719,0
40.7405,-74.0079,0
40.7247,-73.9463,2
40.7836,-73.9816,0
40.7376,-74.009,0
40.7347,-73.9756,0
40.7229,-74.0023,0
40.7379,-73.9797,0
40.7379,-73.9797,0
40.7515,-73.9941,0
40.7165,-74.0092,0
40.7636,-73.9777,0
40.7883,-73.9724,0
40.7232,-73.9987,0
40.774,-73.8717,3
40.734,-74.0046,0
40.7147,-73.9494,2
40.7521,-73.9856,0
40.7685,-73.9695,0
40.7219,-73.9874,0
40.7491,-73.9804,0
40.7772,-73.9517,0
40.6727,-73.9375,-1
40.7665,-73.9783,0
40.7425,-73.9993,0
40.7396,-73.9826,0
40.7256,-73.9869,0
40.7199,-74.0003,0
40.78,-73.9445,0
40.7587,-73.9888,0
40.7862,-73.98,0
40.7383,-73.9862,0
40.7369,-73.9867,0
40.7666,-73.9607,0
40.7385,-73.9935,0
40.7517,-73.985,0
40.7381,-73.9779,0
40.761,-73.9964,0
40.7378,-74.0087,0
40.757,-73.9988,0
40.7198,-73.9829,0
40.776,-73.956,0
40.7327,-73.9746,0
40.7199,-73.9995,0
40.7201,-73.9883,0
40.7284,-74.0009,0
40.7408,-73.9974,0
40.7361,-73.9961,0
40.7592,-73.986,0
40.7725,-73.9531,0
40.7389,-74.0086,0
40.7432,-73.9956,0
40.7324,-73.9873,0
40.706,-74.0094,0
40.7613,-73.9744,0
40.7912,-73.9774,0
40.786,-73.9688,0
40.785,-73.9541,0
40.7741,-73.8723,3
40.7351,-73.9946,0
40.7764,-73.9553,0
40.7652,-73.9715,0
40.7561,-73.9841,0
40.7594,-73.9863,0
40.7406,-73.9948,0
40.7752,-73.9887,0
40.7324,-74.0077,0
40.7627,-73.9794,0
40.7224,-73.9833,0
40.7336,-73.9564,2
40.7204,-73.9999,0
40.7265,-74.009,0
40.7025,-73.9852,0
40.7833,-73.9727,0
40.7195,-74.0004,0
40.727,-73.9894,0
40.7326,-73.9758,0
40.7883,-73.9807,0
40.7322,-74.0066,0
40.7322,-74.0066,0
40.7905,-73.9716,0
40.7319,-73.9823,0
40.7537,-73.985,0
40.7471,-74.0029,0
40.722,-73.9873,0
40.722,-73.9873,0
40.7733,-73.9623,0
40.717,-74.0092,0
40.7328,-73.9521,2
40.7585,-73.9705,0
40.7356,-73.9831,0
40.7718,-73.9555,0
40.753,-74.004,0
40.7255,-73.9876,0
40.7773,-73.9566,0
40.7591,-73.9764,0
40.7879,-73.9768,0
40.6816,-73.945,-1
40.6912,-73.9843,1
40.7025,-74.0113,0
40.719,-73.9998,0
40.6863,-73.95,-1
40.7136,-73.9634,2
40.7725,-73.9496,0
40.7207,-74.0086,0
40.7225,-73.9846,0
40.8038,-73.9562,0
40.6916,-73.9699,-1
40.7224,-73.987,0
40.7055,-74.0109,0
40.7446,-73.9968,0
40.6927,-73.9981,1
40.7651,-73.9819,0
40.7355,-73.9966,0
40.7319,-73.982,0
40.7668,-73.9845,0
40.7666,-73.9784,0
40.7686,-73.9848,0
40.7392,-73.9934,0
40.723,-73.9975,0
40.7877,-73.9677,0
40.7516,-74.0032,0
40.7239,-73.9971,0
40.7343,-74.0084,0
40.74,-73.9791,0
40.74,-73.9791,0
40.7827,-73.9472,0
40.7522,-74.0012,0
40.7366,-73.9848,0
40.7411,-74.0079,0
40.7183,-73.9929,0
40.7329,-73.9863,0
40.777,-73.9793,0
40.7111,-74.0058,0
40.7092,-74.0087,0
40.7091,-73.9479,2
40.7288,-74.0018,0
40.7596,-73.9771,0
40.7907,-73.9664,0
40.7609,-73.9964,0
40.7324,-74.0057,0
40.734,-73.9986,0
40.7324,-74.0057,0
40.7463,-73.9912,0
40.7587,-73.9862,0
40.7331,-74.0052,0
40.7777,-73.9815,0
40.7473,-74.0071,0
40.7265,-73.9959,0
40.718,-73.9903,0
40.759,-73.9942,0
40.7732,-73.8856,-1
40.7791,-73.9484,0
40.7509,-73.9944,0
40.7319,-73.9823,0
40.7312,-73.9578,2
40.7376,-74.0091,0
40.762,-73.9745,0
40.6837,-73.9669,-1
40.7267,-73.9849,0
40.7314,-73.9753,0
40.7786,-73.9477,0
40.7694,-73.9852,0
40.7307,-74.0089,0
40.7339,-73.9808,0
40.711,-73.9617,2
40.7571,-74.001,0
40.7459,-74.0038,0
40.7022,-73.9898,0
40.7384,-73.9841,0
40.7789,-73.9823,0
40.7673,-73.9549,0
40.7251,-74.0031,0
40.7339,-73.9867,0
40.7748,-73.9911,0
40.7564,-73.9942,0
40.7793,-73.9881,0
40.7513,-73.9943,0
40.7405,-74.002,0
40.7154,-74.0118,0
40.7519,-73.9938,0
40.7835,-73.9569,0
40.728,-73.9882,0
40.7283,-73.995,0
40.6852,-73.9673,-1
40.7132,-73.8156,-1
40.784,-73.9779,0
40.7652,-73.9767,0
40.7324,-73.9767,0
40.771,-73.8659,3
40.7281,-73.9808,0
40.7376,-73.9827,0
40.7508,-73.9869,0
40.7508,-73.9869,0
40.7233,-73.9826,0
40.7397,-73.9873,0
40.7361,-73.9977,0
40.7458,-73.9937,0
40.789,-73.9745,0
40.7381,-74.0073,0
40.7007,-73.9256,-1
40.7545,-73.9658,0
40.7452,-73.995,0
40.7452,-73.995,0
40.7208,-73.9833,0
40.7516,-73.9937,0
40.6888,-73.989,1
40.7546,-73.9632,0
40.7268,-73.978,0
40.7738,-73.9781,0
40.7189,-74.0088,0
40.8024,-73.9667,0
40.676,-73.9834,-1
40.7408,-73.9917,0
40.7642,-73.9784,0
40.7538,-73.9799,0
40.7207,-73.9802,0
40.7326,-74.0011,0
40.7175,-73.9632,2
40.7617,-73.9234,-1
40.7806,-73.9557,0
40.7738,-73.8715,3
40.7317,-73.9579,2
40.7671,-73.9539,0
40.7064,-74.0056,0
40.7334,-73.9873,0
40.685,-73.9613,-1
40.7338,-73.981,0
40.7376,-74.0092,0
40.762,-73.9827,0
40.7804,-73.9462,0
40.7498,-73.9924,0
40.7328,-73.9838,0
40.7593,-73.9816,0
40.723,-73.9959,0
40.7798,-73.9576,0
40.7373,-73.9903,0
40.7698,-73.9835,0
40.7742,-73.9619,0
40.7887,-73.9792,0
40.7295,-73.9811,0
40.6961,-73.9426,-1
40.7467,-73.9801,0
40.7346,-74.0011,0
40.7139,-73.9596,2
40.7571,-73.9991,0
40.7249,-73.9807,0
40.7498,-73.972,0
40.7274,-73.9866,0
40.6802,-73.9773,-1
40.6966,-73.9695,-1
40.7429,-74.0057,0
40.7375,-73.9876,0
40.689,-73.9889,1
40.7484,-73.9786,0
40.7289,-74.0035,0
40.7929,-73.9731,0
40.7929,-73.9731,0
40.763,-73.9807,0
40.7787,-73.9478,0
40.785,-73.9538,0
40.7873,-73.9744,0
40.7277,-74.0016,0
40.724,-73.952,2
40.7513,-73.9942,0
40.764,-73.9708,0
40.6527,-73.9784,-1
40.7381,-74.0025,0
40.7753,-73.9824,0
40.7414,-73.9849,0
40.7782,-73.9548,0
40.7644,-73.9808,0
40.6854,-73.9989,1
40.7589,-73.9997,0
40.7445,-73.9918,0
40.7385,-73.9864,0
40.7452,-73.9949,0
40.7668,-73.9514,0
40.7532,-73.9339,-1
40.735,-73.9774,0
40.7219,-73.9789,0
40.7713,-73.9828,0
40.6451,-73.8782,-1
40.773,-73.8856,-1
40.773,-73.8856,-1
40.712,-73.9478,2
40.7688,-73.9143,-1
40.7844,-73.9752,0
40.7451,-73.9767,0
40.7588,-73.9609,0
40.726,-73.9921,0
40.764,-73.9558,0
40.7306,-73.9928,0
40.7863,-73.9773,0
40.7682,-73.9856,0
40.7322,-73.982,0
40.7247,-73.9836,0
40.7348,-73.9801,0
40.7308,-73.983,0
40.7308,-73.983,0
40.7282,-73.8295,-1
40.7898,-73.9772,0
40.7191,-74.005,0
40.7786,-73.9885,0
40.6926,-73.9471,-1
40.7344,-73.9854,0
40.7771,-73.954,0
40.7246,-73.9934,0
40.7819,-73.9569,0
40.722,-73.9985,0
40.7418,-74.0039,0
40.7302,-73.9553,2
40.7753,-73.9904,0
40.7007,-73.9206,-1
40.7457,-73.9868,0
40.6899,-73.9805,1
40.7294,-73.9774,0
40.779,-73.9564,0
40.7346,-73.9987,0
40.7669,-73.9618,0
40.7725,-73.9526,0
40.7491,-73.9839,0
40.6933,-73.9715,-1
40.7255,-73.9901,0
40.7732,-73.8856,-1
40.7624,-73.9748,0
40.7808,-73.9559,0
40.7539,-73.9778,0
40.7536,-73.9923,0
40.7795,-73.9599,0
40.6913,-73.99,1
40.7799,-73.9818,0
40.6888,-73.9973,1
40.7738,-73.8723,3
40.7738,-73.8723,3
40.6926,-73.9475,-1
40.7662,-73.9549,0
40.7701,-73.953,0
40.7862,-73.957,0
40.6805,-73.9841,1
40.7177,-74.0023,0
40.7599,-73.9699,0
40.7459,-73.9764,0
40.7368,-73.9848,0
40.7739,-73.8713,3
40.6661,-73.9851,-1
40.7348,-73.9777,0
40.7368,-73.9905,0
40.7995,-73.9702,0
40.7536,-73.9741,0
40.6771,-73.998,1
40.7658,-73.963,0
40.7221,-74.0018,0
40.7299,-73.9896,0
40.7765,-73.9603,0
40.7716,-73.9826,0
40.7452,-73.9856,0
40.7663,-73.9916,0
40.7676,-73.9706,0
40.7775,-73.9506,0
40.7552,-73.9734,0
40.7139,-73.9577,2
40.7686,-73.8626,3
40.724,-73.9923,0
40.7223,-73.9888,0
40.7776,-73.9828,0
40.7791,-73.9559,0
40.7781,-73.9523,0
40.7413,-74.0003,0
40.745,-73.9871,0
40.7596,-73.9779,0
40.7884,-73.9806,0
40.7881,-73.9778,0
40.7409,-73.9899,0
40.7735,-73.9494,0
40.7394,-74.0039,0
40.7181,-73.95,2
40.7423,-73.9804,0
40.7693,-73.9594,0
40.7523,-73.9937,0
40.7405,-73.9819,0
40.7352,-74.0056,0
40.7822,-73.9578,0
40.7257,-74.0031,0
40.6872,-73.9353,-1
40.7348,-73.9863,0
40.7636,-73.995,0
40.819,-73.9465,-1
40.742,-73.9949,0
40.6976,-73.931,-1
40.7756,-73.9801,0
40.7067,-74.0165,0
40.82,-73.8762,-1
40.7444,-73.9808,0
40.7341,-74.0042,0
40.745,-73.9917,0
40.7555,-73.9818,0
40.7421,-73.9924,0
40.7452,-73.9949,0
40.7453,-73.9767,0
40.7279,-74.0059,0
40.7507,-73.8475,-1
40.76,-73.9963,0
40.7731,-73.9505,0
40.7115,-74.0058,0
40.8162,-73.9378,-1
40.7341,-73.9952,0
40.7317,-74.0063,0
40.7076,-74.0102,0
40.7076,-74.0102,0
40.7466,-73.9915,0
40.7216,-74.0022,0
40.7126,-73.9625,2
40.745,-73.9784,0
40.7583,-73.96,0
40.7698,-73.9582,0
40.7345,-73.999,0
40.7395,-73.9953,0
40.7451,-73.9947,0
40.7421,-73.981,0
40.7381,-74.0043,0
40.7381,-74.0043,0
40.7448,-73.9914,0
40.7815,-73.9462,0
40.7154,-74.0078,0
40.7188,-73.9452,2
40.7788,-73.9475,0
40.7252,-74.0003,0
40.7246,-73.9996,0
40.7221,-73.9934,0
40.7381,-73.9962,0
40.7152,-74.0158,0
40.7051,-74.0069,0
40.7502,-73.9946,0
40.7362,-74.0014,0
40.754,-73.9747,0
40.744,-73.9839,0
40.7577,-73.9888,0
40.6881,-73.9549,-1
40.7825,-73.9845,0
40.7152,-74.0162,0
40.7594,-73.986,0
40.7511,-73.9781,0
40.6885,-73.987,1
40.7198,-74.0042,0
40.7772,-73.989,0
40.7224,-73.9842,0
40.7224,-73.9842,0
40.7401,-73.9955,0
40.7055,-73.9429,2
40.7413,-73.9984,0
40.7044,-73.9866,0
40.7582,-73.9839,0
40.7359,-73.9856,0
40.7803,-73.946,0
40.7278,-73.9877,0
40.7186,-73.9873,0
40.7692,-73.9812,0
40.746,-73.9961,0
40.691,-73.9962,1
40.7383,-74.0034,0
40.7306,-74.0091,0
40.7267,-73.986,0
40.7712,-73.8663,3
40.7283,-73.979,0
40.7718,-73.9819,0
40.7589,-73.9923,0
40.8021,-73.9656,0
40.7867,-73.977,0
40.7793,-73.9755,0
40.7492,-73.9924,0
40.747,-73.9869,0
40.7392,-73.9874,0
40.7692,-73.9594,0
40.7219,-73.9998,0
40.7735,-73.9495,0
40.7135,-73.9468,2
40.7667,-73.9792,0
40.7681,-73.9529,0
40.7736,-73.9495,0
40.7095,-74.0133,0
40.7707,-73.9629,0
40.7504,-73.9764,0
40.7737,-73.9662,0
40.7283,-73.9995,0
40.727,-73.9857,0
40.7411,-73.9962,0
40.7274,-74.0016,0
40.7552,-73.9913,0
40.6875,-73.9454,-1
40.7438,-74.0063,0
40.7784,-73.9745,0
40.7874,-73.9679,0
40.7087,-74.0012,0
40.7878,-73.9747,0
40.7681,-73.9665,0
40.803,-73.9674,0
40.7147,-73.9667,0
40.7233,-73.9994,0
40.6417,-73.9634,-1
40.6417,-73.9495,-1
40.7743,-73.8724,3
40.737,-73.997,0
40.637,-73.9695,-1
40.7247,-74.0024,0
40.784,-73.9836,0
40.7326,-73.9816,0
40.7384,-73.9934,0
40.7427,-73.9923,0
40.7223,-73.9869,0
40.7237,-73.9894,0
40.7058,-73.9317,-1
40.7325,-74.0099,0
40.7791,-73.9823,0
40.7264,-73.9833,0
40.7732,-73.9461,0
40.7283,-73.9504,2
40.7016,-73.9868,0
40.7581,-73.9853,0
40.7591,-73.9942,0
40.7556,-73.9769,0
40.7652,-73.9612,0
40.7526,-73.9771,0
40.7648,-73.9798,0
40.7032,-73.9845,0
40.7339,-73.9984,0
40.6965,-73.9342,-1
40.7607,-73.999,0
40.7786,-73.9822,0
40.6853,-73.9264,-1
40.7955,-73.9709,0
40.7648,-73.9882,0
40.6843,-74.0002,1
40.7366,-73.9817,0
40.7369,-73.9968,0
40.7487,-73.9882,0
40.7834,-73.955,0
40.7784,-73.9831,0
40.7622,-73.9784,0
40.7622,-73.9784,0
40.7172,-74.0047,0
40.7301,-73.9837,0
40.7473,-74.0073,0
40.7792,-73.947,0
40.7296,-73.9779,0
40.7709,-73.9864,0
40.7066,-74.0151,0
40.722,-74.0117,0
40.7385,-73.9835,0
40.7279,-73.991,0
40.7419,-73.9832,0
40.7275,-73.9795,0
40.7261,-73.9926,0
40.6916,-73.8251,-1
40.7893,-73.9708,0
40.736,-73.986,0
40.678,-74.0014,-1
40.8063,-73.9528,-1
40.7748,-73.9656,0
40.7233,-73.9912,0
40.7819,-73.9774,0
40.6459,-73.9625,-1
40.7267,-74.0034,0
40.7721,-73.9524,0
40.6652,-73.9903,-1
40.7853,-73.9714,0
40.776,-73.9626,0
40.7554,-73.9875,0
40.7601,-73.9689,0
40.7205,-73.9983,0
40.7743,-73.981,0
40.7183,-74.0054,0
40.7244,-73.9815,0
40.6881,-73.967,-1
40.7339,-73.9809,0
40.737,-74.0038,0
40.7549,-73.9636,0
40.7098,-74.0082,0
40.6988,-73.9311,-1
40.7399,-73.9824,0
40.7234,-73.9913,0
40.7349,-74.0522,-1
40.7192,-73.9643,2
40.7706,-73.8743,3
40.7278,-74.0559,-1
40.6982,-73.9944,1
40.7702,-73.9804,0
40.713,-73.9523,2
40.713,-73.9523,2
40.7393,-73.9828,0
40.7666,-73.9613,0
40.7718,-73.9617,0
40.7299,-73.9786,0
40.7502,-73.9867,0
40.7141,-74.0096,0
40.7506,-73.9738,0
40.7278,-73.9839,0
40.7733,-73.945,0
40.7112,-73.9522,2
40.7679,-73.9914,0
40.7254,-73.9547,2
40.7625,-73.9786,0
40.7461,-73.9727,0
40.7644,-73.9686,0
40.7333,-73.9932,0
40.7271,-73.9786,0
40.7691,-73.9812,0
40.7382,-74.0025,0
40.674,-73.9807,-1
40.7236,-74.011,0
40.7759,-73.9441,0
40.7653,-73.9634,0
40.7737,-73.9495,0
40.7054,-73.8295,-1
40.6855,-73.9326,-1
40.6855,-73.9326,-1
40.7383,-74.0013,0
40.7131,-73.9557,2
40.7341,-73.9995,0
40.7776,-73.9771,0
40.7378,-73.981,0
40.7208,-73.9844,0
40.7196,-73.9849,0
40.7086,-74.001,0
40.7923,-73.9679,0
40.7732,-73.9623,0
40.7071,-74.0165,0
40.7739,-73.8715,3
40.7763,-73.9481,0
40.7281,-74.0072,0
40.748,-73.9808,0
40.7741,-73.8727,3
40.7152,-73.9996,0
40.7197,-73.9962,0
40.7174,-73.9934,0
40.7293,-73.9811,0
40.7629,-73.9992,0
40.7194,-74.0041,0
40.7486,-73.9924,0
40.7758,-73.9881,0
40.7589,-73.9621,0
40.7775,-73.9508,0
40.747,-73.9726,0
40.7803,-73.95,0
40.7325,-74.0096,0
40.7464,-74.0051,0
40.6647,-73.9515,-1
40.7752,-73.9591,0
40.7705,-73.9622,0
40.7649,-73.9608,0
40.7788,-73.9479,0
40.7444,-73.9731,0
40.7444,-73.9731,0
40.7926,-73.9754,0
40.7599,-73.9725,0
40.7863,-73.9425,0
40.7741,-73.8724,3
40.7741,-73.8724,3
40.7586,-73.9732,0
40.783,-73.9739,0
40.7401,-73.9823,0
40.6804,-73.9555,-1
40.726,-73.987,0
40.7278,-73.9882,0
40.7278,-73.9882,0
40.7486,-73.9802,0
40.7317,-74.0064,0
40.7406,-73.9967,0
40.7307,-73.9929,0
40.7759,-73.9471,0
40.7271,-73.9567,2
40.7564,-73.9789,0
40.7383,-73.9818,0
40.7356,-74.0083,0
40.7377,-74.0057,0
40.6926,-73.9863,1
40.8038,-73.9498,-1
40.7322,-73.9967,0
40.782,-73.9571,0
40.7456,-73.9846,0
40.7428,-73.9808,0
40.774,-73.8717,3
40.7278,-73.984,0
40.6706,-73.9785,-1
40.7363,-73.9921,0
40.7274,-73.9791,0
40.7343,-73.978,0
40.729,-73.9766,0
40.6919,-73.9341,-1
40.731,-73.9828,0
40.7248,-73.9844,0
40.7219,-73.9579,2
40.7746,-73.9808,0
40.7583,-73.9841,0
40.7966,-73.9724,0
40.7646,-73.983,0
40.7187,-74.0096,0
40.7261,-73.9492,2
40.7562,-73.9063,-1
40.7439,-74.0064,0
40.7453,-73.9911,0
40.7635,-73.9801,0
40.7332,-73.9931,0
40.7276,-74.0079,0
40.7582,-73.9817,0
40.7325,-73.977,0
40.7325,-73.977,0
40.7561,-73.9633,0
40.6776,-73.9831,-1
40.7335,-73.9975,0
40.7289,-73.9875,0
40.788,-73.9719,0
40.7886,-73.9782,0
40.789,-73.9743,0
40.78,-73.9447,0
40.7228,-74.0001,0
40.7154,-74.0113,0
40.6912,-73.9844,1
40.6915,-73.9455,-1
40.7429,-73.9909,0
40.7494,-73.9818,0
40.7635,-73.9809,0
40.765,-73.9807,0
40.7234,-73.9911,0
40.7564,-73.9713,0
40.7221,-73.9498,2
40.7221,-73.9498,2
40.7439,-73.8969,-1
40.7226,-73.9483,2
40.6777,-73.9646,-1
40.7315,-74.0049,0
40.7408,-74.0075,0
40.7237,-74.0053,0
40.7263,-73.9842,0
40.7572,-73.9747,0
40.7401,-74.0034,0
40.7422,-73.9912,0
40.7784,-73.949,0
40.7709,-73.8658,3
40.7241,-73.9825,0
40.6872,-73.9854,1
40.6845,-73.959,-1
40.7217,-74.0061,0
40.7238,-73.9852,0
40.7545,-73.9693,0
40.7713,-73.9798,0
40.744,-74.0063,0
40.7351,-74.006,0
40.7762,-73.9468,0
40.7277,-73.9838,0
40.7429,-73.9948,0
40.7248,-73.9807,0
40.7487,-73.9803,0
40.7487,-73.9803,0
40.7533,-73.9803,0
40.7747,-73.9613,0
40.7152,-73.9899,0
40.7424,-74.0067,0
40.7635,-73.9823,0
40.7782,-73.9454,0
40.7835,-73.9707,0
40.7453,-74.0022,0
40.7578,-73.9846,0
40.7245,-74.0094,0
40.7197,-73.9867,0
40.7469,-73.9963,0
40.6913,-73.9891,1
40.7371,-73.9848,0
40.7545,-73.9992,0
40.7786,-73.9452,0
40.7222,-73.9889,0
40.7222,-73.9889,0
40.782,-73.9809,0
40.7449,-73.98,0
40.743,-74.0076,0
40.774,-73.9453,0
40.745,-73.9939,0
40.7748,-73.9911,0
40.7862,-73.953,0
40.7323,-73.9989,0
40.7613,-73.9866,0
40.7737,-73.9558,0
40.7509,-73.987,0
40.7283,-73.9475,2
40.7424,-73.9837,0
40.6847,-73.9621,-1
40.7241,-73.9807,0
40.7572,-73.9643,0
40.6911,-73.9899,1
40.7645,-73.9957,0
40.6801,-73.9126,-1
40.7718,-73.9492,0
40.753,-73.9819,0
40.7194,-73.9902,0
40.7399,-73.9914,0
40.7236,-74.0103,0
40.7578,-73.9847,0
40.7591,-73.9668,0
40.7521,-73.993,0
40.7466,-73.9944,0
40.7737,-73.9658,0
40.7572,-73.9719,0
40.7597,-73.9768,0
40.7583,-73.9792,0
40.7412,-73.9238,-1
40.7326,-73.9875,0
40.7266,-73.9893,0
40.7679,-73.9917,0
40.777,-73.9518,0
40.7799,-73.9583,0
40.7354,-74.0034,0
40.715,-73.9922,0
40.715,-73.9922,0
40.6853,-73.9673,-1
40.7743,-73.9869,0
40.7942,-73.9721,0
40.7468,-73.9839,0
40.786,-73.9711,0
40.7607,-73.9667,0
40.7335,-73.9896,0
40.7431,-73.9795,0
40.7765,-73.9556,0
40.7385,-73.9935,0
40.7472,-74.003,0
40.7783,-73.9528,0
40.7477,-73.9412,-1
40.7442,-73.9896,0
40.7647,-73.9781,0
40.7575,-73.9846,0
40.6924,-73.9904,1
40.7529,-73.9892,0
40.772,-73.9124,-1
40.7496,-73.9951,0
40.741,-74.0077,0
40.7076,-73.9506,2
40.7325,-73.9969,0
40.7446,-73.9755,0
40.7325,-73.9969,0
40.7673,-73.9898,0
40.7327,-73.9973,0
40.769,-73.9589,0
40.7393,-73.9822,0
40.7887,-73.9772,0
40.7631,-73.992,0
40.7167,-73.9521,2
40.7145,-73.9988,0
40.7689,-73.9564,0
40.743,-73.9965,0
40.778,-73.9541,0
40.7591,-73.9864,0
40.7592,-73.9962,0
40.6692,-73.9814,-1
40.7951,-73.9764,0
40.7211,-73.9793,0
40.749,-73.9937,0
40.7227,-74.0048,0
40.768,-73.9837,0
40.7144,-73.9855,0
40.738,-73.9736,0
40.7089,-74.0111,0
40.7564,-73.9818,0
40.8217,-73.9472,-1
40.74,-74.005,0
40.7562,-73.9706,0
40.7353,-73.9983,0
40.7169,-74.0149,0
40.7267,-74.0082,0
40.7577,-73.9895,0
40.7492,-73.9803,0
40.7214,-73.9886,0
40.7519,-73.9734,0
40.759,-73.9945,0
40.7616,-73.9728,0
40.7877,-73.9776,0
40.7743,-73.9794,0
40.7727,-73.9536,0
40.7781,-73.9523,0
40.7299,-73.9989,0
40.7243,-73.9888,0
40.7474,-73.9736,0
40.7385,-73.9854,0
40.7187,-73.9501,2
40.7268,-73.987,0
40.7673,-73.953,0
40.7728,-73.9596,0
40.7322,-73.9986,0
40.6224,-74.0277,-1
40.7222,-74.04,-1
40.7204,-73.9873,0
40.7438,-73.9836,0
40.6748,-73.9752,-1
40.7242,-73.9787,0
40.7461,-73.9979,0
40.717,-73.9936,0
40.6975,-73.9832,1
40.7366,-73.991,0
40.7746,-73.9906,0
40.7686,-73.8621,3
40.7233,-73.9844,0
40.7301,-73.998,0
40.7772,-73.9595,0
40.7348,-74.0038,0
40.7771,-73.9597,0
40.7891,-73.9743,0
40.7533,-73.9743,0
40.728,-73.9865,0
40.742,-74.0039,0
40.7521,-73.9773,0
40.7251,-74.0031,0
40.7259,-73.9985,0
40.6348,-73.97,-1
40.7725,-73.9532,0
40.7366,-74.0049,0
40.7514,-73.9937,0
40.7733,-73.946,0
40.7428,-73.9947,0
40.6905,-73.9957,1
40.7619,-73.9872,0
40.754,-73.994,0
40.7349,-73.9817,0
40.7766,-73.9529,0
40.748,-74.0354,-1
40.7288,-73.9866,0
40.6649,-73.9774,-1
40.721,-74.0041,0
40.7421,-73.9949,0
40.7679,-73.953,0
40.7741,-73.9527,0
40.745,-73.9743,0
40.7566,-73.9745,0
40.7325,-73.9849,0
40.7619,-73.9976,0
40.7167,-73.9892,0
40.7366,-73.9779,0
40.725,-73.9983,0
40.7142,-74.0103,0
40.7324,-74.0076,0
40.7655,-73.972,0
40.7794,-73.9848,0
40.7748,-73.9901,0
40.7823,-73.981,0
40.7573,-73.9823,0
40.6584,-73.9078,-1
40.7681,-73.9702,0
40.7385,-73.9855,0
40.7431,-73.9913,0
40.7824,-73.9845,0
40.7553,-73.991,0
40.6927,-73.9558,-1
40.6824,-73.9961,1
40.7493,-73.9839,0
40.7354,-74.0094,0
40.7742,-73.9658,0
40.7609,-73.9867,0
40.7376,-74.0039,0
40.7794,-73.9757,0
40.7132,-73.9502,2
40.7091,-73.969,0
40.7501,-73.9761,0
40.7285,-73.9996,0
40.7922,-73.9738,0
40.737,-73.9737,0
40.7225,-74.0046,0
40.6715,-73.9737,-1
40.7813,-73.9807,0
40.7268,-73.9918,0
40.733,-73.9874,0
40.7446,-73.9892,0
40.7004,-73.9196,-1
40.7508,-73.9843,0
40.6487,-73.8828,-1
40.7079,-74.0099,0
40.7666,-73.9709,0
40.7674,-73.9925,0
40.7251,-73.9813,0
40.7363,-73.9966,0
40.7966,-73.9739,0
40.7475,-74.003,0
40.7692,-73.955,0
40.7141,-74.0401,-1
40.7379,-74.0395,-1
40.7156,-74.0092,0
40.7076,-73.9402,2
40.7309,-74.0051,0
40.7793,-73.9562,0
40.7749,-73.9888,0
40.7139,-73.958,2
40.7401,-73.9907,0
40.7451,-73.9844,0
40.7286,-74.0001,0
40.7664,-73.9865,0
40.7643,-73.981,0
40.7278,-73.9793,0
40.728,-73.9879,0
40.7444,-73.9833,0
40.7947,-73.9763,0
40.7647,-73.9784,0
40.8474,-73.9833,-1
40.7863,-73.9696,0
40.7629,-73.9821,0
40.7385,-73.9774,0
40.7749,-73.9508,0
40.7461,-74.0005,0
40.7365,-73.9949,0
40.7545,-73.9398,-1
40.7221,-73.9854,0
40.7753,-73.9649,0
40.7264,-73.9787,0
40.7364,-74.0036,0
40.7317,-74.0043,0
40.7747,-73.9502,0
40.7124,-73.9642,2
40.7851,-73.977,0
40.7758,-73.9632,0
40.7437,-74.0005,0
40.7805,-73.9571,0
40.7278,-74.0434,-1
40.7716,-73.9636,0
40.7384,-73.9746,0
40.7354,-74.0038,0
40.7196,-73.9946,0
40.7684,-73.9847,0
40.7348,-74.007,0
40.774,-73.8723,3
40.744,-73.9974,0
40.7332,-73.9967,0
40.7546,-73.964,0
40.6909,-73.9665,-1
40.7302,-73.9757,0
40.7168,-73.9636,2
40.7603,-73.9736,0
40.7809,-73.9567,0
40.7182,-74.007,0
40.7625,-73.9858,0
40.7308,-73.9557,2
40.7213,-74.032,-1
40.7189,-73.9975,0
40.7641,-73.9788,0
40.7451,-73.9864,0
40.7173,-73.9898,0
40.7168,-74.0056,0
40.7246,-73.9916,0
40.7881,-73.9493,0
40.7934,-73.9729,0
40.7813,-73.9543,0
40.7766,-73.9776,0
40.7405,-73.9794,0
40.695,-73.9692,-1
40.7882,-73.9709,0
40.758,-73.981,0
40.69,-73.9935,1
40.7485,-73.9887,0
40.7635,-73.9853,0
40.7342,-73.9937,0
40.7736,-73.9664,0
40.7443,-73.9961,0
40.7767,-73.9599,0
40.7644,-73.9772,0
40.7839,-73.972,0
40.7428,-73.9793,0
40.7511,-73.9927,0
40.7609,-73.9945,0
40.7542,-73.9943,0
40.7518,-73.9945,0
40.7796,-73.9537,0
40.7796,-73.9537,0
40.7393,-73.9954,0
40.7613,-73.9662,0
40.775,-73.9888,0
40.7709,-73.8659,3
40.7328,-74.0033,0
40.7326,-73.976,0
40.7873,-73.9716,0
40.7976,-73.9714,0
40.743,-73.9491,-1
40.7389,-74.0088,0
40.7662,-73.9607,0
40.7927,-73.975,0
40.7552,-73.9693,0
40.774,-73.8725,3
40.7381,-73.9807,0
40.7675,-73.9846,0
40.6877,-73.9916,1
40.7428,-73.9931,0
40.7297,-73.9789,0
40.7772,-73.9784,0
40.7206,-73.9453,2
40.7686,-73.9853,0
40.7693,-73.9832,0
40.7337,-73.9773,0
40.7387,-74.038,-1
40.7788,-73.9619,0
40.7186,-74.0052,0
40.7291,-73.9773,0
40.7238,-74.0095,0
40.7525,-74.004,0
40.6754,-73.9887,1
40.7237,-73.9873,0
40.7399,-73.9885,0
40.6919,-73.989,1
40.729,-73.9811,0
40.7254,-73.8492,-1
40.7614,-73.9899,0
40.7601,-73.9751,0
40.7703,-73.9857,0
40.7313,-74.0101,0
40.7604,-73.9968,0
40.7145,-73.9852,0
40.7856,-73.9563,0
40.7403,-74.0391,-1
40.734,-73.9899,0
40.7619,-73.9724,0
40.7591,-73.9884,0
40.7737,-73.9558,0
40.7572,-73.9838,0
40.7349,-73.9919,0
40.7608,-73.9691,0
40.7821,-73.9598,0
40.7746,-73.9809,0
40.7679,-73.9916,0
40.7312,-73.9593,2
40.7475,-74.0025,0
40.8074,-73.9443,-1
40.788,-73.9556,0
40.7811,-73.9567,0
40.7493,-73.9827,0
40.7731,-73.8855,-1
40.7252,-73.9841,0
40.7247,-73.9985,0
40.7162,-74.0092,0
40.7211,-73.9873,0
40.7426,-73.995,0
40.7109,-74.006,0
40.7769,-73.9575,0
40.7199,-73.9899,0
40.7758,-73.9502,0
40.7769,-73.9535,0
40.7628,-73.972,0
40.7685,-73.985,0
40.7864,-73.9686,0
40.7617,-73.9994,0
40.7968,-73.9728,0
40.7804,-73.9499,0
40.7789,-73.9824,0
40.7682,-73.9894,0
40.7684,-73.9847,0
40.743,-73.995,0
40.6848,-73.9241,-1
40.7079,-74.0061,0
40.7109,-74.0058,0
40.7747,-73.9909,0
40.7358,-73.8606,-1
40.7724,-73.9608,0
40.7451,-73.9769,0
40.7625,-73.9743,0
40.7195,-73.9931,0
40.7291,-73.9909,0
40.7582,-73.9867,0
40.7073,-73.9449,2
40.7801,-73.9574,0
40.7828,-73.9574,0
40.7867,-73.978,0
40.7261,-73.9837,0
40.7361,-73.986,0
40.7748,-73.9564,0
40.7927,-73.9678,0
40.7208,-73.9995,0
40.7553,-73.9866,0
40.782,-73.9477,0
40.7301,-73.9817,0
40.7356,-74.0079,0
40.7772,-73.9783,0
40.7686,-73.9645,0
40.7772,-73.941,0
40.7471,-74.0029,0
40.7149,-74.0113,0
40.7429,-73.9792,0
40.756,-73.9734,0
40.7211,-74.0016,0
40.7124,-73.957,2
40.7967,-73.9705,0
40.7267,-73.9903,0
40.771,-73.9903,0
40.7439,-74.0065,0
40.7456,-73.9947,0
40.7643,-73.9736,0
40.7681,-73.9854,0
40.7712,-73.8659,3
40.7333,-74.0088,0
40.6927,-73.9405,-1
40.768,-73.9013,-1
40.7801,-73.9575,0
40.7722,-73.8917,-1
40.7487,-73.9736,0
40.7212,-73.9875,0
40.6628,-73.8144,-1
40.7588,-73.9836,0
40.7219,-74.0042,0
40.7661,-73.8941,-1
40.7216,-74.0052,0
40.7326,-74.0029,0
40.733,-74.0071,0
40.7406,-73.9814,0
40.7511,-73.9908,0
40.7232,-73.9913,0
40.7325,-73.9762,0
40.7816,-73.9487,0
40.7578,-73.9893,0
40.7842,-73.9568,0
40.7776,-73.9552,0
40.7844,-73.9737,0
40.7419,-73.9749,0
40.7304,-73.9863,0
40.7391,-73.9736,0
40.7141,-74.0146,0
40.7682,-73.9655,0
40.7206,-73.9857,0
40.7874,-73.9742,0
40.6812,-73.9292,-1
40.7298,-73.9869,0
40.7087,-74.0079,0
40.7502,-73.9948,0
40.7724,-73.9671,0
40.7421,-73.9831,0
40.7216,-73.9876,0
40.762,-73.9663,0
40.7457,-73.9886,0
40.7323,-74.0077,0
40.6857,-73.992,1
40.7341,-74.0013,0
40.7261,-74.0088,0
40.7756,-73.9834,0
40.7729,-73.9896,0
40.7456,-74.0057,0
40.7169,-73.9909,0
40.736,-74.0035,0
40.7182,-74.0058,0
40.7828,-73.9736,0
40.7566,-73.9879,0
40.7251,-73.9781,0
40.7386,-73.9976,0
40.7702,-73.9536,0
40.7494,-73.9807,0
40.7446,-73.9568,-1
40.7457,-74.0014,0
40.7445,-73.9753,0
40.7478,-73.9715,0
40.7504,-73.9768,0
40.6722,-73.9643,-1
40.7578,-73.9675,0
40.7592,-73.961,0
40.735,-73.975,0
40.782,-73.9755,0
40.7254,-74.0076,0
40.7592,-73.9958,0
40.7367,-73.9801,0
40.7402,-73.9855,0
40.7639,-73.974,0
40.7362,-73.992,0
40.7224,-73.9832,0
40.7229,-74.0105,0
40.7461,-73.9799,0
40.7231,-73.9438,2
40.741,-73.998,0
40.7538,-73.9781,0
40.7482,-73.989,0
40.7234,-73.9831,0
40.7832,-73.9583,0
40.6795,-73.9954,1
40.7753,-73.9477,0
40.7626,-73.9651,0
40.7226,-73.983,0
40.7656,-73.9822,0
40.7165,-73.991,0
40.7772,-73.9462,0
40.7755,-73.9522,0
40.7577,-73.9656,0
40.7188,-74.0108,0
40.7626,-73.9611,0
40.7693,-73.9594,0
40.7017,-73.9441,-1
40.7628,-73.995,0
40.7505,-73.991,0
40.7426,-73.996,0
40.7749,-73.9597,0
40.7548,-73.9737,0
40.7748,-73.9785,0
40.7642,-73.9945,0
40.7327,-73.996,0
40.7589,-73.9858,0
40.7463,-74.0049,0
40.7227,-73.983,0
40.729,-73.9992,0
40.7983,-73.9673,0
40.6904,-73.978,1
40.7262,-74.0015,0
40.7462,-74.0043,0
40.7247,-73.9815,0
40.7213,-73.9815,0
40.7353,-73.9899,0
40.746,-73.9782,0
40.7788,-73.9862,0
40.75,-73.9835,0
40.7554,-73.9913,0
40.6895,-73.9698,-1
40.7236,-74.0109,0
40.7615,-73.9999,0
40.7156,-74.006,0
40.7031,-73.9861,0
40.7388,-74.0088,0
40.7842,-73.983,0
40.7381,-74.0094,0
40.777,-73.9477,0
40.784,-73.9763,0
40.7338,-73.9806,0
40.7591,-73.9942,0
40.7628,-73.9809,0
40.7229,-73.9905,0
40.7165,-74.0151,0
40.7313,-73.9748,0
40.7311,-73.9827,0
40.7458,-73.988,0
40.7731,-73.9506,0
40.7349,-73.9797,0
40.793,-73.976,0
40.7772,-73.9552,0
40.7794,-73.9793,0
40.7347,-73.9926,0
40.7661,-73.9638,0
40.7159,-74.0089,0
40.7771,-73.958,0
40.7433,-73.9862,0
40.7687,-73.966,0
40.7375,-74.007,0
40.7308,-73.993,0
40.7482,-73.9734,0
40.7561,-73.993,0
40.7238,-73.9837,0
40.7686,-73.8625,3
40.7665,-73.9881,0
40.7504,-73.9874,0
40.7823,-73.9484,0
40.764,-73.9669,0
40.7483,-73.9395,-1
40.7334,-73.9899,0
40.7249,-74.0101,0
40.7457,-73.9982,0
40.7611,-73.9975,0
40.7678,-73.9619,0
40.7219,-74.0041,0
40.8138,-73.9512,-1
40.6851,-73.9833,1
40.7363,-73.9829,0
40.781,-73.9592,0
40.7449,-73.9951,0
40.7733,-73.9664,0
40.7153,-73.8381,-1
40.7884,-73.9794,0
40.7192,-73.9831,0
40.7456,-73.9983,0
40.7933,-73.9766,0
40.6773,-73.9742,-1
40.7526,-73.9932,0
40.7746,-73.9613,0
40.721,-74.01,0
40.7607,-73.9684,0
40.7162,-73.9567,2
40.7336,-73.9976,0
40.6933,-73.9669,-1
40.7703,-73.9856,0
40.7703,-73.9856,0
40.7683,-73.8622,3
40.7787,-73.9842,0
40.7646,-73.9699,0
40.7114,-74.0056,0
40.7993,-73.9702,0
40.7201,-73.954,2
40.7153,-73.9463,2
40.7264,-73.9563,2
40.7402,-73.9863,0
40.7722,-73.9609,0
40.7821,-73.9557,0
40.6965,-73.9952,1
40.7322,-74.0076,0
40.7964,-73.9719,0
40.7185,-73.9832,0
40.7088,-74.0135,0
40.7682,-73.9548,0
40.7197,-73.9869,0
40.7807,-73.9785,0
40.6822,-73.9955,1
40.7364,-73.9815,0
40.7748,-73.9911,0
40.7317,-73.9967,0
40.7215,-74.0105,0
40.7459,-74.002,0
40.7391,-73.9834,0
40.7518,-73.9937,0
40.7741,-73.979,0
40.7424,-73.9788,0
40.7848,-73.9722,0
40.7375,-73.9534,-1
40.7644,-73.9691,0
40.7734,-73.9495,0
40.7301,-73.9858,0
40.7793,-73.9476,0
40.7434,-73.9727,0
40.7784,-73.9509,0
40.7466,-73.982,0
40.7195,-74.0018,0
40.7474,-73.99,0
40.7252,-73.9992,0
40.724,-73.9879,0
40.7479,-74.0025,0
40.7754,-73.95,0
40.7754,-73.95,0
40.7176,-73.992,0
40.7455,-74.0048,0
40.7186,-73.99,0
40.6911,-73.9476,-1
40.7346,-73.99,0
40.7401,-73.9861,0
40.7673,-73.9537,0
40.7747,-73.9596,0
40.734,-73.955,2
40.7437,-74.0071,0
40.7581,-73.9875,0
40.7271,-73.9785,0
40.7381,-73.982,0
40.7348,-73.9891,0
40.7291,-73.9853,0
40.7408,-73.9973,0
40.7684,-73.9847,0
40.7539,-73.983,0
40.7445,-73.9954,0
40.7704,-73.9481,0
40.746,-73.982,0
40.7213,-74.0052,0
40.7686,-73.8626,3
40.8114,-73.9444,-1
40.7284,-73.9836,0
40.77,-73.9554,0
40.7789,-73.956,0
40.745,-73.995,0
40.765,-73.9807,0
40.8007,-73.9663,0
40.7221,-73.9803,0
40.7442,-73.9838,0
40.7202,-74.002,0
40.7273,-73.9964,0
40.721,-73.9555,2
40.769,-73.9609,0
40.6797,-73.975,-1
40.7254,-74.0093,0
40.7427,-73.9826,0
40.7437,-73.9839,0
40.7067,-73.918,-1
40.7778,-73.9487,0
40.7152,-74.0071,0
40.7774,-73.9829,0
40.7221,-74.0043,0
40.7563,-73.9816,0
40.7246,-73.9916,0
40.7249,-73.9808,0
40.7246,-73.9916,0
40.7219,-74.0075,0
40.7528,-73.9658,0
40.7172,-73.9551,2
40.7431,-73.9847,0
40.7501,-73.9937,0
40.7777,-73.9887,0
40.7386,-73.9897,0
40.7361,-73.9978,0
40.7233,-73.9939,0
40.7771,-73.989,0
40.7721,-73.9621,0
40.7514,-73.9935,0
40.759,-73.9871,0
40.7383,-73.9818,0
40.7386,-73.9855,0
40.7409,-74.0076,0
40.6402,-73.9738,-1
40.797,-73.9713,0
40.7594,-73.9734,0
40.7768,-73.9599,0
40.7418,-73.9804,0
40.752,-73.9936,0
40.7356,-74.0076,0
40.6722,-73.9574,-1
40.7334,-73.9898,0
40.741,-73.9838,0
40.7305,-73.98,0
40.8004,-73.9677,0
40.7427,-73.9923,0
40.7748,-73.9901,0
40.7183,-74.0071,0
40.7394,-73.9869,0
40.7187,-73.9582,2
40.7456,-73.9825,0
40.7665,-73.9791,0
40.7401,-73.9862,0
40.7448,-73.9989,0
40.7421,-73.9967,0
40.7254,-74.0001,0
40.7726,-73.9468,0
40.7357,-73.9832,0
40.7769,-73.9778,0
40.7584,-73.9867,0
40.7859,-73.9708,0
40.7518,-73.9769,0
40.7267,-73.996,0
40.739,-74.0081,0
40.7771,-73.979,0
40.7304,-74.0093,0
40.7436,-73.9927,0
40.7208,-74.0042,0
40.7425,-73.996,0
40.7607,-73.9979,0
40.7436,-73.981,0
40.7844,-73.9752,0
40.7619,-73.9901,0
40.7449,-73.9833,0
40.7361,-74.0041,0
40.7408,-74.0072,0
40.7234,-73.9911,0
40.7515,-73.976,0
40.7704,-73.9855,0
40.745,-73.9808,0
40.7726,-73.915,-1
40.748,-73.9567,0
40.7592,-73.9858,0
40.7503,-73.993,0
40.7324,-74.0077,0
40.7665,-73.9624,0
40.7721,-73.8859,-1
40.7688,-73.9563,0
40.71,-73.9624,2
40.7264,-74.009,0
40.7441,-73.9916,0
40.7588,-73.9641,0
40.762,-73.9706,0
40.7646,-73.974,0
40.7294,-73.987,0
40.79,-73.9668,0
40.7228,-74.0046,0
40.7253,-74.0085,0
40.7841,-73.9745,0
40.7272,-73.9796,0
40.7333,-73.9969,0
40.7485,-73.9804,0
40.7223,-74.0109,0
40.7205,-73.9548,2
40.745,-73.9804,0
40.773,-73.9895,0
40.7793,-73.96,0
40.7795,-73.9598,0
40.7728,-73.9895,0
40.7364,-73.9774,0
40.7947,-73.9666,0
40.7156,-73.9858,0
40.7478,-73.9767,0
40.7484,-73.9803,0
40.7488,-73.9759,0
40.7025,-73.9943,0
40.7107,-73.9677,0
40.7808,-73.9764,0
40.7233,-73.9855,0
40.7666,-73.9887,0
40.7157,-74.0034,0
40.6924,-73.9651,-1
40.7647,-73.9645,0
40.7438,-74.0007,0
40.7175,-73.9935,0
40.7375,-74.0051,0
40.7357,-73.9833,0
40.78,-73.9769,0
40.7497,-73.9925,0
40.7741,-73.8726,3
40.7151,-73.9628,2
40.7381,-74.0026,0
40.7548,-73.9803,0
40.6984,-73.9023,-1
40.7557,-73.9921,0
40.6962,-73.9425,-1
40.7166,-74.0164,0
40.7248,-73.9807,0
40.7249,-73.9984,0
40.7729,-73.9583,0
40.7166,-73.9548,2
40.7791,-73.9562,0
40.7956,-73.9731,0
40.6675,-73.9566,-1
40.748,-73.9891,0
40.6926,-74.0882,-1
40.7644,-73.9839,0
40.6625,-73.982,-1
40.7517,-73.9944,0
40.7214,-74.0047,0
40.7334,-74.0024,0
40.7258,-73.9867,0
40.7205,-73.998,0
40.7401,-74.0011,0
40.7156,-73.9858,0
40.7583,-73.9856,0
40.7118,-73.9623,2
40.7563,-73.9972,0
40.7674,-73.9611,0
40.6722,-73.9282,-1
40.7862,-73.98,0
40.7417,-74.0048,0
40.7759,-73.9582,0
40.7499,-73.9752,0
40.7364,-74.0023,0
40.7561,-73.9906,0
40.7664,-73.9779,0
40.7333,-73.9812,0
40.6918,-73.9915,1
40.7545,-73.9869,0
40.7589,-73.9858,0
40.7255,-74.0093,0
40.7738,-73.9814,0
40.784,-73.9814,0
40.7483,-73.9733,0
40.7724,-73.9883,0
40.728,-73.9843,0
40.7843,-73.9738,0
40.8415,-73.9428,-1
40.7864,-73.9685,0
40.7229,-74.0043,0
40.7508,-73.9756,0
40.7315,-74.0032,0
40.7387,-73.994,0
40.7573,-73.9935,0
40.7363,-73.9867,0
40.745,-73.9787,0
40.7026,-73.9916,0
40.7555,-73.9642,0
40.7331,-73.9826,0
40.7229,-74.0047,0
40.7675,-73.9906,0
40.7887,-73.9551,0
40.769,-73.9812,0
40.7529,-73.9873,0
40.716,-73.995,0
40.7381,-74.0095,0
40.7243,-74.0021,0
40.7619,-73.9852,0
40.7617,-73.9588,0
40.7634,-73.9854,0
40.7855,-73.9561,0
40.7195,-73.9996,0
40.7549,-73.9736,0
40.7369,-73.9868,0
40.7488,-73.9923,0
40.6801,-73.9949,1
40.7471,-73.9898,0
40.7341,-73.9933,0
40.7584,-73.9782,0
40.7454,-74.0022,0
40.7765,-73.9462,0
40.7341,-73.9996,0
40.7446,-73.9947,0
40.7442,-73.992,0
40.7321,-73.9984,0
40.7333,-73.9997,0
40.7802,-73.957,0
40.7805,-73.9558,0
40.7647,-73.9636,0
40.7564,-73.9664,0
40.7753,-73.9498,0
40.7397,-73.993,0
40.7275,-73.9951,0
40.7388,-74.0055,0
40.7292,-73.9841,0
40.7301,-73.9795,0
40.7435,-73.9726,0
40.7355,-74.0036,0
40.7236,-74.0103,0
40.7615,-73.9998,0
40.7392,-73.9821,0
40.7706,-73.9481,0
40.755,-73.9824,0
40.7442,-73.9813,0
40.7213,-74.0083,0
40.7237,-74.0103,0
40.7738,-73.9567,0
40.7679,-73.9917,0
40.7519,-73.9774,0
40.7421,-73.9829,0
40.7402,-74.0037,0
40.7248,-73.9807,0
40.7416,-73.9919,0
40.7247,-73.9918,0
40.7111,-74.0057,0
40.7706,-73.8655,3
40.7677,-73.9809,0
40.7475,-73.9768,0
40.7157,-73.9984,0
40.7382,-73.9857,0
40.715,-74.016,0
40.7504,-73.9911,0
40.7502,-73.9946,0
40.7277,-73.9875,0
40.7618,-73.9828,0
40.7507,-73.9921,0
40.7356,-74.0028,0
40.7762,-73.9478,0
40.716,-74.0165,0
40.7213,-73.9779,0
40.7649,-73.9612,0
40.7279,-73.9912,0
40.7594,-73.9949,0
40.7373,-74.0006,0
40.7173,-73.9499,2
40.7268,-73.9779,0
40.7612,-73.9739,0
40.7472,-73.9771,0
40.7472,-73.9771,0
40.6878,-73.9737,-1
40.7795,-73.9598,0
40.781,-73.9533,0
40.7223,-74.0105,0
40.7574,-73.9707,0
40.7715,-73.9567,0
40.7826,-73.9808,0
40.7449,-73.974,0
40.7566,-73.9844,0
40.7367,-73.9889,0
40.7685,-73.9636,0
40.7685,-73.9636,0
40.782,-73.9757,0
40.7849,-73.9763,0
40.7355,-73.9987,0
40.7867,-73.9749,0
40.7256,-74.0031,0
40.7707,-73.9562,0
40.7174,-74.007,0
40.756,-73.9945,0
40.7387,-74.0066,0
40.7101,-73.9629,2
40.7315,-73.9903,0
40.7446,-73.9948,0
40.7674,-73.9551,0
40.7645,-73.9584,0
40.7436,-73.9796,0
40.7566,-73.9187,-1
40.7221,-73.9944,0
40.7768,-73.9892,0
40.7949,-73.9718,0
40.7497,-73.9816,0
40.7511,-73.9401,-1
40.721,-73.9555,2
40.7618,-73.985,0
40.7532,-73.9827,0
40.7477,-74.0005,0
40.7783,-73.9454,0
40.7906,-73.9654,0
40.7225,-74.0003,0
40.7758,-73.9532,0
40.7598,-73.9649,0
40.7872,-73.9562,0
40.7484,-73.9393,-1
40.7786,-73.9854,0
40.7869,-73.9533,0
40.7817,-73.9564,0
40.7656,-73.9823,0
40.731,-73.9786,0
40.7716,-73.9884,0
40.7671,-73.9621,0
40.7237,-74.0107,0
40.7908,-73.9765,0
40.7572,-73.9692,0
40.756,-73.9909,0
40.7213,-74.0016,0
40.7679,-73.9916,0
40.7701,-73.957,0
40.7691,-73.951,0
40.7654,-73.9754,0
40.7803,-73.9463,0
40.7139,-73.9797,0
40.7298,-73.987,0
40.7618,-73.9794,0
40.7225,-73.9943,0
40.7764,-73.9557,0
40.753,-73.9812,0
40.7859,-73.9702,0
40.7619,-73.9851,0
40.7737,-73.9519,0
40.7732,-73.9567,0
40.7254,-74.0093,0
40.6897,-73.9904,1
40.7709,-73.9815,0
40.7927,-73.9677,0
40.7406,-73.9983,0
40.7321,-73.9864,0
40.7501,-73.992,0
40.7928,-73.9754,0
40.7314,-73.9826,0
40.7921,-73.9658,0
40.729,-73.9811,0
40.7797,-73.9504,0
40.7376,-74.0087,0
40.7628,-73.9821,0
40.7323,-74.0077,0
40.7775,-73.9465,0
40.7267,-73.9957,0
40.7332,-73.9945,0
40.7683,-73.9579,0
40.6777,-73.9796,-1
40.7624,-73.9727,0
40.7313,-73.9865,0
40.7442,-73.9718,0
40.7532,-73.979,0
40.7369,-74.0034,0
40.7264,-73.996,0
40.786,-73.9688,0
40.7343,-73.9802,0
40.7269,-73.9859,0
40.7532,-73.979,0
40.7502,-73.9947,0
40.7367,-73.9802,0
40.7467,-74.0049,0
40.755,-73.9943,0
40.6914,-73.9449,-1
40.7656,-73.9807,0
40.7443,-74.0056,0
40.6638,-73.9841,-1
40.7498,-73.9915,0
40.738,-73.9889,0
40.7649,-73.9704,0
40.732,-74.0052,0
40.7645,-73.9654,0
40.7222,-73.9833,0
40.7092,-74.0133,0
40.765,-73.9622,0
40.7372,-73.9793,0
40.761,-73.987,0
40.7459,-73.9787,0
40.7999,-73.97,0
40.7471,-73.9898,0
40.7257,-73.9901,0
40.7383,-73.9921,0
40.7329,-73.9937,0
40.7549,-73.9687,0
40.7094,-74.015,0
40.7427,-73.9863,0
40.7176,-74.0022,0
40.7112,-74.0055,0
40.7631,-73.9684,0
40.7458,-73.9824,0
40.7303,-73.9799,0
40.7384,-73.9998,0
40.745,-73.9888,0
40.7601,-73.975,0
40.6684,-73.9898,-1
40.7911,-73.9751,0
40.7487,-73.9994,0
40.7226,-74.0013,0
40.7437,-73.9755,0
40.7513,-73.9941,0
40.77,-73.9544,0
40.7571,-73.9854,0
40.7619,-73.9717,0
40.7552,-73.9913,0
40.7731,-73.8859,-1
40.7516,-73.9691,0
40.7453,-73.9947,0
40.7036,-74.0135,0
40.7757,-73.9584,0
40.7487,-74.0045,0
40.7616,-73.9995,0
40.7227,-74.0117,0
40.7303,-73.9862,0
40.736,-73.9998,0
40.7236,-74.0107,0
40.7773,-73.9826,0
40.7465,-73.9796,0
40.7688,-73.9584,0
40.7163,-74.0129,0
40.7644,-73.9616,0
40.7613,-73.9739,0
40.7268,-73.9871,0
40.717,-74.0121,0
40.7679,-73.9823,0
40.7678,-73.9058,-1
40.7209,-73.9787,0
40.7203,-73.9873,0
40.7221,-73.9883,0
40.7514,-73.9941,0
40.758,-73.97,0
40.7603,-73.995,0
40.7486,-74.0042,0
40.7337,-74.0019,0
40.7167,-74.0066,0
40.7397,-74.0025,0
40.7387,-73.9979,0
40.7732,-73.9546,0
40.712,-73.8971,-1
40.7614,-73.9704,0
40.7195,-73.9996,0
40.7169,-74.0147,0
40.776,-73.9798,0
40.7413,-73.9876,0
40.7492,-73.992,0
40.7217,-73.9841,0
40.6826,-73.9496,-1
40.7361,-73.9894,0
40.7505,-73.9896,0
40.7665,-73.9532,0
40.7138,-73.9902,0
40.7201,-74.0022,0
40.6932,-73.9692,-1
40.7392,-73.9839,0
40.7525,-73.9786,0
40.77,-73.8646,3
40.7587,-73.9896,0
40.7202,-73.9984,0
40.7907,-73.9654,0
40.7183,-74.0,0
40.6911,-73.9975,1
40.7371,-73.9864,0
40.7368,-74.0041,0
40.776,-73.9574,0
40.7149,-73.9474,2
40.6544,-74.0042,-1
40.7433,-74.0076,0
40.7854,-73.9696,0
40.7767,-73.9439,0
40.7335,-74.0077,0
40.7704,-73.9481,0
40.7077,-74.0169,0
40.7209,-74.002,0
40.7306,-73.9762,0
40.7531,-73.9682,0
40.7307,-73.9871,0
40.6787,-73.9852,1
40.7206,-73.9987,0
40.7392,-73.9935,0
40.678,-73.9573,-1
40.7331,-74.0064,0
40.7295,-73.9802,0
40.771,-73.9657,0
40.7368,-73.9973,0
40.731,-73.9828,0
40.7459,-74.0078,0
40.7167,-73.9647,2
40.7756,-73.9426,0
40.7883,-73.9805,0
40.7167,-73.9547,2
40.7456,-73.9971,0
40.7424,-74.0006,0
40.7246,-73.9939,0
40.7513,-74.0068,0
40.7203,-73.99,0
40.7394,-74.0028,0
40.7794,-73.9534,0
40.7794,-73.9534,0
40.7236,-74.0112,0
40.7785,-73.9555,0
40.7229,-73.9473,2
40.7435,-73.9731,0
40.7215,-73.9822,0
40.7412,-73.981,0
40.7746,-73.9914,0
40.7859,-73.9726,0
40.725,-73.981,0
40.7207,-73.9624,2
40.6769,-73.9876,1
40.7112,-73.9411,2
40.725,-73.9993,0
40.7734,-73.9656,0
40.7075,-73.9424,2
40.7683,-73.8622,3
40.6575,-73.9741,-1
40.7714,-73.9484,0
40.7471,-73.9898,0
40.744,-73.9741,0
40.7562,-73.9816,0
40.7209,-73.9812,0
40.7403,-73.9918,0
40.6918,-73.9844,1
40.746,-73.9884,0
40.714,-73.9373,2
40.7698,-73.9507,0
40.7525,-73.9806,0
40.7195,-73.9996,0
40.7428,-73.9966,0
40.7383,-73.9969,0
40.6917,-73.9845,1
40.7636,-73.9715,0
40.737,-73.9971,0
40.7227,-74.0043,0
40.7392,-73.9934,0
40.737,-73.9845,0
40.7799,-73.9447,0
40.7431,-73.9927,0
40.7236,-74.0,0
40.7132,-73.9557,2
40.737,-73.996,0
40.7523,-73.9996,0
40.7429,-73.9889,0
40.7124,-73.9525,2
40.7445,-73.973,0
40.7724,-73.9588,0
40.7198,-73.9949,0
40.7159,-73.9458,2
40.7217,-74.0011,0
40.7272,-74.0057,0
40.726,-74.0091,0
40.7627,-73.9826,0
40.7767,-73.9631,0
40.7534,-73.9794,0
40.6781,-73.9991,1
40.7444,-73.9762,0
40.7191,-73.9538,2
40.7453,-73.9723,0
40.7676,-73.9928,0
40.7279,-73.9911,0
40.7313,-73.9752,0
40.7645,-73.9687,0
40.725,-73.9905,0
40.6912,-73.9895,1
40.688,-73.9999,1
40.7503,-73.9918,0
40.7192,-73.9855,0
40.7328,-73.9815,0
40.7462,-73.9979,0
40.7471,-73.9935,0
40.7582,-73.9924,0
40.7337,-74.0016,0
40.7424,-73.9973,0
40.7615,-73.9686,0
40.7677,-73.9919,0
40.7361,-73.9977,0
40.7504,-73.9835,0
40.7452,-73.9766,0
40.7737,-73.9459,0
40.7204,-73.9894,0
40.7217,-74.0023,0
40.7306,-73.9849,0
40.7453,-73.9911,0
40.7643,-73.9831,0
40.734,-73.9867,0
40.725,-74.0096,0
40.7445,-73.976,0
40.7881,-73.9682,0
40.7862,-73.9776,0
40.7753,-73.9457,0
40.7735,-73.9817,0
40.7189,-74.0106,0
40.7354,-73.9844,0
40.736,-73.9979,0
40.6949,-73.9948,1
40.7187,-73.962,2
40.7385,-73.9864,0
40.7285,-74.0035,0
40.7584,-73.9866,0
40.6959,-73.9449,-1
40.7603,-73.9598,0
40.7378,-73.9841,0
40.7154,-74.0033,0
40.7157,-73.9536,2
40.7898,-73.9523,0
40.7696,-73.9547,0
40.7296,-73.9779,0
40.7225,-73.9937,0
40.7181,-74.0149,0
40.7271,-73.9803,0
40.7361,-74.0043,0
40.7696,-73.9853,0
40.7186,-73.9953,0
40.7379,-73.9959,0
40.7896,-73.9756,0
40.7377,-73.9824,0
40.7736,-73.9516,0
40.7716,-73.9532,0
40.774,-73.8715,3
40.7352,-74.0003,0
40.7356,-73.9832,0
40.7777,-73.9534,0
40.7242,-73.9961,0
40.7437,-74.0063,0
40.7319,-73.9914,0
40.7513,-73.9941,0
40.7386,-73.9874,0
40.7367,-73.982,0
40.7775,-73.9769,0
40.7469,-74.0024,0
40.7669,-73.961,0
40.7758,-73.9562,0
40.6733,-73.9914,-1
40.7118,-73.9428,2
40.7682,-73.9638,0
40.7644,-73.9636,0
40.7505,-73.9707,0
40.7727,-73.9786,0
40.7718,-73.9556,0
40.7698,-73.9548,0
40.7381,-74.0087,0
40.7438,-73.9883,0
40.7363,-73.9789,0
40.777,-73.9823,0
40.7261,-73.9929,0
40.752,-73.9923,0
40.7386,-73.9979,0
40.7251,-73.9888,0
40.7877,-73.9676,0
40.7347,-73.9799,0
40.7637,-73.9701,0
40.7349,-73.9869,0
40.7389,-74.0088,0
40.7763,-73.9579,0
40.7205,-73.9881,0
40.687,-73.9636,-1
40.7758,-73.9607,0
40.7598,-73.9957,0
40.705,-74.0065,0
40.7448,-73.9872,0
40.7835,-73.9589,0
40.7607,-73.9992,0
40.7705,-73.96,0
40.7824,-73.9805,0
40.7628,-73.9932,0
40.7128,-73.9441,2
40.7636,-73.9962,0
40.7668,-73.9844,0
40.7257,-73.9788,0
40.7253,-73.9467,2
40.7664,-73.9682,0
40.7379,-73.9899,0
40.7693,-73.9591,0
40.7425,-73.9918,0
40.6875,-73.9677,-1
40.6634,-73.998,-1
40.7309,-73.9932,0
40.7535,-73.9927,0
40.7329,-73.9879,0
40.7369,-73.9867,0
40.6253,-73.9563,-1
40.76,-73.9963,0
40.7209,-73.9851,0
40.7169,-74.0128,0
40.7834,-73.9531,0
40.776,-73.9441,0
40.7648,-73.9881,0
40.7633,-73.9924,0
40.7804,-73.9468,0
40.6956,-73.9947,1
40.7211,-73.9887,0
40.8029,-73.9565,0
40.7605,-73.9811,0
40.758,-73.9891,0
40.7367,-73.9787,0
40.7942,-73.9739,0
40.7558,-73.9922,0
40.7568,-73.9611,0
40.722,-73.9873,0
40.7218,-74.0099,0
40.7237,-73.9937,0
40.7554,-73.9732,0
40.7239,-73.9793,0
40.7746,-73.9772,0
40.6837,-73.9334,-1
40.7286,-73.9957,0
40.7152,-73.9909,0
40.8014,-73.9375,-1
40.7419,-73.9808,0
40.7778,-73.951,0
40.7697,-73.9807,0
40.7662,-73.9797,0
40.7324,-73.9819,0
40.7257,-74.0056,0
40.7243,-73.9978,0
40.7693,-73.9634,0
40.7041,-73.9255,-1
40.7696,-73.9576,0
40.7475,-73.9733,0
40.7776,-73.9521,0
40.7487,-73.9849,0
40.7073,-74.0018,0
40.7414,-73.9857,0
40.7147,-74.0108,0
40.745,-73.9828,0
40.7183,-73.9929,0
40.7332,-73.981,0
40.7833,-73.9491,0
40.7776,-73.9552,0
40.7375,-74.0055,0
40.7804,-73.9569,0
40.7345,-74.0011,0
40.7933,-73.9672,0
40.7277,-73.9799,0
40.7201,-74.0054,0
40.7633,-73.9795,0
40.6799,-73.9411,-1
40.738,-74.0039,0
40.7653,-73.9794,0
40.7761,-73.9517,0
40.774,-73.8727,3
40.7412,-73.9985,0
40.7917,-73.9757,0
40.6885,-73.9728,-1
40.7222,-73.9889,0
40.7293,-73.8172,-1
40.7031,-73.986,0
40.7547,-73.972,0
40.751,-73.9771,0
40.6841,-73.959,-1
40.7752,-73.9453,0
40.6889,-73.9878,1
40.7288,-73.9805,0
40.7882,-73.9672,0
40.7884,-73.9767,0
40.7433,-73.9801,0
40.8009,-73.9588,0
40.7592,-73.9778,0
40.7816,-73.9757,0
40.6976,-73.993,1
40.7357,-73.9184,-1
40.7588,-73.9655,0
40.7162,-73.9894,0
40.7217,-73.9996,0
40.727,-73.9802,0
40.7226,-74.0003,0
40.7653,-73.9612,0
40.7752,-73.9636,0
40.7637,-73.9778,0
40.7369,-73.9905,0
40.7647,-73.9807,0
40.7443,-73.9763,0
40.716,-74.0112,0
40.7739,-73.8724,3
40.7735,-73.9794,0
40.764,-73.9732,0
40.6824,-73.908,-1
40.7227,-73.9941,0
40.7406,-74.0004,0
40.7407,-73.9759,0
40.7856,-73.9544,0
40.7516,-73.9861,0
40.7107,-73.9654,2
40.8351,-73.9382,-1
40.7363,-73.9976,0
40.7131,-73.9928,0
40.7651,-73.9614,0
40.7501,-73.9745,0
40.6906,-73.9704,-1
40.7778,-73.9797,0
40.7796,-73.9519,0
40.6883,-73.9996,1
40.782,-73.9558,0
40.7675,-73.9613,0
40.7249,-73.9808,0
40.7514,-73.994,0
40.7723,-73.9609,0
40.6877,-73.9989,1
40.7484,-73.9889,0
40.7194,-73.9862,0
40.6864,-73.9567,-1
40.7459,-74.0074,0
40.7593,-73.9907,0
40.7718,-73.9555,0
40.7265,-73.979,0
40.7437,-74.0063,0
40.7409,-73.9787,0
40.7395,-73.9997,0
40.8582,-73.9329,-1
40.7815,-73.9466,0
40.7411,-73.9922,0
40.7246,-73.9396,2
40.689,-73.9889,1
40.7787,-73.9451,0
40.7733,-73.965,0
40.7356,-73.9885,0
40.7433,-73.9917,0
40.7112,-73.9474,2
40.709,-74.0012,0
40.7305,-74.0096,0
40.7352,-73.9857,0
40.7472,-73.9934,0
40.733,-73.9753,0
40.7393,-73.9823,0
40.7843,-73.9749,0
40.725,-74.0077,0
40.7757,-73.9459,0
40.7778,-73.983,0
40.7203,-73.9963,0
40.7647,-73.9954,0
40.7246,-74.001,0
40.7441,-73.9897,0
40.7701,-73.8646,3
40.7612,-73.9876,0
40.7514,-73.9941,0
40.7048,-74.0111,0
40.7854,-73.9694,0
40.7556,-73.9785,0
40.7677,-73.9917,0
40.7254,-73.9477,2
40.6917,-73.9844,1
40.7803,-73.9596,0
40.7585,-73.9864,0
40.7269,-73.9889,0
40.7286,-73.9876,0
40.7197,-74.0032,0
40.7245,-73.9998,0
40.7716,-73.9827,0
40.7183,-74.0105,0
40.7769,-73.9535,0
40.7487,-74.006,0
40.7823,-73.9505,0
40.7776,-73.9608,0
40.7269,-73.9855,0
40.7778,-73.9878,0
40.7758,-73.9441,0
40.7661,-73.9603,0
40.7912,-73.9534,0
40.7253,-74.0084,0
40.7394,-74.006,0
40.7477,-73.9944,0
40.7577,-73.9895,0
40.7832,-73.9762,0
40.7559,-73.9908,0
40.7612,-73.9869,0
40.7183,-74.007,0
40.7696,-73.965,0
40.7325,-73.9525,2
40.7504,-73.9735,0
40.6898,-73.9773,1
40.7616,-73.9977,0
40.7422,-73.9828,0
40.7327,-73.9856,0
40.7248,-73.9825,0
40.7371,-73.9914,0
40.7581,-73.9753,0
40.6611,-73.9588,-1
40.7727,-73.9464,0
40.7672,-73.9862,0
40.7741,-73.9527,0
40.7553,-73.9929,0
40.7485,-73.9925,0
40.7078,-73.9471,2
40.7736,-73.9478,0
40.7647,-73.978,0
40.7184,-73.9647,2
40.7499,-73.9797,0
40.7781,-73.9523,0
40.7805,-73.9612,0
40.7368,-73.9973,0
40.7708,-73.9487,0
40.7831,-73.953,0
40.7211,-74.004,0
40.7376,-74.0085,0
40.7437,-73.9926,0
40.7317,-73.9902,0
40.681,-73.9759,-1
40.7675,-73.9613,0
40.7135,-73.9442,2
40.7425,-73.9959,0
40.7751,-73.9453,0
40.685,-73.9614,-1
40.7746,-73.9883,0
40.7201,-74.0085,0
40.7796,-73.9879,0
40.7642,-73.9958,0
40.7129,-73.996,0
40.7223,-74.0027,0
40.7376,-73.9841,0
40.7565,-73.992,0
40.7244,-73.991,0
40.7666,-73.9608,0
40.7749,-73.9539,0
40.774,-73.9485,0
40.7253,-74.0014,0
40.7633,-73.9944,0
40.7146,-73.9391,2
40.6753,-73.9623,-1
40.7726,-73.9648,0
40.7515,-73.9939,0
40.732,-74.0052,0
40.7508,-73.9945,0
40.7311,-73.982,0
40.6933,-73.9917,1
40.726,-73.9871,0
40.7305,-73.9939,0
40.7215,-73.9835,0
40.774,-73.8721,3
40.7746,-73.9914,0
40.7504,-73.9832,0
40.7684,-73.8623,3
40.7866,-73.9685,0
40.7179,-73.9476,2
40.7245,-73.9893,0
40.7809,-73.9838,0
40.7809,-73.9838,0
40.7388,-74.0081,0
40.7514,-73.9826,0
40.7705,-73.9116,-1
40.6877,-73.9869,1
40.7365,-73.9788,0
40.7247,-73.9839,0
40.7254,-73.999,0
40.7435,-74.002,0
40.8077,-73.9643,0
40.7269,-73.9829,0
40.7568,-73.9941,0
40.7298,-73.9888,0
40.714,-74.0092,0
40.7372,-73.9792,0
40.756,-73.9967,0
40.7223,-73.9869,0
40.7074,-74.0055,0
40.7391,-73.9829,0
40.6871,-73.985,1
40.7846,-73.9544,0
40.6932,-73.989,1
40.7385,-73.9843,0
40.7566,-73.99,0
40.7249,-73.9827,0
40.7436,-73.9888,0
40.7478,-73.985,0
40.7726,-73.9495,0
40.7536,-73.999,0
40.7585,-73.9889,0
40.7214,-74.0034,0
40.7288,-73.9805,0
40.7151,-74.0052,0
40.6874,-73.9547,-1
40.7079,-74.0013,0
40.7386,-73.9833,0
40.7267,-73.8683,-1
40.7267,-73.8683,-1
40.7246,-73.9997,0
40.6804,-73.9689,-1
40.7277,-73.9855,0
40.7203,-73.9899,0
40.7434,-73.9819,0
40.769,-73.9688,0
40.7612,-73.9996,0
40.7321,-73.9941,0
40.7734,-73.9623,0
40.722,-73.9777,0
40.7283,-73.9834,0
40.7943,-73.9739,0
40.7293,-73.9838,0
40.7836,-73.9733,0
40.7583,-73.967,0
40.7592,-73.9893,0
40.7889,-73.981,0
40.7683,-73.9573,0
40.7481,-73.9914,0
40.6943,-73.9835,1
40.7211,-73.9869,0
40.7271,-74.0055,0
40.7381,-74.0094,0
40.7962,-73.9497,0
40.7004,-73.9168,-1
40.7252,-73.9476,2
40.7239,-73.9963,0
40.7357,-74.0071,0
40.7758,-73.9501,0
40.7535,-73.9712,0
40.7486,-73.9801,0
40.7224,-73.9802,0
40.7872,-73.9738,0
40.7524,-73.9934,0
40.7663,-73.9916,0
40.7765,-73.9463,0
40.7511,-73.9942,0
40.7285,-73.9894,0
40.6979,-73.985,1
40.7849,-73.9744,0
40.7771,-73.9864,0
40.734,-73.9867,0
40.7731,-73.8856,-1
40.7437,-73.9792,0
40.6957,-73.934,-1
40.7545,-73.9697,0
40.779,-73.9559,0
40.7554,-73.9698,0
40.7882,-73.9762,0
40.7235,-74.0107,0
40.7346,-73.9882,0
40.7746,-73.9839,0
40.7331,-73.9982,0
40.7248,-73.9849,0
40.7631,-73.9803,0
40.7261,-73.9471,2
40.7644,-73.9657,0
40.7669,-73.9596,0
40.6825,-73.9964,1
40.7411,-74.0078,0
40.7744,-73.981,0
40.7253,-73.9819,0
40.7567,-73.9926,0
40.7465,-74.0085,0
40.7284,-73.9819,0
40.7738,-73.9601,0
40.7176,-74.0022,0
40.7436,-73.9767,0
40.7424,-73.9932,0
40.7504,-73.9734,0
40.7085,-74.0013,0
40.7502,-73.9945,0
40.7274,-73.9935,0
40.758,-73.9662,0
40.723,-73.9949,0
40.7109,-74.0061,0
40.7699,-73.965,0
40.7584,-73.9735,0
40.7449,-73.9976,0
40.7682,-73.9548,0
40.7918,-73.9768,0
40.7559,-73.9908,0
40.7764,-73.9557,0
40.7366,-73.9818,0
40.7548,-73.9794,0
40.7628,-73.9821,0
40.6968,-73.9832,1
40.7672,-73.9586,0
40.7634,-73.9695,0
40.7387,-73.9832,0
40.7255,-73.9822,0
40.752,-73.9851,0
40.7407,-74.0019,0
40.6784,-73.8927,-1
40.7616,-73.9753,0
40.741,-73.9786,0
40.7342,-73.9852,0
40.7336,-73.9996,0
40.7809,-73.9565,0
40.7386,-73.9877,0
40.7366,-73.9975,0
40.7741,-73.9568,0
40.7247,-73.9877,0
40.7887,-73.9552,0
40.7222,-73.9888,0
40.7248,-73.9989,0
40.7093,-74.0134,0
40.7721,-73.9661,0
40.7227,-73.9829,0
40.7277,-73.996,0
40.7444,-74.0021,0
40.7305,-74.0097,0
40.7674,-73.9845,0
40.7804,-73.9874,0
40.7499,-73.9915,0
40.7145,-74.0105,0
40.7345,-73.9804,0
40.7838,-73.9559,0
40.774,-73.9589,0
40.7502,-74.0024,0
40.7754,-73.9621,0
40.7238,-73.9916,0
40.7488,-73.9834,0
40.7294,-73.9918,0
40.75,-73.9835,0
40.7678,-73.9918,0
40.7479,-74.0027,0
40.7678,-73.9918,0
40.7719,-73.9633,0
40.7586,-73.993,0
40.7589,-73.9917,0
40.7229,-73.9462,2
40.7476,-73.9852,0
40.7357,-73.9757,0
40.744,-73.9914,0
40.733,-74.004,0
40.7278,-73.984,0
40.7651,-73.9646,0
40.7385,-73.984,0
40.7841,-73.9739,0
40.7672,-73.9548,0
40.7647,-73.9822,0
40.7732,-73.9487,0
40.6787,-73.9789,-1
40.7587,-73.993,0
40.7175,-74.0021,0
40.7285,-73.9847,0
40.7475,-74.0057,0
40.7035,-73.9906,0
40.7765,-73.9758,0
40.7822,-73.9579,0
40.7386,-73.9805,0
40.7733,-73.9449,0
40.7389,-74.0081,0
40.7377,-73.9805,0
40.7185,-74.0041,0
40.774,-73.9823,0
40.7748,-73.9911,0
40.7113,-74.0057,0
40.7747,-73.9654,0
40.7354,-73.9842,0
40.734,-73.9986,0
40.7356,-74.0079,0
40.7177,-73.9913,0
40.7263,-73.9877,0
40.7496,-73.9522,-1
40.7754,-73.98,0
40.7407,-73.9797,0
40.692,-74.0005,1
40.7388,-74.0088,0
40.7325,-73.9962,0
40.731,-73.9828,0
40.7354,-74.009,0
40.7521,-74.0049,0
40.7095,-74.0021,0
40.7213,-73.9956,0
40.7126,-73.9659,2
40.7255,-73.9784,0
40.7457,-73.9758,0
40.7961,-73.9726,0
40.7884,-73.9784,0
40.7487,-73.9903,0
40.7616,-73.9995,0
40.7349,-74.0001,0
40.7669,-73.9567,0
40.7746,-73.9821,0
40.779,-73.9822,0
40.7214,-73.999,0
40.7134,-73.9903,0
40.7609,-73.9982,0
40.7712,-73.9479,0
40.7306,-73.9893,0
40.729,-73.9848,0
40.7186,-73.956,2
40.6802,-73.9556,-1
40.741,-73.9958,0
40.7798,-73.9762,0
40.7523,-73.9802,0
40.7385,-74.0064,0
40.7337,-73.9899,0
40.7657,-73.9783,0
40.7193,-73.9907,0
40.684,-73.9836,1
40.7379,-74.0044,0
40.7731,-73.8855,-1
40.7696,-73.965,0
40.7333,-73.999,0
40.7197,-73.9903,0
40.7732,-73.9648,0
40.7762,-73.976,0
40.7244,-73.9926,0
40.7355,-73.9811,0
40.7659,-73.9718,0
40.7584,-73.9673,0
40.6866,-73.9991,1
40.7581,-73.9892,0
40.7252,-74.0014,0
40.7454,-73.9988,0
40.7582,-73.9625,0
40.754,-73.9862,0
40.7259,-74.0028,0
40.7748,-73.991,0
40.7329,-73.9777,0
40.731,-73.979,0
40.7454,-73.9771,0
40.7212,-73.9795,0
40.716,-74.0064,0
40.73,-73.9878,0
40.7514,-74.0033,0
40.6989,-73.9569,-1
40.7265,-73.9865,0
40.734,-73.9806,0
40.722,-73.9964,0
40.7678,-73.9916,0
40.7254,-73.9519,2
40.7519,-73.9876,0
40.7239,-73.997,0
40.7213,-73.9968,0
40.7637,-73.9745,0
40.7759,-73.9441,0
40.7546,-73.9801,0
40.7472,-74.0033,0
40.7636,-73.9636,0
40.7558,-73.992,0
40.7451,-73.9888,0
40.7454,-73.9825,0
40.734,-73.9806,0
40.725,-73.9843,0
40.7007,-73.9888,0
40.7379,-74.0019,0
40.6444,-73.9599,-1
40.7751,-73.9473,0
40.6749,-73.9882,-1
40.7482,-73.9889,0
40.7498,-73.9923,0
40.7071,-74.0139,0
40.738,-73.9943,0
40.7465,-73.9776,0
40.736,-73.9959,0
40.7181,-74.0151,0
40.7902,-73.9671,0
40.7354,-74.0016,0
40.6891,-73.968,-1
40.7287,-73.9556,2
40.7338,-73.9805,0
40.7743,-73.9631,0
40.7446,-74.0065,0
40.7271,-73.9797,0
40.7256,-73.9966,0
40.7255,-73.9823,0
40.707,-74.0165,0
40.7006,-73.9398,-1
40.7258,-73.9425,2
40.7124,-73.9514,2
40.7797,-73.9444,0
40.7717,-73.9675,0
40.7727,-73.9655,0
40.7863,-73.9519,0
40.7892,-73.9665,0
40.7592,-73.9903,0
40.7301,-74.0069,0
40.7243,-73.985,0
40.7734,-73.9459,0
40.7233,-73.9825,0
40.7063,-74.0168,0
40.7319,-73.9938,0
40.8241,-73.9449,-1
40.7537,-73.9815,0
40.752,-73.9859,0
40.7697,-73.9485,0
40.7487,-73.9813,0
40.7124,-74.0726,-1
40.7389,-73.9732,0
40.7191,-73.9903,0
40.7606,-73.9605,0
40.7113,-74.0055,0
40.774,-73.8726,3
40.7747,-73.9911,0
40.7869,-73.9778,0
40.686,-73.9854,1
40.761,-73.9733,0
40.7162,-74.011,0
40.6919,-74.0005,1
40.762,-73.9719,0
40.7173,-74.0161,0
40.6936,-73.9887,1
40.6849,-73.9861,1
40.7772,-73.9827,0
40.7472,-73.9564,0
40.7102,-74.0147,0
40.7181,-73.9901,0
40.7114,-73.9613,2
40.7633,-73.9824,0
40.7512,-73.9862,0
40.7318,-73.9916,0
40.7578,-73.9755,0
40.7276,-73.9519,2
40.7262,-74.0017,0
40.7234,-73.9809,0
40.7759,-73.9812,0
40.75,-73.9835,0
40.7716,-73.9551,0
40.7544,-73.9694,0
40.7547,-73.9779,0
40.7566,-73.9925,0
40.7217,-74.0057,0
40.7749,-73.9911,0
40.7676,-73.9809,0
40.7748,-73.9902,0
40.7594,-73.9677,0
40.7667,-73.9594,0
40.7505,-73.9854,0
40.7397,-73.9928,0
40.7747,-73.9911,0
40.7222,-73.9838,0
40.7246,-73.9922,0
40.6834,-73.9481,-1
40.7337,-74.0018,0
40.7819,-73.9538,0
40.7824,-73.9826,0
40.789,-73.9741,0
40.7747,-73.957,0
40.7552,-73.9946,0
40.6903,-73.9898,1
40.774,-73.9485,0
40.6895,-73.9695,-1
40.7869,-73.9779,0
40.7444,-73.9833,0
40.7437,-73.9788,0
40.7507,-73.986,0
40.6357,-74.0329,-1
40.7644,-73.9305,-1
40.7709,-73.957,0
40.7239,-73.985,0
40.7825,-73.9847,0
40.7378,-73.9217,-1
40.7308,-73.9808,0
40.7646,-73.9823,0
40.7032,-73.9173,-1
40.7032,-73.9173,-1
40.723,-74.0632,-1
40.7175,-74.01,0
40.7382,-73.9807,0
40.7747,-73.9882,0
40.7514,-73.994,0
40.7098,-74.0148,0
40.786,-73.9531,0
40.7807,-73.9467,0
40.759,-73.9795,0
40.6606,-73.9922,-1
40.7515,-74.0034,0
40.8134,-73.9371,-1
40.7531,-73.9698,0
40.7919,-73.974,0
40.7327,-73.9815,0
40.7231,-73.9857,0
40.6893,-73.9905,1
40.7757,-73.9527,0
40.7353,-74.006,0
40.7446,-73.999,0
40.7303,-74.0081,0
40.7436,-73.9885,0
40.7622,-73.9584,0
40.7382,-73.9947,0
40.7644,-73.9958,0
40.7647,-73.9957,0
40.7209,-74.005,0
40.7546,-73.9695,0
40.7711,-73.9596,0
40.7705,-73.9625,0
40.7438,-73.9223,-1
40.7164,-74.0092,0
40.73,-74.0049,0
40.7117,-73.951,2
40.7454,-73.9714,0
40.7333,-74.0008,0
40.782,-73.9476,0
40.7269,-73.9781,0
40.7475,-73.9798,0
40.7388,-74.0088,0
40.6824,-73.9986,1
40.7277,-73.9793,0
40.7706,-73.9838,0
40.7255,-73.984,0
40.7644,-73.9835,0
40.7694,-73.9851,0
40.7556,-73.9645,0
40.7613,-73.9974,0
40.7673,-73.9845,0
40.7505,-73.9912,0
40.725,-73.981,0
40.837,-73.946,-1
40.6913,-73.9981,1
40.7559,-73.9728,0
40.7609,-73.9964,0
40.7661,-73.9639,0
40.7227,-74.0105,0
40.7227,-74.0105,0
40.7268,-73.987,0
40.7711,-73.9617,0
40.7666,-73.961,0
40.7203,-73.9845,0
40.725,-73.9812,0
40.7827,-73.9572,0
40.7264,-73.9936,0
40.7257,-73.9062,-1
40.662,-73.99,-1
40.776,-73.9582,0
40.7311,-73.9742,0
40.7243,-74.0015,0
40.7328,-73.978,0
40.7221,-73.9873,0
40.7521,-73.9809,0
40.6911,-73.9901,1
40.7445,-73.973,0
40.7339,-73.9777,0
40.7377,-74.0053,0
40.6944,-73.9453,-1
40.7258,-73.9837,0
40.7846,-73.954,0
40.7377,-74.0057,0
40.7371,-73.9742,0
40.8099,-73.965,0
40.7303,-73.9759,0
40.7303,-73.9759,0
40.726,-73.9851,0
40.7343,-73.9865,0
40.7339,-73.9898,0
40.7064,-73.9231,-1
40.7255,-73.9893,0
40.7298,-73.9867,0
40.703,-73.9828,0
40.7725,-73.9535,0
40.7485,-73.9803,0
40.7435,-73.9785,0
40.7108,-73.9617,2
40.7453,-73.9869,0
40.7552,-73.9734,0
40.7184,-73.9647,2
40.6847,-73.9308,-1
40.7544,-73.9695,0
40.7299,-73.9792,0
40.7982,-73.9645,0
40.726,-73.9779,0
40.7464,-73.9718,0
40.7116,-73.9621,2
40.7663,-73.9603,0
40.7737,-73.964,0
40.7175,-74.0098,0
40.746,-73.9568,0
40.6772,-73.9862,1
40.7406,-74.0043,0
40.725,-73.9924,0
40.7768,-73.9452,0
40.7612,-73.9975,0
40.7835,-73.9503,0
40.7592,-73.9943,0
40.7689,-73.9876,0
40.784,-73.9837,0
40.7784,-73.9811,0
40.6832,-73.9989,1
40.7718,-73.9614,0
40.7321,-73.9941,0
40.7011,-73.9377,-1
40.7351,-73.991,0
40.7516,-74.0038,0
40.7396,-73.9891,0
40.7865,-73.9685,0
40.7555,-73.9754,0
40.7368,-73.9857,0
40.7637,-73.9639,0
40.7676,-73.9842,0
40.7192,-74.0022,0
40.774,-73.8731,3
40.7537,-73.9892,0
40.7356,-73.9754,0
40.7624,-73.9844,0
40.6908,-73.9554,-1
40.773,-73.9603,0
40.7901,-73.977,0
40.7366,-73.9778,0
40.7338,-74.0062,0
40.7557,-73.9822,0
40.7837,-73.9755,0
40.7464,-73.9861,0
40.7742,-73.9632,0
40.7249,-73.9943,0
40.7249,-73.9943,0
40.7254,-73.9763,0
40.7481,-73.957,0
40.7573,-73.9939,0
40.6898,-73.9984,1
40.7203,-73.9975,0
40.7635,-73.9822,0
40.7415,-74.0034,0
40.7617,-73.9746,0
40.7142,-74.0145,0
40.7255,-73.9784,0
40.7735,-73.9891,0
40.7272,-73.9766,0
40.8317,-73.9198,-1
40.72,-73.9882,0
40.7623,-73.9882,0
40.6927,-73.9981,1
40.7321,-73.9984,0
40.7404,-73.9963,0
40.7746,-73.9541,0
40.7611,-73.9974,0
40.774,-73.9485,0
40.6772,-73.9741,-1
40.7203,-74.0,0
40.7896,-73.9715,0
40.7529,-73.9655,0
40.7545,-73.9687,0
40.7276,-73.9833,0
40.7215,-74.0099,0
40.7754,-73.9504,0
40.7685,-73.9849,0
40.776,-73.9561,0
40.7468,-74.0019,0
40.6899,-73.9642,-1
40.7283,-73.8294,-1
40.7109,-73.9683,0
40.7793,-73.9819,0
40.7218,-73.9875,0
40.773,-73.8858,-1
40.6935,-73.9689,-1
40.7795,-73.988,0
40.6593,-73.9848,-1
40.7396,-73.9927,0
40.7672,-73.9585,0
40.726,-73.9977,0
40.7496,-73.9918,0
40.7467,-73.9905,0
40.7749,-73.9806,0
40.7233,-73.9456,2
40.7407,-73.9798,0
40.6741,-73.9843,-1
40.7731,-73.8855,-1
40.7357,-73.9833,0
40.7261,-73.9918,0
40.7213,-73.983,0
40.7468,-73.9885,0
40.747,-73.9928,0
40.7633,-73.9707,0
40.687,-73.9726,-1
40.774,-73.8717,3
40.776,-73.9442,0
40.7273,-74.0056,0
40.7759,-73.9531,0
40.708,-74.0081,0
40.7278,-73.9877,0
40.7235,-74.0062,0
40.7269,-73.9782,0
40.7783,-73.9851,0
40.7773,-73.9515,0
40.7663,-73.9672,0
40.7704,-73.8651,3
40.7641,-73.9827,0
40.7606,-73.9993,0
40.721,-73.9994,0
40.7355,-74.0038,0
40.7438,-74.0064,0
40.7237,-73.9779,0
40.76,-73.9857,0
40.7818,-73.9474,0
40.7844,-73.9814,0
40.7573,-73.9823,0
40.7841,-73.9726,0
40.7539,-73.9747,0
40.7883,-73.9806,0
40.7185,-73.9404,2
40.7185,-73.9404,2
40.7454,-73.9717,0
40.7207,-73.9563,2
40.7632,-73.9826,0
40.6888,-73.9835,1
40.7576,-73.9848,0
40.7649,-73.9826,0
40.7521,-73.9855,0
40.7206,-74.0019,0
40.7234,-73.9958,0
40.7234,-73.9958,0
40.7802,-73.9472,0
40.6933,-73.9721,-1
40.7615,-73.9666,0
40.7376,-74.0035,0
40.7247,-74.0022,0
40.744,-73.9761,0
40.7298,-74.0041,0
40.7391,-73.9734,0
40.7139,-73.9397,2
40.7608,-73.9665,0
40.7761,-73.9797,0
40.7375,-74.0077,0
40.6834,-73.979,1
40.7646,-73.9844,0
40.8028,-73.9456,-1
40.7925,-73.9744,0
40.75,-73.995,0
40.6969,-73.9466,-1
40.7462,-73.9772,0
40.7709,-73.8658,3
40.7494,-73.9923,0
40.7715,-73.9614,0
40.7494,-73.9923,0
40.7475,-73.981,0
40.7665,-73.9863,0
40.7409,-73.9936,0
40.6786,-74.0021,-1
40.7805,-73.9498,0
40.7229,-73.9833,0
40.7354,-73.9755,0
40.7564,-73.9729,0
40.7722,-73.9523,0
40.8092,-73.948,-1
40.6684,-73.9405,-1
40.7783,-73.9488,0
40.722,-73.9835,0
40.7935,-73.969,0
40.733,-73.9962,0
40.7899,-73.9755,0
40.7139,-73.9577,2
40.7388,-74.0075,0
40.753,-74.004,0
40.7535,-73.9964,0
40.7929,-73.9675,0
40.7749,-73.9912,0
40.6603,-73.9917,-1
40.7919,-73.9736,0
40.7577,-73.9616,0
40.743,-73.9858,0
40.7583,-73.9841,0
40.7509,-73.9929,0
40.7593,-73.9725,0
40.7363,-73.9965,0
40.773,-73.9543,0
40.742,-74.0039,0
40.6785,-74.0005,-1
40.7171,-74.008,0
40.7741,-73.8719,3
40.6904,-73.9338,-1
40.7793,-73.9557,0
40.6645,-73.9819,-1
40.7385,-73.9855,0
40.7501,-73.9812,0
40.6891,-73.9396,-1
40.7456,-73.972,0
40.6773,-73.9743,-1
40.7391,-73.9817,0
40.7077,-73.9472,2
40.7737,-73.9598,0
40.6971,-73.9677,-1
40.719,-73.9907,0
40.7778,-73.9553,0
40.7619,-73.972,0
40.7232,-73.853,-1
40.7893,-73.9783,0
40.695,-73.9703,-1
40.6645,-73.9956,-1
40.7627,-74.0358,-1
40.7598,-73.9899,0
40.734,-73.9878,0
40.7305,-73.9824,0
40.7392,-73.9939,0
40.7258,-73.9923,0
40.7658,-73.9612,0
40.7247,-73.9807,0
40.7106,-73.9663,2
40.7902,-73.9791,0
40.7324,-73.9913,0
40.7447,-73.9761,0
40.7404,-73.9906,0
40.7554,-73.9921,0
40.741,-73.9928,0
40.7173,-73.9911,0
40.7842,-73.974,0
40.7456,-73.9892,0
40.7233,-73.9952,0
40.7836,-73.9733,0
40.7404,-73.9928,0
40.7673,-73.9843,0
40.7329,-73.9874,0
40.7566,-73.9723,0
40.7437,-74.0064,0
40.7784,-73.9743,0
40.7642,-73.9822,0
40.7944,-73.969,0
40.7395,-73.9845,0
40.7222,-74.0029,0
40.7601,-73.9833,0
40.7788,-73.9561,0
40.7329,-74.0033,0
40.7791,-73.9827,0
40.6877,-73.9121,-1
40.7792,-73.9488,0
40.7633,-73.9778,0
40.7795,-73.9882,0
40.7207,-73.9833,0
40.6899,-73.9803,1
40.7265,-73.9859,0
40.7359,-73.9823,0
40.7276,-73.9836,0
40.7506,-73.9719,0
40.7752,-73.9803,0
40.732,-73.9938,0
40.7729,-73.8856,-1
40.7199,-74.0002,0
40.7787,-73.9561,0
40.7365,-74.0014,0
40.7679,-73.9859,0
40.7568,-73.9977,0
40.7274,-73.9828,0
40.7164,-74.0109,0
40.7824,-73.9827,0
40.7346,-73.9901,0
40.7311,-73.9915,0
40.7411,-73.9937,0
40.7164,-73.9401,2
40.7594,-73.9752,0
40.7286,-73.9876,0
40.7647,-73.9835,0
40.7376,-74.0075,0
40.7141,-74.0074,0
40.7298,-73.9867,0
40.7561,-73.9716,0
40.7659,-73.9788,0
40.7461,-73.9844,0
40.7165,-73.9616,2
40.7165,-73.9616,2
40.7627,-73.9577,0
40.7805,-73.9819,0
40.7339,-74.0099,0
40.7776,-73.9568,0
40.7803,-73.9851,0
40.7666,-73.9611,0
40.7665,-73.9781,0
40.7666,-73.9784,0
40.7962,-73.9497,0
40.7782,-73.9849,0
40.755,-73.9941,0
40.7395,-73.9797,0
40.7448,-73.9951,0
40.7456,-73.9913,0
40.7163,-74.0122,0
40.759,-73.9893,0
40.7815,-73.9466,0
40.7579,-73.9843,0
40.6742,-73.9746,-1
40.7726,-73.9455,0
40.7728,-73.9599,0
40.7728,-73.9599,0
40.7538,-73.996,0
40.7329,-74.0075,0
40.7245,-73.9848,0
40.7364,-73.9893,0
40.6827,-73.9957,1
40.7868,-73.9726,0
40.7402,-73.9985,0
40.7402,-73.9985,0
40.7658,-73.963,0
40.7453,-73.9767,0
40.7612,-73.9989,0
40.7397,-73.9983,0
40.7514,-73.994,0
40.7528,-73.9873,0
40.7704,-73.9622,0
40.7648,-73.9824,0
40.7169,-73.9431,2
40.7425,-74.0044,0
40.7654,-73.9742,0
40.7324,-73.9948,0
40.7523,-74.005,0
40.7817,-73.9458,0
40.7817,-73.9458,0
40.7915,-73.9777,0
40.7567,-73.9729,0
40.7443,-73.9979,0
40.7301,-73.9931,0
40.7754,-73.9582,0
40.7795,-73.9578,0
40.7836,-73.9714,0
40.7576,-73.975,0
40.7199,-73.9834,0
40.7484,-73.9804,0
40.745,-74.0053,0
40.7396,-73.9871,0
40.7354,-74.0019,0
40.7112,-74.0053,0
40.775,-73.957,0
40.7141,-74.0097,0
40.7767,-73.957,0
40.7346,-74.0094,0
40.7621,-73.9715,0
40.7049,-74.0164,0
40.7354,-74.004,0
40.7649,-73.9647,0
40.7278,-73.991,0
40.7716,-73.9649,0
40.7659,-73.9809,0
40.7514,-73.9739,0
40.8063,-73.9903,-1
40.7189,-73.9513,2
40.7741,-73.9617,0
40.7917,-73.9648,0
40.7425,-73.9962,0
40.7277,-73.9892,0
40.7277,-73.9892,0
40.7375,-74.0041,0
40.7667,-73.9628,0
40.7748,-73.9911,0
40.7333,-74.0042,0
40.7253,-73.9818,0
40.7253,-73.9818,0
40.7582,-74.0002,0
40.737,-73.9793,0
40.7768,-73.9598,0
40.7372,-73.9963,0
40.7713,-73.9615,0
40.8485,-73.9666,-1
40.7755,-73.9534,0
40.7387,-73.994,0
40.7387,-73.994,0
40.7731,-73.8855,-1
40.7911,-73.9651,0
40.771,-73.8659,3
40.7673,-73.9826,0
40.7698,-73.9576,0
40.742,-73.983,0
40.7314,-74.0003,0
40.7252,-74.0015,0
40.7267,-73.9924,0
40.7419,-73.9949,0
40.7158,-74.0036,0
40.7878,-73.9713,0
40.7178,-74.0036,0
40.7642,-73.9824,0
40.7764,-73.9785,0
40.7639,-73.9712,0
40.7759,-73.9561,0
40.7578,-73.9871,0
40.7299,-73.9921,0
40.7653,-73.9703,0
40.7236,-74.0103,0
40.7202,-74.0014,0
40.7701,-73.8647,3
40.7688,-73.9849,0
40.7355,-73.9847,0
40.736,-73.9952,0
40.7715,-73.9648,0
40.7575,-73.9983,0
40.7274,-73.9792,0
40.7612,-73.9996,0
40.684,-73.9916,1
40.6773,-73.9983,1
40.7235,-73.9956,0
40.7235,-73.9956,0
40.7537,-73.9783,0
40.7193,-73.9526,2
40.7726,-73.9532,0
40.7238,-74.0107,0
40.7322,-73.9926,0
40.7536,-73.9788,0
40.7489,-73.9939,0
40.7217,-73.9873,0
40.7183,-74.0144,0
40.7829,-73.9557,0
40.7833,-73.9554,0
40.7193,-74.0062,0
40.7183,-73.9884,0
40.7626,-73.9775,0
40.7457,-73.9937,0
40.724,-73.9911,0
40.7533,-73.9872,0
40.7684,-73.9533,0
40.7508,-73.9908,0
40.7642,-73.9783,0
40.7829,-73.9736,0
40.7673,-73.9537,0
40.7731,-73.9665,0
40.7731,-73.9665,0
40.7986,-73.9708,0
40.7497,-73.9934,0
40.7716,-73.9827,0
40.718,-74.0148,0
40.7765,-73.9795,0
40.7057,-73.9368,-1
40.7607,-74.0027,0
40.754,-73.9804,0
40.7721,-73.9526,0
40.7643,-73.9832,0
40.7662,-73.9659,0
40.7276,-74.0434,-1
40.7433,-73.9818,0
40.7167,-74.0028,0
40.7706,-73.9566,0
40.7526,-73.9814,0
40.759,-73.9943,0
40.6921,-73.9686,-1
40.7284,-74.046,-1
40.7468,-73.9965,0
40.7802,-73.9474,0
40.7415,-73.9988,0
40.6851,-73.9998,1
40.7671,-73.9877,0
40.7801,-73.8415,-1
40.7614,-73.9744,0
40.7327,-73.9836,0
40.7553,-73.9824,0
40.7087,-73.9577,2
40.7243,-73.9812,0
40.7642,-73.9632,0
40.7257,-73.9949,0
40.7411,-74.0074,0
40.7368,-74.0084,0
40.8125,-73.9507,-1
40.7627,-73.9813,0
40.7508,-73.9786,0
40.7377,-73.9743,0
40.7245,-73.9785,0
40.7666,-73.9709,0
40.7587,-73.9892,0
40.7199,-73.9832,0
40.682,-73.9683,-1
40.7643,-73.9686,0
40.7727,-73.9668,0
40.7558,-73.9911,0
40.7418,-73.9997,0
40.7481,-73.9734,0
40.7817,-73.9522,0
40.7337,-74.0065,0
40.7651,-73.9671,0
40.7647,-73.9665,0
40.7367,-73.9888,0
40.7228,-73.9829,0
40.7228,-73.9829,0
40.6901,-73.9515,-1
40.7377,-74.0028,0
40.764,-73.9786,0
40.7398,-73.987,0
40.7402,-74.0328,-1
40.7771,-73.9521,0
40.7492,-73.9961,0
40.7716,-73.952,0
40.7249,-73.9992,0
40.7842,-73.981,0
40.7585,-73.9673,0
40.7585,-73.9673,0
40.6717,-73.9358,-1
40.7779,-73.9457,0
40.7873,-73.9541,0
40.745,-73.9786,0
40.7406,-73.9822,0
40.7604,-73.9953,0
40.7769,-73.9494,0
40.7255,-74.0055,0
40.7786,-73.9571,0
40.7779,-73.9539,0
40.7779,-73.9539,0
40.759,-73.9943,0
40.7594,-73.9861,0
40.7173,-73.9627,2
40.783,-73.9737,0
40.7706,-73.9588,0
40.7735,-73.955,0
40.7782,-73.9456,0
40.7373,-73.9903,0
40.7311,-73.9898,0
40.7256,-74.0029,0
40.7678,-73.9689,0
40.7228,-73.993,0
40.6899,-73.9798,1
40.7758,-73.9611,0
40.7746,-73.9839,0
40.7715,-73.9669,0
40.7583,-73.9601,0
40.7277,-73.9909,0
40.7452,-73.9943,0
40.7196,-74.003,0
40.7559,-73.9837,0
40.7251,-73.9387,2
40.6892,-73.9969,1
40.7793,-73.9844,0
40.7345,-73.9864,0
40.753,-73.9812,0
40.7197,-73.9999,0
40.7438,-74.0064,0
40.7792,-73.9882,0
40.7882,-73.9673,0
40.7365,-73.9786,0
40.7701,-73.9577,0
40.7685,-73.8625,3
40.6943,-73.9836,1
40.7743,-73.9827,0
40.6679,-73.9617,-1
40.7327,-73.9994,0
40.7357,-73.9925,0
40.7767,-73.9639,0
40.777,-73.9777,0
40.7645,-73.9728,0
40.767,-73.9669,0
40.7797,-73.9577,0
40.6913,-73.9844,1
40.7165,-73.9636,2
40.7403,-74.0021,0
40.7922,-73.9681,0
40.7772,-73.9778,0
40.7686,-73.8626,3
40.7987,-73.9705,0
40.6829,-74.003,-1
40.7765,-73.9544,0
40.7642,-73.9586,0
40.7456,-73.9798,0
40.7585,-73.9835,0
40.7244,-73.9958,0
40.7605,-73.9841,0
40.7318,-73.9822,0
40.7741,-73.8725,3
40.7342,-74.0062,0
40.7172,-74.0062,0
40.7316,-73.9931,0
40.7368,-73.9914,0
40.7221,-73.9889,0
40.7505,-73.9946,0
40.6871,-73.9949,1
40.7362,-74.0001,0
40.775,-73.9449,0
40.7475,-74.0043,0
40.7716,-73.9826,0
40.6911,-73.9664,-1
40.781,-73.9463,0
40.7544,-73.9967,0
40.7638,-73.9733,0
40.753,-73.9931,0
40.7558,-73.9723,0
40.7386,-74.0065,0
40.746,-74.0042,0
40.7381,-74.006,0
40.7583,-73.9863,0
40.764,-73.9769,0
40.6903,-73.954,-1
40.7267,-73.9524,2
40.7721,-73.9563,0
40.7729,-73.9498,0
40.7701,-73.9593,0
40.7592,-73.9943,0
40.7418,-73.9831,0
40.762,-73.9816,0
40.767,-73.9619,0
40.7336,-74.0063,0
40.7211,-73.9874,0
40.737,-73.996,0
40.7381,-73.9908,0
40.7268,-73.9851,0
40.6852,-73.986,1
40.7473,-73.9896,0
40.7197,-73.9847,0
40.7194,-74.0027,0
40.7761,-73.9555,0
40.7508,-73.9823,0
40.739,-73.9816,0
40.7797,-73.984,0
40.768,-73.9606,0
40.7588,-73.9893,0
40.7386,-73.9868,0
40.7341,-73.9988,0
40.71,-74.0091,0
40.7733,-73.965,0
40.71,-74.0091,0
40.7447,-73.9912,0
40.73,-73.9754,0
40.7442,-73.9835,0
40.7834,-73.957,0
40.7344,-73.9864,0
40.7302,-73.9795,0
40.7246,-73.9974,0
40.7738,-73.9561,0
40.7315,-73.9903,0
40.7784,-73.977,0
40.7615,-74.0,0
40.8229,-73.9444,-1
40.7749,-73.991,0
40.7398,-74.0026,0
40.7678,-73.9915,0
40.7256,-73.9997,0
40.7731,-73.9782,0
40.7665,-73.9613,0
40.7437,-73.9968,0
40.7517,-74.0039,0
40.7643,-73.9791,0
40.7579,-73.9889,0
40.7907,-73.9654,0
40.6951,-73.9702,-1
40.7666,-73.9259,-1
40.6822,-73.9955,1
40.7411,-74.0079,0
40.6717,-73.9776,-1
40.7497,-73.9922,0
40.71,-74.007,0
40.7343,-73.9896,0
40.7707,-73.98,0
40.7231,-73.85,-1
40.7603,-73.9871,0
40.7701,-73.9555,0
40.7116,-73.9536,2
40.7503,-73.9782,0
40.6642,-73.8769,-1
40.7796,-73.9881,0
40.7359,-74.0063,0
40.773,-73.9583,0
40.7824,-73.9806,0
40.7463,-73.9718,0
40.7227,-74.0048,0
40.7365,-74.0012,0
40.7394,-73.9825,0
40.6823,-73.9597,-1
40.7617,-73.9848,0
40.7885,-73.9781,0
40.7282,-73.9938,0
40.729,-73.9849,0
40.7324,-73.9948,0
40.779,-73.9824,0
40.7258,-73.8689,-1
40.7363,-73.983,0
40.6626,-73.9987,-1
40.7439,-73.978,0
40.7296,-74.0023,0
40.7472,-73.9778,0
40.6617,-73.991,-1
40.7707,-73.9509,0
40.7848,-73.9781,0
40.7269,-73.9782,0
40.7623,-73.9625,0
40.8307,-73.8546,-1
40.7758,-73.9441,0
40.7869,-73.9691,0
40.7507,-74.0034,0
40.7784,-73.9508,0
40.7213,-73.9831,0
40.6934,-73.9889,1
40.7385,-73.9854,0
40.7073,-74.0137,0
40.6778,-73.98,-1
40.7276,-73.9884,0
40.7533,-73.9358,-1
40.7759,-73.9471,0
40.7359,-73.9975,0
40.6753,-73.9776,-1
40.7261,-73.9856,0
40.7516,-74.0036,0
40.7394,-73.9824,0
40.701,-73.9222,-1
40.7239,-73.9414,2
40.7678,-73.9619,0
40.7248,-73.9922,0
40.7248,-73.9922,0
40.7729,-73.954,0
40.7856,-73.9789,0
40.7533,-73.9852,0
40.7267,-73.9832,0
40.7371,-73.9844,0
40.6786,-74.0009,-1
40.7454,-74.0008,0
40.7737,-73.9548,0
40.7808,-73.9614,0
40.7441,-74.0015,0
40.7432,-73.9963,0
40.7694,-73.9847,0
40.7326,-74.0065,0
40.6798,-73.9984,1
40.7421,-73.9828,0
40.7316,-74.0063,0
40.7482,-73.9831,0
40.6908,-73.9733,-1
40.7615,-73.9686,0
40.7373,-74.0015,0
40.7164,-74.0151,0
40.7917,-73.9758,0
40.7862,-73.9736,0
40.7398,-73.9988,0
40.7377,-73.9805,0
40.7442,-73.9994,0
40.7639,-73.9778,0
40.7322,-74.0077,0
40.7435,-73.9772,0
40.7383,-73.9932,0
40.7717,-73.9531,0
40.7338,-73.9898,0
40.7326,-74.0012,0
40.7613,-73.9876,0
40.7701,-73.9804,0
40.7284,-73.9799,0
40.7752,-73.9767,0
40.7498,-73.9916,0
40.721,-73.9811,0
40.7228,-74.0036,0
40.7713,-73.9566,0
40.6887,-73.97,-1
40.7334,-74.0006,0
40.7304,-73.9893,0
40.7698,-73.9847,0
40.676,-73.9998,-1
40.7512,-73.9852,0
40.7472,-73.9876,0
40.7713,-73.9594,0
40.771,-73.866,3
40.7776,-73.9512,0
40.734,-73.9807,0
40.7825,-73.9722,0
40.7725,-73.9628,0
40.7559,-73.9824,0
40.7583,-73.965,0
40.7449,-73.9787,0
40.7408,-74.0054,0
40.7667,-73.9973,0
40.7788,-73.956,0
40.759,-73.9859,0
40.723,-73.9999,0
40.7328,-73.9758,0
40.7266,-73.9993,0
40.7509,-73.9907,0
40.7513,-73.9941,0
40.7566,-73.9716,0
40.7373,-74.0015,0
40.7742,-73.9572,0
40.7488,-73.9889,0
40.8014,-73.9659,0
40.737,-73.9789,0
40.744,-73.9915,0
40.7224,-73.9827,0
40.7393,-73.9938,0
40.729,-73.9992,0
40.7215,-73.9837,0
40.7426,-73.9997,0
40.7688,-73.9852,0
40.7146,-73.9513,2
40.7447,-73.9778,0
40.7641,-73.9787,0
40.7805,-73.9462,0
40.7291,-73.9909,0
40.7512,-73.9942,0
40.7454,-73.989,0
40.7212,-73.9563,2
40.7311,-73.9841,0
40.7383,-73.9819,0
40.7216,-73.9826,0
40.7705,-73.9563,0
40.7626,-73.9652,0
40.7575,-73.9848,0
40.731,-73.8151,-1
40.7783,-73.9564,0
40.7305,-74.009,0
40.7352,-73.9857,0
40.6908,-73.9969,1
40.7444,-74.0004,0
40.7246,-74.0078,0
40.7206,-73.9801,0
40.7407,-73.9914,0
40.7374,-73.9797,0
40.7704,-73.8652,3
40.709,-73.9477,2
40.7263,-73.9917,0
40.785,-73.979,0
40.7208,-73.9953,0
40.7202,-73.996,0
40.7579,-73.932,-1
40.7203,-73.9632,2
40.7727,-73.9813,0
40.721,-73.9913,0
40.7795,-73.9578,0
40.7655,-73.9584,0
40.7438,-74.0063,0
40.7686,-73.9852,0
40.7385,-73.9997,0
40.7797,-73.976,0
40.7201,-74.0084,0
40.7177,-73.9522,2
40.7562,-73.9942,0
40.759,-73.9887,0
40.7214,-73.9929,0
40.7385,-73.9833,0
40.7166,-73.9999,0
40.7744,-73.981,0
40.7644,-73.9752,0
40.7439,-73.9835,0
40.7328,-73.9977,0
40.7514,-73.994,0
40.7576,-73.9896,0
40.7468,-73.9846,0
40.7689,-73.9839,0
40.723,-73.9958,0
40.6852,-73.9998,1
40.6976,-73.9937,1
40.7574,-73.9822,0
40.7605,-73.9801,0
40.767,-73.9786,0
40.7815,-73.9583,0
40.7484,-73.9888,0
40.7529,-73.8849,-1
40.7171,-74.0018,0
40.7558,-73.989,0
40.7162,-74.0075,0
40.759,-73.9888,0
40.7742,-73.9889,0
40.7288,-73.9876,0
40.7589,-73.9886,0
40.7565,-73.9897,0
40.7413,-73.9929,0
40.7274,-73.9922,0
40.7319,-74.0068,0
40.7796,-73.9444,0
40.7137,-73.9773,0
40.7137,-73.9773,0
40.7406,-73.9794,0
40.6767,-74.0157,-1
40.7503,-73.9869,0
40.7264,-73.9935,0
40.7706,-73.9626,0
40.7843,-73.9563,0
40.7613,-73.9996,0
40.7335,-73.9762,0
40.7827,-73.8261,-1
40.7495,-73.9701,0
40.7674,-73.9965,0
40.7793,-73.951,0
40.7759,-73.9831,0
40.7665,-73.9918,0
40.7623,-73.9817,0
40.7495,-74.0045,0
40.7599,-73.9858,0
40.7855,-73.9718,0
40.7746,-73.9541,0
40.778,-73.9592,0
40.734,-73.9949,0
40.7218,-73.9495,2
40.6867,-73.967,-1
40.7358,-73.9949,0
40.7697,-73.9649,0
40.6275,-74.0255,-1
40.7439,-73.9931,0
40.7639,-73.9693,0
40.7759,-73.9762,0
40.7805,-73.976,0
40.7378,-73.9899,0
40.7335,-74.0081,0
40.7691,-73.9809,0
40.7545,-73.9696,0
40.7456,-74.002,0
40.7368,-73.9896,0
40.7642,-73.973,0
40.7311,-73.9829,0
40.7664,-73.9662,0
40.7209,-73.9888,0
40.7394,-73.9998,0
40.7594,-73.9959,0
40.785,-73.9747,0
40.7245,-73.9992,0
40.7386,-73.9852,0
40.7727,-73.9615,0
40.7885,-73.9768,0
40.8072,-73.9541,-1
40.719,-73.9643,2
40.726,-73.9797,0
40.7434,-73.9842,0
40.7701,-73.9574,0
40.745,-74.0038,0
40.7485,-73.9782,0
40.7236,-73.9892,0
40.8354,-73.946,-1
40.717,-74.0123,0
40.72,-73.9882,0
40.7834,-73.9786,0
40.7181,-73.9846,0
40.7812,-73.9518,0
40.7442,-73.9805,0
40.749,-73.9925,0
40.7294,-73.98,0
40.7837,-73.9504,0
40.7547,-73.9663,0
40.7567,-73.9961,0
40.7254,-73.9951,0
40.7342,-73.9991,0
40.7635,-73.9822,0
40.7204,-73.9999,0
40.7559,-73.9967,0
40.7851,-73.9559,0
40.7489,-73.9949,0
40.7143,-73.9633,2
40.742,-74.0038,0
40.726,-73.9896,0
40.7665,-73.9688,0
40.7644,-73.9684,0
40.748,-74.0054,0
40.7498,-73.9815,0
40.7338,-73.9805,0
40.7769,-73.9516,0
40.6902,-73.9732,-1
40.7672,-73.9545,0
40.7209,-74.0041,0
40.7731,-73.9522,0
40.7269,-73.9837,0
40.7792,-73.9848,0
40.7366,-73.9818,0
40.7423,-73.9971,0
40.7233,-73.9825,0
40.7452,-73.9942,0
40.7368,-73.9801,0
40.7823,-73.9715,0
40.774,-73.9546,0
40.769,-73.9544,0
40.7928,-73.9735,0
40.7324,-73.9801,0
40.7059,-73.9437,2
40.7731,-73.8855,-1
40.691,-73.9844,1
40.7593,-73.9617,0
40.7658,-73.9655,0
40.7421,-73.9966,0
40.7898,-73.9771,0
40.7869,-73.9534,0
40.7628,-73.9714,0
40.7794,-73.9599,0
40.7271,-73.9842,0
40.7731,-73.8857,-1
40.7671,-73.9584,0
40.7336,-73.9899,0
40.7694,-73.9534,0
40.7385,-73.9955,0
40.7737,-73.9479,0
40.7808,-73.9815,0
40.7364,-73.9891,0
40.7478,-73.9928,0
40.7701,-73.9831,0
40.7347,-74.0,0
40.7438,-73.9775,0
40.7569,-73.9694,0
40.7762,-73.9559,0
40.7315,-73.9885,0
40.721,-73.9831,0
40.7157,-74.0061,0
40.6872,-73.9353,-1
40.7692,-73.9843,0
40.718,-74.0096,0
40.7681,-73.9608,0
40.7285,-73.9787,0
40.7189,-74.0055,0
40.7444,-73.9804,0
40.7238,-73.9922,0
40.7455,-73.9887,0
40.741,-74.0077,0
40.7821,-73.9557,0
40.7556,-73.9819,0
40.7364,-73.9869,0
40.7246,-73.9916,0
40.6742,-74.0021,-1
40.7346,-73.9988,0
40.7311,-73.9888,0
40.7731,-73.9803,0
40.7313,-74.0038,0
40.7365,-73.9816,0
40.7108,-74.006,0
40.7762,-73.9875,0
40.7214,-73.9979,0
40.7204,-74.0037,0
40.7239,-73.9963,0
40.7635,-73.9757,0
40.759,-73.977,0
40.7516,-73.9942,0
40.7723,-73.9465,0
40.7583,-73.9629,0
40.7316,-73.9874,0
40.7645,-73.9849,0
40.7757,-73.9838,0
40.7269,-73.9828,0
40.8123,-73.9521,-1
40.7469,-74.0019,0
40.6901,-73.9939,1
40.7611,-73.9754,0
40.7542,-73.9928,0
40.6911,-73.9898,1
40.7244,-73.9998,0
40.7579,-73.966,0
40.7362,-73.9789,0
40.761,-73.9993,0
40.6771,-73.9619,-1
40.7272,-74.0033,0
40.7801,-73.951,0
40.6876,-73.9585,-1
40.7348,-74.0036,0
40.7549,-73.9685,0
40.7173,-73.9628,2
40.6629,-73.9849,-1
40.7228,-74.0002,0
40.7688,-73.9608,0
40.732,-74.0052,0
40.6788,-74.0066,-1
40.7849,-73.9725,0
40.7732,-73.8855,-1
40.751,-73.9943,0
40.7762,-73.9558,0
40.7554,-73.9659,0
40.7289,-73.9844,0
40.7148,-74.006,0
40.7787,-73.9559,0
40.7556,-73.9683,0
40.7223,-74.0041,0
40.7622,-73.9726,0
40.7661,-73.9272,-1
40.7462,-73.9796,0
40.7814,-73.9803,0
40.717,-73.9908,0
40.7816,-73.9487,0
40.7573,-73.9744,0
40.7311,-74.0048,0
40.7776,-73.9464,0
40.7094,-73.9486,2
40.7881,-73.9673,0
40.7666,-73.9793,0
40.7683,-73.9517,0
40.7637,-73.9683,0
40.7632,-73.9743,0
40.6919,-73.9716,-1
40.7329,-73.9797,0
40.7643,-73.9616,0
40.7595,-73.9918,0
40.7778,-73.9542,0
40.742,-74.0037,0
40.7827,-73.9557,0
40.7498,-74.0051,0
40.723,-74.0051,0
40.7295,-73.9811,0
40.7468,-73.9845,0
40.7687,-73.97,0
40.7623,-73.9625,0
40.6859,-74.0013,1
40.6971,-73.997,1
40.7569,-73.985,0
40.7549,-73.9735,0
40.7349,-73.9972,0
40.7433,-73.9841,0
40.7349,-73.9814,0
40.7685,-73.9576,0
40.7215,-73.9822,0
40.7311,-73.9531,2
40.7702,-73.9517,0
40.7291,-73.9888,0
40.7647,-73.981,0
40.7278,-73.9821,0
40.7827,-73.9808,0
40.7394,-73.9805,0
40.7741,-73.8725,3
40.7354,-74.0092,0
40.7354,-74.0092,0
40.7746,-73.984,0
40.7513,-74.0069,0
40.7321,-73.9987,0
40.7533,-73.989,0
40.7505,-73.9946,0
40.7211,-74.0037,0
40.7455,-73.9716,0
40.7185,-73.9409,2
40.7618,-73.9827,0
40.7741,-73.8722,3
40.7311,-73.9741,0
40.7684,-73.9602,0
40.7739,-73.8716,3
40.6887,-73.9087,-1
40.7504,-73.9952,0
40.6835,-73.9224,-1
40.7798,-73.9472,0
40.7446,-73.9751,0
40.7811,-73.9588,0
40.769,-73.9846,0
40.747,-73.9807,0
40.7519,-73.9693,0
40.7803,-73.9475,0
40.7291,-73.9853,0
40.7232,-73.9968,0
40.7579,-73.9822,0
40.7287,-73.9805,0
40.7179,-73.952,2
40.7659,-73.9634,0
40.7451,-73.9726,0
40.776,-73.9572,0
40.7752,-73.9771,0
40.7482,-73.9763,0
40.7245,-74.0018,0
40.7143,-73.9874,0
40.7462,-73.9929,0
40.7252,-74.0032,0
40.7435,-73.9726,0
40.7307,-73.987,0
40.7936,-73.9633,0
40.7198,-73.9999,0
40.7595,-73.9852,0
40.7447,-73.9948,0
40.7342,-73.9899,0
40.7455,-73.9934,0
40.7545,-73.9715,0
40.7304,-74.0022,0
40.7323,-74.0077,0
40.7593,-73.9705,0
40.752,-73.9951,0
40.7287,-73.9824,0
40.7746,-73.9914,0
40.7594,-73.9846,0
40.7197,-74.0054,0
40.7759,-73.9471,0
40.7682,-73.957,0
40.7369,-73.9869,0
40.7499,-73.992,0
40.7187,-74.0024,0
40.7682,-73.9607,0
40.7218,-73.9976,0
40.7859,-73.9806,0
40.7393,-73.9828,0
40.7393,-73.9828,0
40.746,-73.9961,0
40.7438,-73.995,0
40.7058,-74.0084,0
40.7161,-74.0053,0
40.7447,-74.002,0
40.7796,-73.9556,0
40.7686,-73.9579,0
40.7794,-73.9521,0
40.7872,-73.9559,0
40.7458,-73.9976,0
40.7628,-73.9892,0
40.6893,-73.9993,1
40.7976,-73.9605,0
40.7306,-74.0097,0
40.7611,-73.9989,0
40.723,-73.999,0
40.77,-73.9534,0
40.7652,-73.9915,0
40.7709,-73.9513,0
40.7924,-73.9665,0
40.7336,-73.9915,0
40.7213,-73.9816,0
40.742,-73.985,0
40.7199,-74.0057,0
40.7294,-73.9871,0
40.7609,-73.9842,0
40.6944,-73.9984,1
40.7739,-73.8725,3
40.7461,-73.9942,0
40.7434,-73.994,0
40.721,-74.0042,0
40.7623,-73.9625,0
40.7459,-73.9727,0
40.7489,-73.9962,0
40.7825,-73.9547,0
40.7691,-73.9221,-1
40.769,-73.9826,0
40.7582,-73.9713,0
40.7295,-74.0069,0
40.7407,-73.9859,0
40.7368,-73.9802,0
40.7522,-73.9736,0
40.6834,-73.9969,1
40.7144,-74.0138,0
40.715,-73.9901,0
40.7375,-74.0011,0
40.7527,-73.9931,0
40.7342,-74.0031,0
40.7489,-73.9877,0
40.7146,-73.939,2
40.6634,-73.9894,-1
40.7431,-73.9844,0
40.7371,-73.9963,0
40.7723,-73.9522,0
40.75,-73.9721,0
40.7606,-73.9985,0
40.6978,-73.9966,0
40.6851,-73.9672,-1
40.7757,-73.9903,0
40.7789,-73.951,0
40.7492,-73.9922,0
40.7573,-73.9607,0
40.7703,-73.9623,0
40.7584,-73.9878,0
40.7777,-73.9786,0
40.776,-73.956,0
40.745,-73.9762,0
40.7738,-73.964,0
40.7796,-73.9759,0
40.7047,-73.8315,-1
40.6854,-73.9663,-1
40.7341,-73.9873,0
40.7268,-73.978,0
40.7072,-74.0054,0
40.7438,-73.9967,0
40.7762,-73.978,0
40.6928,-73.9931,1
40.7329,-73.9959,0
40.732,-74.0014,0
40.7779,-73.9206,-1
40.7707,-73.9626,0
40.6975,-73.9677,-1
40.7809,-73.9498,0
40.7552,-73.9834,0
40.7779,-73.9631,0
40.7424,-73.9781,0
40.7407,-73.9934,0
40.7882,-73.9766,0
40.7366,-73.9931,0
40.7335,-74.0085,0
40.717,-74.0044,0
40.7723,-73.9526,0
40.7778,-73.9757,0
40.7739,-73.9564,0
40.672,-73.8439,-1
40.7469,-73.9712,0
40.7794,-73.9557,0
40.72,-73.9969,0
40.7804,-73.9856,0
40.7707,-73.9643,0
40.7824,-73.9725,0
40.7181,-73.9855,0
40.7523,-73.9934,0
40.7706,-73.9483,0
40.7805,-73.9467,0
40.7443,-73.9844,0
40.7738,-73.9896,0
40.7611,-73.9991,0
40.773,-73.9483,0
40.7746,-73.9656,0
40.7282,-74.0031,0
40.7683,-73.9822,0
40.7683,-73.9822,0
40.745,-73.9987,0
40.7322,-74.002,0
40.7061,-73.9222,-1
40.7217,-74.0021,0
40.778,-73.9761,0
40.6856,-73.9875,1
40.7295,-74.0009,0
40.6904,-73.9536,-1
40.7259,-73.9806,0
40.7241,-73.9979,0
40.7642,-73.9542,0
40.7639,-73.9763,0
40.7892,-73.9708,0
40.7222,-73.9873,0
40.6845,-73.9846,1
40.7795,-73.9597,0
40.7153,-74.0158,0
40.7409,-74.0055,0
40.6717,-73.981,-1
40.734,-74.0046,0
40.7885,-73.9791,0
40.7618,-73.985,0
40.7214,-73.9878,0
40.7574,-73.9696,0
40.7712,-73.8663,3
40.7498,-73.9899,0
40.786,-73.9811,0
40.7151,-73.9458,2
40.7467,-73.9923,0
40.7074,-73.9624,2
40.7223,-74.0027,0
40.7654,-73.9714,0
40.7353,-73.9984,0
40.7794,-73.9595,0
40.7327,-73.9982,0
40.7514,-73.9975,0
40.7276,-74.0056,0
40.7558,-73.963,0
40.7219,-74.0509,-1
40.7799,-73.9487,0
40.752,-73.9937,0
40.7541,-73.9921,0
40.7796,-73.9757,0
40.692,-73.9843,1
40.7759,-73.9487,0
40.7714,-73.9563,0
40.7567,-73.9905,0
40.7079,-73.9519,2
40.7857,-73.9725,0
40.6714,-73.9804,-1
40.7528,-73.9858,0
40.7737,-73.9459,0
40.7324,-74.0035,0
40.7787,-73.9585,0
40.7625,-73.9886,0
40.6631,-73.9889,-1
40.7725,-73.9821,0
40.6776,-73.9858,1
40.7925,-73.9667,0
40.7522,-73.9953,0
40.7578,-73.989,0
40.7721,-73.9581,0
40.7201,-74.0101,0
40.7228,-73.9882,0
40.6735,-73.9761,-1
40.7336,-73.9807,0
40.7796,-73.9537,0
40.7807,-73.9836,0
40.7544,-73.983,0
40.7316,-73.9853,0
40.7146,-73.8377,-1
40.7497,-73.9794,0
40.6792,-73.9786,-1
40.7091,-73.8146,-1
40.732,-74.0026,0
40.7209,-73.9995,0
40.7493,-73.9919,0
40.723,-73.9892,0
40.7944,-73.9738,0
40.7688,-73.9851,0
40.7195,-74.0049,0
40.7232,-74.0063,0
40.7302,-73.9821,0
40.7744,-73.951,0
40.7548,-73.9931,0
40.7487,-73.9874,0
40.7699,-73.8642,3
40.767,-73.918,-1
40.7324,-73.9934,0
40.7385,-73.9739,0
40.7575,-73.9716,0
40.7207,-73.9851,0
40.7275,-73.9795,0
40.7242,-73.9872,0
40.7146,-73.9616,2
40.7752,-73.9476,0
40.7803,-73.9835,0
40.6916,-73.9967,1
40.7355,-74.0081,0
40.7641,-73.959,0
40.6668,-73.9813,-1
40.735,-73.9891,0
40.761,-73.9998,0
40.7735,-73.9563,0
40.7289,-73.9843,0
40.7736,-73.9457,0
40.7754,-73.9648,0
40.7901,-73.9493,0
40.7084,-74.0048,0
40.74,-73.9917,0
40.7761,-73.9555,0
40.7585,-73.9888,0
40.7747,-73.9911,0
40.6965,-73.9925,1
40.7673,-73.867,3
40.7873,-73.9773,0
40.751,-73.9907,0
40.7665,-73.9608,0
40.7786,-73.9542,0
40.7772,-73.9893,0
40.7706,-73.9919,0
40.7264,-73.9408,2
40.7201,-73.9997,0
40.753,-73.9928,0
40.7847,-73.954,0
40.7258,-74.0075,0
40.7796,-73.9879,0
40.7731,-73.8857,-1
40.7772,-73.9563,0
40.7594,-73.972,0
40.6515,-73.9757,-1
40.7407,-73.9788,0
40.7072,-74.0125,0
40.7261,-74.0089,0
40.7441,-73.9842,0
40.7268,-74.0028,0
40.7493,-73.9789,0
40.7646,-73.9959,0
40.7497,-73.9916,0
40.7533,-73.979,0
40.7461,-73.9718,0
40.7375,-73.9868,0
40.7674,-73.9549,0
40.6956,-73.9973,1
40.7647,-73.9604,0
40.7782,-73.9745,0
40.7515,-73.976,0
40.7588,-73.9817,0
40.7703,-73.9536,0
40.7707,-73.9516,0
40.7261,-73.98,0
40.7328,-73.9748,0
40.6891,-73.9889,1
40.8096,-73.9362,-1
40.7746,-73.9819,0
40.7162,-73.9415,2
40.7884,-73.9548,0
40.7575,-73.9756,0
40.7728,-73.956,0
40.7466,-73.9901,0
40.7783,-73.9565,0
40.7344,-73.9803,0
40.7261,-73.9986,0
40.7053,-74.0172,0
40.7326,-73.9834,0
40.7507,-74.0054,0
40.741,-73.9923,0
40.7556,-73.9766,0
40.691,-73.9896,1
40.7726,-73.9473,0
40.7323,-74.0077,0
40.7639,-73.9864,0
40.7323,-74.0077,0
40.7085,-74.0175,0
40.7609,-73.9964,0
40.774,-73.9628,0
40.734,-73.9778,0
40.7419,-74.0035,0
40.7351,-73.9918,0
40.7427,-73.9945,0
40.7529,-73.9855,0
40.7291,-73.9905,0
40.7784,-73.949,0
40.689,-73.9528,-1
40.7614,-73.9997,0
40.761,-73.9694,0
40.7185,-74.0005,0
40.7254,-73.9895,0
40.7501,-73.9738,0
40.7616,-73.9866,0
40.7513,-73.9941,0
40.7605,-73.9845,0
40.705,-74.0162,0
40.659,-73.9562,-1
40.7331,-73.9979,0
40.7293,-73.9846,0
40.7562,-73.9931,0
40.7732,-73.959,0
40.7653,-73.9678,0
40.7739,-73.9486,0
40.7475,-73.9785,0
40.7853,-73.979,0
40.7909,-73.969,0
40.7438,-73.9929,0
40.7387,-73.9808,0
40.7192,-73.9956,0
40.7379,-74.0002,0
40.7818,-73.9459,0
40.689,-73.975,-1
40.7376,-74.0042,0
40.7509,-73.9944,0
40.7298,-73.9909,0
40.717,-74.0047,0
40.7454,-73.9795,0
40.7484,-73.9803,0
40.7374,-73.9967,0
40.7419,-73.9809,0
40.7382,-74.0,0
40.7745,-73.9542,0
40.7618,-73.9997,0
40.7805,-73.954,0
40.7332,-73.981,0
40.7752,-73.9454,0
40.7166,-73.991,0
40.7163,-74.0149,0
40.7748,-73.9831,0
40.7346,-74.0054,0
40.7724,-73.9508,0
40.753,-73.9929,0
40.7641,-73.9695,0
40.7419,-73.9829,0
40.7703,-73.9573,0
40.7259,-74.0053,0
40.7252,-74.0107,0
40.72,-73.9999,0
40.6976,-73.9841,1
40.7288,-73.9863,0
40.7253,-74.0013,0
40.7293,-73.9872,0
40.7412,-73.979,0
40.7811,-73.951,0
40.7023,-73.9429,-1
40.746,-73.9906,0
40.7522,-73.9857,0
40.7432,-73.9935,0
40.7194,-74.0413,-1
40.7583,-73.966,0
40.7862,-73.9687,0
40.7749,-73.991,0
40.7742,-73.9633,0
40.678,-73.9265,-1
40.7301,-73.9895,0
40.7206,-73.9857,0
40.6748,-73.9752,-1
40.7239,-74.0034,0
40.7719,-73.9894,0
40.7784,-73.9584,0
40.7187,-73.9562,2
40.7239,-73.9785,0
40.6878,-73.9568,-1
40.7193,-73.9908,0
40.7067,-74.0093,0
40.7101,-73.9688,0
40.7343,-73.8601,-1
40.7378,-73.9828,0
40.7787,-73.9483,0
40.7584,-73.9817,0
40.77,-73.9492,0
40.7248,-73.9824,0
40.7313,-73.9754,0
40.8338,-73.9453,-1
40.7297,-73.9849,0
40.7744,-73.9815,0
40.799,-73.9686,0
40.7736,-73.9662,0
40.7523,-73.9937,0
40.7472,-74.0031,0
40.7514,-73.9866,0
40.7373,-73.9794,0
40.7057,-74.0078,0
40.7459,-73.9765,0
40.7757,-73.9811,0
40.7527,-73.9857,0
40.7602,-73.9946,0
40.7325,-73.9901,0
40.7449,-73.9917,0
40.7816,-73.9846,0
40.7798,-73.9503,0
40.7262,-73.984,0
40.7443,-74.0067,0
40.777,-73.9798,0
40.6941,-73.9642,-1
40.7596,-73.9893,0
40.672,-73.9799,-1
40.7771,-73.952,0
40.7718,-73.989,0
40.7728,-73.9463,0
40.7744,-73.9809,0
40.7341,-73.9748,0
40.7366,-73.978,0
40.787,-73.9718,0
40.7264,-74.009,0
40.7569,-73.9849,0
40.7368,-73.9847,0
40.7322,-73.9843,0
40.7285,-73.8296,-1
40.7684,-73.9847,0
40.7457,-73.9936,0
40.6745,-73.9585,-1
40.7384,-73.9834,0
40.7551,-73.9808,0
40.7562,-73.9771,0
40.7234,-74.0092,0
40.7335,-73.9931,0
40.7459,-73.9481,-1
40.7568,-73.9927,0
40.7231,-73.9894,0
40.7239,-73.9821,0
40.7606,-73.9684,0
40.7356,-73.9794,0
40.7109,-73.9617,2
40.7439,-73.9791,0
40.737,-74.0077,0
40.6933,-73.9886,1
40.7173,-74.0069,0
40.7445,-73.9793,0
40.7294,-73.9774,0
40.7587,-73.9889,0
40.7396,-73.9923,0
40.7842,-73.9708,0
40.717,-74.0081,0
40.764,-73.994,0
40.7473,-73.9833,0
40.7305,-73.9802,0
40.7307,-73.974,0
40.7445,-74.0066,0
40.7792,-73.9621,0
40.7801,-73.9611,0
40.8031,-73.9447,-1
40.7504,-73.9947,0
40.7332,-73.9956,0
40.7929,-73.9675,0
40.6848,-73.9629,-1
40.7804,-73.9759,0
40.66,-73.9189,-1
40.6858,-73.9942,1
40.7309,-74.0043,0
40.7939,-73.9513,0
40.7321,-73.9923,0
40.7819,-73.9572,0
40.685,-73.9999,1
40.7351,-74.0049,0
40.7203,-73.9964,0
40.7581,-73.9625,0
40.7759,-73.957,0
40.7381,-74.0034,0
40.7392,-74.0064,0
40.72,-73.9997,0
40.7332,-73.9759,0
40.7615,-73.9867,0
40.768,-73.9678,0
40.7771,-73.9891,0
40.7408,-74.0077,0
40.7894,-73.9786,0
40.7498,-73.9836,0
40.7214,-74.01,0
40.7616,-73.9846,0
40.7473,-73.9722,0
40.7329,-74.0634,-1
40.7313,-73.9823,0
40.7775,-73.957,0
40.764,-73.9786,0
40.6789,-74.0017,-1
40.7366,-74.0065,0
40.7736,-73.9597,0
40.7657,-73.9816,0
40.7665,-73.9882,0
40.7854,-73.9767,0
40.6892,-73.9551,-1
40.7503,-73.9945,0
40.745,-73.9949,0
40.7387,-73.9876,0
40.7596,-73.9954,0
40.6917,-73.9596,-1
40.7646,-73.9808,0
40.7678,-73.9914,0
40.7256,-73.9988,0
40.7403,-74.0051,0
40.6992,-73.959,-1
40.7279,-74.002,0
40.7745,-73.9497,0
40.736,-73.9936,0
40.7502,-73.9833,0
40.7168,-74.0148,0
40.7751,-73.9836,0
40.7806,-73.9802,0
40.776,-73.9475,0
40.7222,-74.0044,0
40.6453,-74.0209,-1
40.674,-73.9806,-1
40.7521,-73.9756,0
40.7376,-73.9841,0
40.782,-73.9457,0
40.7465,-73.9741,0
40.7571,-73.9698,0
40.7186,-73.9877,0
40.7856,-73.9691,0
40.7352,-74.0008,0
40.7266,-73.8487,-1
40.7681,-73.9566,0
40.7737,-73.8718,3
40.7385,-74.0055,0
40.7216,-74.0111,0
40.766,-73.9577,0
40.7308,-73.9952,0
40.7784,-73.9552,0
40.666,-73.982,-1
40.726,-74.0013,0
40.7857,-73.9782,0
40.7225,-73.989,0
40.7206,-73.995,0
40.7506,-73.9789,0
40.7662,-73.9606,0
40.7257,-74.0089,0
40.6938,-73.9937,1
40.7505,-73.9946,0
40.6704,-73.958,-1
40.79,-73.9743,0
40.704,-74.0125,0
40.786,-73.9552,0
40.7506,-73.9692,0
40.7269,-74.0035,0
40.6947,-73.9939,1
40.7824,-73.9806,0
40.7691,-73.9828,0
40.7354,-74.0043,0
40.7385,-73.9855,0
40.7329,-74.0039,0
40.7165,-74.0162,0
40.7251,-73.9771,0
40.7342,-74.0071,0
40.7502,-73.9921,0
40.7454,-73.9721,0
40.741,-74.0055,0
40.7735,-73.9891,0
40.753,-73.965,0
40.7017,-73.9515,2
40.7123,-73.9557,2
40.7555,-73.9818,0
40.7493,-74.035,-1
40.7649,-73.9609,0
40.6927,-73.9919,1
40.7884,-73.9708,0
40.7808,-73.9586,0
40.7109,-74.0109,0
40.7373,-73.9556,-1
40.7044,-73.9865,0
40.7452,-73.9785,0
40.8253,-73.95,-1
40.7359,-73.9956,0
40.7672,-73.9837,0
40.7355,-73.994,0
40.7481,-74.0051,0
40.6886,-73.9851,1
40.7492,-73.982,0
40.7442,-73.9803,0
40.7472,-74.0029,0
40.74,-73.9879,0
40.7251,-74.003,0
40.7769,-73.9792,0
40.7548,-73.9975,0
40.767,-73.9895,0
40.7707,-73.9587,0
40.7129,-73.9779,0
40.7775,-73.9892,0
40.7289,-73.9815,0
40.7588,-73.9661,0
40.7231,-73.9916,0
40.7922,-73.9643,0
40.7387,-73.9731,0
40.7284,-74.045,-1
40.7387,-73.9271,-1
40.7925,-73.9734,0
40.7556,-73.9919,0
40.7701,-73.9647,0
40.7321,-73.9942,0
40.7995,-73.9695,0
40.7483,-74.0056,0
40.7234,-73.9847,0
40.7793,-73.9774,0
40.7553,-73.964,0
40.7201,-74.0108,0
40.7822,-73.9803,0
40.7369,-73.9847,0
40.8038,-73.9498,-1
40.7745,-73.9818,0
40.7605,-73.9674,0
40.7364,-73.9849,0
40.73,-73.956,2
40.72,-73.9837,0
40.774,-73.8732,3
40.746,-74.0002,0
40.7592,-73.9943,0
40.6948,-73.9644,-1
40.7694,-73.9916,0
40.6721,-73.9642,-1
40.7074,-74.0137,0
40.7658,-73.969,0
40.6845,-73.9397,-1
40.7447,-73.9949,0
40.773,-73.9492,0
40.7225,-73.9864,0
40.726,-73.9799,0
40.6888,-73.9542,-1
40.7694,-73.962,0
40.7451,-73.9899,0
40.7463,-73.9915,0
40.7752,-73.9454,0
40.7763,-73.9565,0
40.6807,-73.9745,-1
40.7714,-73.9565,0
40.7278,-73.984,0
40.7314,-73.9752,0
40.6829,-73.9601,-1
40.7858,-73.9799,0
40.7849,-73.9733,0
40.7575,-73.9717,0
40.7281,-73.9946,0
40.7671,-73.9838,0
40.779,-73.9826,0
40.7439,-73.9821,0
40.7082,-74.006,0
40.7773,-73.9504,0
40.7043,-74.0107,0
40.7043,-74.0107,0
40.7376,-74.0017,0
40.7231,-74.0058,0
40.6693,-73.9731,-1
40.6607,-73.9522,-1
40.7163,-74.0095,0
40.7448,-73.9568,-1
40.7207,-73.995,0
40.7304,-74.0042,0
40.7255,-74.0021,0
40.7359,-74.0051,0
40.7267,-73.9888,0
40.736,-73.9768,0
40.7783,-73.9527,0
40.7047,-74.0146,0
40.7416,-74.0048,0
40.7343,-73.9802,0
40.7778,-73.954,0
40.7209,-74.0041,0
40.7301,-73.9837,0
40.7681,-73.9545,0
40.7454,-73.9716,0
40.7637,-73.9588,0
40.7509,-73.9707,0
40.7508,-73.9943,0
40.7694,-73.9557,0
40.7792,-73.9832,0
40.7,-73.9942,0
40.7398,-73.9869,0
40.7333,-73.8739,-1
40.7108,-74.003,0
40.7459,-74.0075,0
40.7736,-73.9816,0
40.7406,-74.0078,0
40.7024,-73.9842,0
40.7872,-73.9682,0
40.7798,-73.9472,0
40.7673,-73.9881,0
40.7783,-73.9589,0
40.7443,-73.9922,0
40.7779,-73.9785,0
40.7279,-74.0088,0
40.7279,-74.0088,0
40.7316,-73.993,0
40.6671,-73.9313,-1
40.7338,-73.9862,0
40.7976,-73.9708,0
40.7772,-73.9784,0
40.7293,-74.0036,0
40.7406,-73.9819,0
40.6745,-73.9625,-1
40.759,-73.9705,0
40.7235,-73.9811,0
40.7409,-73.9974,0
40.7408,-73.9794,0
40.7367,-73.9804,0
40.7391,-73.9816,0
40.8206,-73.9446,-1
40.79,-73.9784,0
40.7783,-73.9851,0
40.6679,-73.9819,-1
40.7451,-73.994,0
40.756,-73.9833,0
40.7763,-73.9468,0
40.8486,-73.9402,-1
40.735,-73.9919,0
40.7357,-73.9832,0
40.7188,-73.9899,0
40.7567,-73.9827,0
40.7446,-73.999,0
40.7548,-73.9345,-1
40.7244,-73.9394,2
40.6811,-73.9724,-1
40.7571,-73.9992,0
40.7805,-73.9482,0
40.7303,-73.9936,0
40.7481,-73.9806,0
40.7025,-73.9893,0
40.7757,-73.9828,0
40.6598,-73.9808,-1
40.7345,-73.9859,0
40.7361,-73.977,0
40.7841,-73.9815,0
40.663,-73.9841,-1
40.7328,-74.0018,0
40.721,-73.9879,0
40.7665,-73.9782,0
40.6865,-73.9851,1
40.7291,-73.999,0
40.7183,-73.9997,0
40.7249,-73.9806,0
40.6791,-73.9946,1
40.7581,-73.9925,0
40.7518,-74.0062,0
40.7626,-73.9613,0
40.7737,-73.9488,0
40.7276,-73.9794,0
40.7775,-73.9635,0
40.7443,-73.9745,0
40.7762,-73.9478,0
40.7253,-74.0059,0
40.7333,-73.9899,0
40.7642,-73.9921,0
40.7639,-73.988,0
40.7152,-74.0161,0
40.7199,-74.008,0
40.7596,-73.9844,0
40.6896,-73.992,1
40.7731,-73.9567,0
40.7736,-73.9656,0
40.7344,-74.0014,0
40.7845,-73.9831,0
40.6933,-73.9738,-1
40.7507,-73.9908,0
40.702,-73.9897,0
40.7647,-73.976,0
40.7224,-73.9971,0
40.7803,-73.9477,0
40.7387,-73.9808,0
40.7782,-73.9521,0
40.7721,-73.9501,0
40.7645,-73.9957,0
40.7152,-73.9927,0
40.7664,-73.986,0
40.7804,-73.9779,0
40.7484,-74.0059,0
40.7752,-73.9635,0
40.7425,-73.9922,0
40.6932,-73.9721,-1
40.7185,-74.0103,0
40.7914,-73.9703,0
40.7408,-74.0078,0
40.7691,-73.9828,0
40.7302,-73.9865,0
40.788,-73.9785,0
40.7766,-73.9794,0
40.7849,-73.9791,0
40.7662,-73.9619,0
40.7879,-73.9769,0
40.7647,-73.9611,0
40.7676,-73.9928,0
40.7977,-73.9712,0
40.7608,-73.9756,0
40.7578,-73.9871,0
40.7839,-73.9813,0
40.787,-73.9741,0
40.7549,-73.9667,0
40.721,-74.0042,0
40.7642,-73.9828,0
40.7629,-73.9702,0
40.7385,-73.9974,0
40.7142,-73.9882,0
40.7305,-73.9804,0
40.774,-73.8722,3
40.7567,-73.9938,0
40.7933,-73.9733,0
40.7737,-73.956,0
40.7105,-74.0098,0
40.7564,-73.9904,0
40.7046,-74.0082,0
40.6777,-73.9644,-1
40.7849,-73.9533,0
40.7743,-73.9657,0
40.7806,-73.9577,0
40.7725,-73.9509,0
40.7775,-73.9634,0
40.7358,-73.9853,0
40.7225,-74.0638,-1
40.7325,-73.9763,0
40.7226,-74.0091,0
40.7433,-73.9795,0
40.7612,-73.9989,0
40.7683,-73.8622,3
40.7484,-73.9393,-1
40.7613,-73.98,0
40.7836,-73.9505,0
40.7417,-73.9821,0
40.7114,-73.9476,2
40.777,-73.9496,0
40.7289,-74.0052,0
40.7819,-73.9475,0
40.7744,-73.8717,3
40.7301,-73.9895,0
40.774,-73.9815,0
40.7924,-73.9753,0
40.7228,-74.0021,0
40.6808,-73.9324,-1
40.738,-74.002,0
40.7123,-74.0074,0
40.7312,-73.9746,0
40.722,-74.0044,0
40.7326,-73.9968,0
40.724,-73.9963,0
40.7495,-73.9918,0
40.7581,-73.9921,0
40.7184,-73.9977,0
40.7329,-73.9865,0
40.743,-73.9951,0
40.7196,-73.9903,0
40.7754,-73.9505,0
40.7312,-74.003,0
40.7559,-73.9633,0
40.6744,-73.9755,-1
40.7684,-73.9847,0
40.7349,-73.9799,0
40.6966,-73.9972,1
40.7906,-73.9655,0
40.7829,-73.9519,0
40.765,-73.9868,0
40.7622,-73.97,0
40.7051,-74.0105,0
40.7627,-73.9999,0
40.7263,-73.9833,0
40.7728,-73.9476,0
40.754,-73.9784,0
40.6672,-73.9874,-1
40.7828,-73.9797,0
40.7425,-73.9954,0
40.6757,-73.943,-1
40.7375,-74.0071,0
40.7627,-73.9787,0
40.7644,-73.9616,0
40.7678,-73.9915,0
40.7306,-74.0004,0
40.7744,-73.9795,0
40.7714,-74.0192,-1
40.6225,-74.028,-1
40.7193,-74.0018,0
40.7717,-73.9471,0
40.6999,-73.9392,-1
40.6735,-73.977,-1
40.7199,-73.9885,0
40.7437,-73.9997,0
40.7091,-73.9477,2
40.7025,-73.989,0
40.7226,-74.0018,0
40.7688,-73.985,0
40.7897,-73.9772,0
40.7203,-73.9874,0
40.7645,-73.9676,0
40.6996,-73.8105,-1
40.7628,-73.9627,0
40.7376,-73.9933,0
40.7807,-73.961,0
40.7718,-73.8784,3
40.6751,-73.9976,-1
40.7862,-73.9715,0
40.7776,-73.9519,0
40.777,-73.9517,0
40.7696,-73.8798,3
40.7436,-73.9859,0
40.7401,-73.9956,0
40.7324,-74.0076,0
40.7753,-73.9838,0
40.7359,-73.9793,0
40.7676,-73.9615,0
40.7702,-73.9066,-1
40.7745,-73.9542,0
40.7515,-74.0034,0
40.756,-73.9723,0
40.7721,-73.961,0
40.6879,-73.9556,-1
40.7761,-73.9555,0
40.7819,-73.9561,0
40.7695,-73.9601,0
40.7216,-73.9994,0
40.7384,-73.9855,0
40.72,-74.0086,0
40.7567,-73.9926,0
40.7199,-73.9942,0
40.7663,-73.9819,0
40.7505,-73.9698,0
40.7505,-73.9698,0
40.7513,-74.0016,0
40.7513,-74.0016,0
40.7241,-73.8482,-1
40.7204,-73.9967,0
40.7387,-74.0087,0
40.7229,-74.0032,0
40.6867,-73.9726,-1
40.703,-73.9836,0
40.6555,-73.9604,-1
40.7306,-74.0091,0
40.7263,-74.0025,0
40.774,-73.8717,3
40.7076,-74.0081,0
40.7695,-73.9681,0
40.7626,-73.9711,0
40.8138,-73.9461,-1
40.7331,-73.9982,0
40.7444,-73.9728,0
40.7134,-74.0111,0
40.7769,-73.9632,0
40.7779,-73.9629,0
40.6953,-73.984,1
40.7335,-73.9899,0
40.7744,-73.9637,0
40.7653,-73.9837,0
40.6956,-73.9068,-1
40.7385,-74.0018,0
40.7881,-73.968,0
40.7525,-73.9707,0
40.7331,-74.004,0
40.7685,-73.9537,0
40.7481,-74.0002,0
40.7194,-73.9543,2
40.7566,-73.99,0
40.7509,-74.0041,0
40.7257,-74.0056,0
40.7459,-74.0075,0
40.7159,-74.0117,0
40.7823,-73.9554,0
40.7371,-73.9793,0
40.7763,-73.956,0
40.7309,-73.9954,0
40.754,-73.9848,0
40.6836,-73.9276,-1
40.7772,-73.989,0
40.7074,-74.0165,0
40.7582,-73.9912,0
40.7267,-73.9524,2
40.7199,-74.0003,0
40.7837,-73.9738,0
40.7247,-73.994,0
40.7698,-73.986,0
40.7741,-73.8726,3
40.7388,-74.0053,0
40.7214,-74.0035,0
40.7895,-73.9752,0
40.7501,-74.0062,0
40.7264,-73.9961,0
40.7606,-73.9909,0
40.7183,-73.9864,0
40.775,-73.949,0
40.7165,-73.9658,0
40.745,-73.9871,0
40.7768,-73.9773,0
40.7158,-74.0111,0
40.719,-74.0064,0
40.7254,-73.982,0
40.7237,-73.9797,0
40.7374,-73.9808,0
40.7751,-73.963,0
40.7358,-73.9854,0
40.6872,-73.9917,1
40.7258,-73.9827,0
40.6565,-74.0035,-1
40.795,-73.9761,0
40.7217,-73.9999,0
40.7797,-73.9521,0
40.7685,-73.8625,3
40.7174,-73.9997,0
40.7415,-74.0048,0
40.7386,-73.9806,0
40.7707,-73.9487,0
40.7591,-73.9941,0
40.7446,-73.9857,0
40.7297,-74.0046,0
40.765,-73.9615,0
40.7572,-73.9718,0
40.7306,-74.0005,0
40.7355,-74.0036,0
40.7272,-74.0019,0
40.6882,-73.9748,-1
40.7732,-73.8855,-1
40.7557,-73.9824,0
40.7724,-73.9497,0
40.7713,-73.9804,0
40.7244,-73.9999,0
40.7712,-73.9211,-1
40.7429,-73.9831,0
40.7908,-73.969,0
40.7598,-73.984,0
40.7076,-74.0057,0
40.7843,-73.9738,0
40.7503,-73.9946,0
40.7176,-73.9923,0
40.7591,-73.9948,0
40.727,-73.9838,0
40.7374,-74.0089,0
40.7189,-73.9542,2
40.7339,-74.001,0
40.7726,-73.9496,0
40.7454,-73.9887,0
40.7443,-73.9748,0
40.7261,-73.993,0
40.6893,-73.985,1
40.7337,-74.0073,0
40.7442,-73.9919,0
40.7746,-73.9639,0
40.778,-73.9784,0
40.623,-74.0342,-1
40.7331,-73.9928,0
40.7561,-73.9964,0
40.7738,-73.8717,3
40.7096,-74.0178,0
40.7649,-73.9684,0
40.7727,-73.9596,0
40.7447,-73.9918,0
40.7411,-74.0056,0
40.7331,-73.9958,0
40.6766,-73.9745,-1
40.7281,-74.0076,0
40.7767,-73.979,0
40.7201,-74.0098,0
40.7262,-73.9834,0
40.7187,-73.9899,0
40.7728,-73.9624,0
40.7687,-73.9649,0
40.771,-73.949,0
40.7367,-73.9868,0
40.7615,-74.0,0
40.6891,-73.9701,-1
40.7203,-73.9896,0
40.7449,-73.995,0
40.7204,-74.0021,0
40.7825,-73.9589,0
40.7803,-73.9595,0
40.6783,-73.9717,-1
40.7818,-73.9757,0
40.733,-73.975,0
40.7572,-73.9938,0
40.7338,-73.9769,0
40.7623,-73.9786,0
40.6488,-74.0029,-1
40.7502,-73.979,0
40.7271,-73.9828,0
40.7398,-74.0053,0
40.7358,-74.0055,0
40.7272,-73.9856,0
40.7685,-73.8625,3
40.7331,-73.9753,0
40.7796,-73.976,0
40.6688,-73.9833,-1
40.7048,-74.0068,0
40.7616,-73.9996,0
40.7144,-73.9817,0
40.7231,-73.9956,0
40.7588,-73.979,0
40.7464,-73.9776,0
40.7273,-74.0004,0
40.6822,-73.9953,1
40.7609,-73.9983,0
40.7131,-74.0104,0
40.7765,-73.9894,0
40.7637,-73.9716,0
40.7018,-73.9515,2
40.724,-73.9786,0
40.7711,-73.9516,0
40.7882,-73.9762,0
40.6865,-73.9625,-1
40.7464,-73.9913,0
40.7414,-74.0042,0
40.7075,-74.0088,0
40.7778,-73.9887,0
40.7031,-73.9861,0
40.7844,-73.9158,-1
40.6693,-73.9832,-1
40.7329,-73.9814,0
40.7241,-74.0094,0
40.73,-73.9753,0
40.7678,-73.9916,0
40.7309,-74.0041,0
40.7249,-73.997,0
40.7342,-73.9781,0
40.7895,-73.977,0
40.6759,-74.0119,-1
40.7502,-73.9875,0
40.7328,-73.9818,0
40.7592,-73.9957,0
40.7236,-73.9852,0
40.7678,-73.9704,0
40.7373,-73.9988,0
40.7845,-73.9737,0
40.7329,-73.9885,0
40.7347,-74.0093,0
40.724,-74.0034,0
40.7502,-73.9967,0
40.7556,-73.9983,0
40.7684,-73.8626,3
40.7401,-74.0058,0
40.7826,-73.9483,0
40.7143,-74.0103,0
40.7591,-73.9785,0
40.7417,-73.9839,0
40.7367,-73.9907,0
40.7372,-73.9969,0
40.7322,-73.9865,0
40.7507,-73.974,0
40.7246,-73.98,0
40.7694,-73.9827,0
40.7643,-73.9792,0
40.783,-73.9466,0
40.7403,-74.0052,0
40.7705,-73.8653,3
40.7488,-73.9801,0
40.7485,-73.9782,0
40.7467,-73.9964,0
40.6831,-73.9652,-1
40.7766,-73.9893,0
40.7773,-73.9786,0
40.7403,-74.0022,0
40.7515,-74.0065,0
40.7732,-73.8855,-1
40.7549,-73.9687,0
40.7367,-73.9802,0
40.7367,-73.9802,0
40.7456,-73.9721,0
40.7376,-73.9804,0
40.7195,-73.9883,0
40.7772,-73.9889,0
40.7137,-73.9925,0
40.7439,-74.0066,0
40.7459,-73.988,0
40.7563,-73.9725,0
40.74,-74.0011,0
40.7861,-73.9688,0
40.756,-73.9928,0
40.771,-73.8659,3
40.7234,-73.9518,2
40.7738,-73.9547,0
40.7522,-73.9838,0
40.7341,-73.9777,0
40.722,-74.0041,0
40.7736,-73.9495,0
40.7084,-74.0068,0
40.7744,-73.9774,0
40.7797,-73.9445,0
40.7355,-73.9755,0
40.7555,-73.9736,0
40.6757,-73.9431,-1
40.7304,-73.9821,0
40.7262,-73.9554,2
40.7788,-73.9557,0
40.7458,-74.0078,0
40.7763,-73.9557,0
40.7347,-74.009,0
40.7598,-73.8317,-1
40.7352,-73.9803,0
40.7604,-74.0027,0
40.7114,-74.0056,0
40.6694,-73.9833,-1
40.8078,-73.9667,0
40.7664,-73.9527,0
40.6854,-73.9252,-1
40.7695,-73.9815,0
40.7438,-74.0063,0
40.7637,-73.9819,0
40.7371,-74.0038,0
40.7354,-74.0069,0
40.7449,-73.9888,0
40.72,-73.9881,0
40.7599,-73.9962,0
40.7369,-73.9816,0
40.7611,-73.9675,0
40.725,-74.0012,0
40.7423,-73.9531,-1
40.6562,-73.9417,-1
40.7309,-73.9931,0
40.7451,-73.9764,0
40.7339,-73.9962,0
40.799,-73.9688,0
40.753,-73.9876,0
40.7292,-73.9782,0
40.7407,-73.9967,0
40.6773,-73.9983,1
40.7604,-73.9955,0
40.7563,-73.9799,0
40.711,-73.9626,2
40.7857,-73.9787,0
40.6305,-73.9578,-1
40.7292,-73.9873,0
40.7325,-73.9992,0
40.7406,-73.9778,0
40.8016,-73.9547,0
40.7393,-73.991,0
40.7631,-73.9937,0
40.7222,-73.9888,0
40.7419,-74.0035,0
40.7164,-73.9497,2
40.7932,-73.9683,0
40.7572,-73.9625,0
40.7256,-73.9965,0
40.7757,-73.9862,0
40.7921,-73.9658,0
40.716,-74.0088,0
40.7479,-74.0007,0
40.714,-73.9405,2
40.729,-73.985,0
40.7312,-73.9912,0
40.7426,-73.9942,0
40.7467,-73.9845,0
40.7479,-74.0026,0
40.7706,-73.9508,0
40.7198,-73.9875,0
40.7615,-73.975,0
40.7094,-74.0165,0
40.7419,-73.9899,0
40.7408,-74.0076,0
40.7857,-73.9727,0
40.7369,-73.8105,-1
40.6978,-73.9965,1
40.7201,-73.988,0
40.7453,-73.9767,0
40.6907,-73.938,-1
40.7664,-73.9252,-1
40.7567,-73.9901,0
40.7694,-73.8798,3
40.7104,-74.0045,0
40.7499,-73.9814,0
40.7474,-73.9729,0
40.7474,-73.9729,0
40.7637,-73.9658,0
40.7385,-73.9856,0
40.7718,-73.9612,0
40.7592,-73.9749,0
40.7953,-73.976,0
40.6752,-73.9616,-1
40.7302,-73.9547,2
40.7537,-73.967,0
40.7746,-73.9839,0
40.7763,-73.9599,0
40.7439,-73.9991,0
40.7598,-73.986,0
40.7164,-73.9517,2
40.7282,-74.0009,0
40.7043,-74.0103,0
40.751,-73.9713,0
40.7303,-73.9822,0
40.7472,-73.9775,0
40.735,-74.0027,0
40.7884,-73.9765,0
40.7213,-73.9817,0
40.7185,-73.995,0
40.7042,-73.9868,0
40.726,-73.9918,0
40.7039,-74.0093,0
40.7408,-73.9914,0
40.779,-73.9826,0
40.7818,-73.9587,0
40.7241,-73.979,0
40.7587,-73.9883,0
40.7474,-73.993,0
40.6976,-73.9586,-1
40.7092,-74.002,0
40.6846,-73.9864,1
40.7867,-73.9504,0
40.7426,-73.9958,0
40.7865,-73.9791,0
40.6662,-73.9766,-1
40.7375,-74.0041,0
40.783,-73.9711,0
40.7534,-73.9708,0
40.7094,-73.9604,2
40.7741,-73.8725,3
40.7472,-73.9734,0
40.78,-73.9769,0
40.7454,-73.9771,0
40.715,-73.9922,0
40.7282,-73.9992,0
40.7841,-73.9501,0
40.7593,-73.9797,0
40.7207,-73.9852,0
40.7303,-73.9822,0
40.7334,-73.9931,0
40.7856,-73.95,0
40.7564,-73.9933,0
40.7384,-73.9876,0
40.7677,-73.9852,0
40.746,-73.9959,0
40.7302,-73.9894,0
40.729,-74.0026,0
40.7342,-73.9779,0
40.7387,-73.9883,0
40.7738,-73.8713,3
40.7526,-73.9274,-1
40.7178,-74.0043,0
40.7328,-73.9815,0
40.7152,-73.9443,2
40.7627,-73.9821,0
40.762,-73.9739,0
40.7819,-73.9774,0
40.7448,-73.9989,0
40.7543,-73.9807,0
40.727,-74.0009,0
40.7913,-73.9743,0
40.7705,-73.9543,0
40.7568,-73.9631,0
40.7367,-73.9888,0
40.7741,-73.9562,0
40.7651,-73.9724,0
40.7754,-73.9619,0
40.7419,-73.9846,0
40.7488,-73.9421,-1
40.7774,-73.9786,0
40.7213,-74.0013,0
40.7474,-73.9918,0
40.7299,-73.9793,0
40.7696,-73.9602,0
40.8405,-73.9363,-1
40.6839,-73.9259,-1
40.6755,-74.0003,-1
40.7775,-73.9634,0
40.7607,-73.9685,0
40.7663,-73.9918,0
40.7271,-73.9915,0
40.7576,-73.975,0
40.7647,-73.9882,0
40.7722,-73.9789,0
40.7441,-73.9742,0
40.7686,-73.8626,3
40.7444,-73.9761,0
40.763,-73.9565,0
40.7854,-73.9728,0
40.7807,-73.9563,0
40.7201,-73.9881,0
40.718,-74.0098,0
40.7514,-73.9916,0
40.7607,-73.9707,0
40.7576,-73.9767,0
40.6738,-73.9791,-1
40.7236,-74.0109,0
40.7223,-74.0104,0
40.7684,-73.9634,0
40.6964,-73.9963,1
40.7174,-74.0086,0
40.7834,-73.9788,0
40.7612,-73.9971,0
40.7541,-73.9783,0
40.7452,-74.0382,-1
40.7223,-73.9941,0
40.7607,-73.975,0
40.7286,-73.9875,0
40.7503,-73.9943,0
40.7714,-73.947,0
40.7081,-73.945,2
40.7398,-73.9986,0
40.7762,-73.9801,0
40.7316,-73.9872,0
40.7339,-73.9962,0
40.7394,-73.9825,0
40.7808,-73.9848,0
40.7226,-73.9825,0
40.7653,-73.9722,0
40.7713,-73.9563,0
40.7631,-73.9938,0
40.6539,-73.9536,-1
40.7447,-73.9754,0
40.7248,-73.9972,0
40.7512,-73.997,0
40.7033,-73.9911,0
40.7727,-73.9553,0
40.6783,-73.8224,-1
40.8068,-73.9605,0
40.6756,-73.9991,-1
40.7665,-73.9882,0
40.7709,-73.9618,0
40.7777,-73.9459,0
40.778,-73.9485,0
40.7226,-74.0035,0
40.739,-73.9931,0
40.7174,-73.9449,2
40.735,-73.9892,0
40.7197,-73.9871,0
40.7075,-73.9684,2
40.6856,-73.9857,1
40.7688,-73.8672,3
40.7389,-74.0026,0
40.7775,-73.9832,0
40.7487,-73.9823,0
40.7292,-73.9872,0
40.7558,-73.9834,0
40.689,-73.975,-1
40.7688,-73.9607,0
40.7651,-73.9584,0
40.7506,-73.9949,0
40.7547,-73.9642,0
40.746,-73.9779,0
40.7741,-73.8729,3
40.7515,-73.9937,0
40.7611,-73.9714,0
40.7877,-73.9767,0
40.7572,-73.9714,0
40.7634,-73.9707,0
40.8334,-73.9405,-1
40.7625,-73.9822,0
40.7288,-73.9983,0
40.7405,-74.0001,0
40.7523,-73.9934,0
40.7927,-73.9751,0
40.7194,-74.0052,0
40.7586,-73.9909,0
40.708,-74.0154,0
40.6975,-73.9586,-1
40.7885,-73.9547,0
40.7046,-74.0116,0
40.7857,-73.969,0
40.7558,-73.987,0
40.7106,-73.9663,2
40.7588,-73.9804,0
40.7451,-73.9869,0
40.6956,-73.9974,1
40.7708,-73.961,0
40.7592,-73.961,0
40.7671,-73.9568,0
40.7285,-73.9847,0
40.7437,-74.0063,0
40.7437,-74.0063,0
40.7362,-73.9982,0
40.7789,-73.9562,0
40.7332,-73.9954,0
40.7083,-74.017,0
40.7539,-73.9808,0
40.7779,-73.9833,0
40.7435,-73.9997,0
40.7375,-73.9929,0
40.7467,-73.9818,0
40.7467,-73.9818,0
40.7369,-73.9889,0
40.769,-73.886,-1
40.7628,-73.9622,0
40.7365,-73.9796,0
40.724,-73.9788,0
40.7234,-73.9775,0
40.6897,-73.976,1
40.7741,-73.961,0
40.7556,-73.9819,0
40.7765,-73.9895,0
40.7358,-73.9817,0
40.7567,-73.9773,0
40.7644,-73.9817,0
40.7211,-73.9892,0
40.7238,-73.9853,0
40.7334,-74.0046,0
40.7724,-73.9529,0
40.7597,-73.9944,0
40.786,-73.9712,0
40.7705,-73.962,0
40.7851,-73.9806,0
40.7302,-73.9895,0
40.7499,-73.9934,0
40.7129,-73.959,2
40.708,-74.0061,0
40.7361,-73.9791,0
40.7818,-73.9487,0
40.7642,-73.9945,0
40.7456,-73.9531,-1
40.7681,-73.862,3
40.7334,-73.997,0
40.7531,-73.9657,0
40.7363,-73.9871,0
40.7691,-73.961,0
40.7629,-73.9581,0
40.7462,-74.0005,0
40.7385,-73.982,0
40.7228,-73.9835,0
40.7454,-73.9947,0
40.7491,-73.992,0
40.7908,-73.9666,0
40.751,-73.9931,0
40.7247,-73.9986,0
40.731,-73.9943,0
40.774,-73.9594,0
40.7393,-73.9842,0
40.7357,-73.9756,0
40.6942,-73.9834,1
40.747,-73.9739,0
40.7593,-73.9748,0
40.7259,-73.997,0
40.7582,-73.9924,0
40.7526,-73.9917,0
40.775,-73.9888,0
40.7686,-73.8626,3
40.7758,-73.9435,0
40.7514,-73.972,0
40.7624,-73.979,0
40.737,-73.9846,0
40.7687,-73.9617,0
40.7308,-73.9872,0
40.7194,-73.9965,0
40.7372,-73.9864,0
40.6697,-73.9752,-1
40.7414,-73.9968,0
40.7758,-73.9528,0
40.7368,-73.9861,0
40.7356,-73.9794,0
40.6886,-73.97,-1
40.7568,-73.9837,0
40.7627,-73.9655,0
40.7698,-73.9585,0
40.7243,-73.9888,0
40.7021,-73.9828,0
40.7495,-73.9718,0
40.7353,-73.9879,0
40.721,-74.0042,0
40.7674,-73.9845,0
40.7459,-73.9937,0
40.7459,-73.9937,0
40.7824,-73.981,0
40.7824,-73.981,0
40.8479,-73.9344,-1
40.7718,-73.9612,0
40.7255,-73.9899,0
40.7791,-73.9779,0
40.766,-73.9674,0
40.7747,-73.9901,0
40.7222,-73.9838,0
40.7665,-73.9781,0
40.7736,-73.9554,0
40.7774,-73.9625,0
40.7263,-73.9934,0
40.7681,-73.959,0
40.7203,-73.9543,2
40.7323,-74.0077,0
40.7382,-74.0073,0
40.7225,-73.9842,0
40.7437,-73.9765,0
40.7139,-74.0096,0
40.7575,-73.9843,0
40.7442,-73.9845,0
40.776,-73.9615,0
40.7599,-73.9849,0
40.7933,-73.9669,0
40.7402,-73.9844,0
40.7854,-73.9715,0
40.774,-73.8727,3
40.7217,-73.9945,0
40.7069,-74.0159,0
40.7616,-73.9731,0
40.7599,-73.996,0
40.6848,-73.9672,-1
40.7579,-73.9893,0
40.7447,-73.9757,0
40.7367,-74.0045,0
40.7367,-74.0045,0
40.7777,-73.9535,0
40.7191,-73.985,0
40.7199,-74.0003,0
40.7572,-73.9659,0
40.7709,-73.9633,0
40.6814,-74.0081,-1
40.7551,-73.9945,0
40.752,-73.982,0
40.752,-73.982,0
40.7648,-73.9741,0
40.7697,-73.9647,0
40.7677,-73.9552,0
40.7715,-73.9805,0
40.7486,-73.9768,0
40.7826,-73.9593,0
40.7919,-73.9673,0
40.7919,-73.9673,0
40.727,-73.9985,0
40.7833,-73.9807,0
40.7417,-74.0049,0
40.7185,-73.9834,0
40.7665,-73.9608,0
40.7443,-73.9842,0
40.7814,-73.9561,0
40.7291,-73.9949,0
40.7566,-73.9852,0
40.6917,-73.8248,-1
40.7619,-73.9574,0
40.7661,-73.9616,0
40.7384,-73.9853,0
40.8281,-73.9482,-1
40.7442,-73.9745,0
40.726,-73.9986,0
40.7693,-73.9612,0
40.7529,-73.9812,0
40.7594,-73.9673,0
40.6956,-73.9973,1
40.7638,-73.9584,0
40.7398,-74.006,0
40.7647,-73.9823,0
40.7543,-73.9833,0
40.7358,-73.9562,2
40.7604,-73.9993,0
40.7488,-73.971,0
40.7487,-73.98,0
40.7311,-73.9816,0
40.7356,-73.9832,0
40.7361,-73.9858,0
40.6883,-73.9983,1
40.7365,-73.9989,0
40.7498,-73.9791,0
40.7864,-73.9686,0
40.7436,-73.9752,0
40.7436,-73.9752,0
40.7368,-73.9822,0
40.7137,-74.0087,0
40.6935,-73.9799,1
40.7802,-73.9854,0
40.78,-73.9596,0
40.7596,-73.9888,0
40.7591,-73.9943,0
40.7399,-73.9824,0
40.7508,-73.9698,0
40.7573,-73.9745,0
40.7408,-73.98,0
40.7225,-73.9952,0
40.755,-73.9716,0
40.7359,-74.0063,0
40.8257,-73.9509,-1
40.7135,-74.0136,0
40.7665,-73.9515,0
40.733,-73.9935,0
40.7428,-73.9947,0
40.7452,-73.9871,0
40.7229,-73.9835,0
40.7374,-73.9928,0
40.7908,-73.9734,0
40.7524,-73.9826,0
40.7031,-73.9913,0
40.7321,-74.0026,0
40.7644,-73.9959,0
40.7607,-73.9918,0
40.7607,-73.9918,0
40.738,-73.9826,0
40.7219,-74.0009,0
40.7219,-74.0009,0
40.7229,-73.9958,0
40.7781,-73.9621,0
40.7653,-73.9752,0
40.7275,-73.9934,0
40.7275,-73.9934,0
40.7415,-73.9816,0
40.7381,-73.9865,0
40.7763,-73.944,0
40.7658,-73.9768,0
40.7195,-73.9993,0
40.7708,-73.9632,0
40.7131,-74.0086,0
40.7463,-73.9821,0
40.771,-73.9489,0
40.7414,-74.003,0
40.7414,-74.003,0
40.7637,-73.9819,0
40.7354,-74.0043,0
40.7517,-73.9801,0
40.7415,-73.9988,0
40.7292,-73.9853,0
40.7754,-73.9641,0
40.706,-74.0084,0
40.706,-74.0084,0
40.7945,-73.9636,0
40.7523,-73.9777,0
40.7734,-73.9496,0
40.7354,-74.0094,0
40.745,-73.9766,0
40.6862,-73.9702,-1
40.7843,-73.9707,0
40.7498,-73.9922,0
40.7482,-73.9439,-1
40.7687,-73.9878,0
40.7802,-73.9593,0
40.7233,-74.0063,0
40.7357,-74.0069,0
40.7367,-73.9994,0
40.7677,-73.9561,0
40.6886,-73.9846,1
40.6226,-74.0279,-1
40.7539,-73.998,0
40.7217,-73.9996,0
40.7352,-73.9862,0
40.7371,-73.9888,0
40.7296,-73.9864,0
40.7621,-73.9786,0
40.7439,-73.972,0
40.6764,-73.9591,-1
40.7792,-73.9541,0
40.7364,-74.0065,0
40.7447,-73.9572,-1
40.7416,-74.0038,0
40.7755,-73.983,0
40.7608,-73.9985,0
40.7363,-74.0027,0
40.7363,-74.0027,0
40.7765,-73.9584,0
40.7769,-73.9777,0
40.7255,-73.9764,0
40.7173,-73.9628,2
40.7466,-73.9729,0
40.719,-74.0023,0
40.76,-73.9738,0
40.7439,-73.9816,0
40.7375,-74.0087,0
40.7752,-73.9605,0
40.757,-73.9761,0
40.7733,-73.9791,0
40.7357,-73.9969,0
40.7275,-73.9994,0
40.7204,-73.9634,2
40.7686,-73.9621,0
40.7206,-74.002,0
40.7687,-73.9583,0
40.7549,-73.9807,0
40.7609,-73.9992,0
40.7443,-73.9804,0
40.7589,-73.9613,0
40.7688,-73.9852,0
40.7079,-74.0033,0
40.7564,-73.9864,0
40.7686,-73.8628,3
40.7569,-73.9763,0
40.789,-73.9667,0
40.7573,-73.9628,0
40.7613,-73.9997,0
40.7758,-73.9441,0
40.6974,-73.9657,-1
40.7283,-74.0008,0
40.7686,-73.8626,3
40.7758,-73.979,0
40.7729,-73.9478,0
40.7504,-73.9947,0
40.7575,-73.9628,0
40.725,-74.0046,0
40.76,-73.9816,0
40.7706,-73.9589,0
40.742,-73.9862,0
40.7235,-74.0104,0
40.7895,-73.9711,0
40.7555,-73.9816,0
40.7576,-73.9713,0
40.7683,-73.9527,0
40.7408,-74.0055,0
40.7738,-73.8716,3
40.7381,-73.9741,0
40.7173,-74.0144,0
40.7633,-73.9718,0
40.7425,-74.0001,0
40.7387,-74.0092,0
40.737,-73.9779,0
40.7865,-73.9686,0
40.7353,-73.9585,2
40.7521,-73.9775,0
40.7706,-73.9827,0
40.7725,-73.9532,0
40.7517,-73.9788,0
40.7271,-74.0478,-1
40.7491,-73.9906,0
40.7763,-73.9795,0
40.7679,-73.9915,0
40.6997,-73.9921,0
40.7738,-73.874,3
40.7713,-73.9806,0
40.7312,-73.9589,2
40.7611,-73.9989,0
40.7611,-73.9989,0
40.7451,-73.9368,-1
40.7757,-73.9647,0
40.745,-73.9768,0
40.7721,-73.9601,0
40.698,-73.9303,-1
40.6821,-73.9209,-1
40.7396,-73.9953,0
40.7233,-73.9913,0
40.7726,-73.9453,0
40.7396,-73.9961,0
40.7653,-73.9619,0
40.7468,-73.9885,0
40.7754,-73.9598,0
40.7338,-73.9929,0
40.7611,-73.9993,0
40.7445,-73.979,0
40.7392,-73.9935,0
40.7804,-73.9841,0
40.7702,-73.9574,0
40.7355,-73.9826,0
40.7565,-73.9983,0
40.7466,-73.9907,0
40.7159,-74.0101,0
40.7687,-73.9552,0
40.7207,-73.9871,0
40.6737,-74.0098,-1
40.7562,-73.9737,0
40.7449,-73.9841,0
40.764,-73.994,0
40.7646,-73.9664,0
40.7458,-74.0074,0
40.681,-73.9633,-1
40.7647,-73.9685,0
40.7309,-74.003,0
40.7213,-73.9818,0
40.7213,-73.9818,0
40.7564,-73.9975,0
40.7479,-74.0053,0
40.7758,-73.9584,0
40.7413,-73.9961,0
40.7335,-74.0043,0
40.7452,-73.9948,0
40.8215,-73.9121,-1
40.7455,-73.9774,0
40.7856,-73.9691,0
40.6937,-73.9994,1
40.7677,-73.9911,0
40.7564,-73.9746,0
40.7652,-73.9755,0
40.7025,-73.9881,0
40.7379,-73.9846,0
40.7692,-73.9566,0
40.735,-73.9937,0
40.7911,-73.9747,0
40.7716,-73.947,0
40.759,-73.994,0
40.7186,-73.9977,0
40.7572,-73.9932,0
40.7225,-73.9938,0
40.7749,-73.9909,0
40.7296,-73.9871,0
40.6842,-73.9995,1
40.7837,-73.9737,0
40.7454,-73.9943,0
40.7469,-73.9888,0
40.7385,-73.9917,0
40.7161,-74.0036,0
40.7806,-73.9467,0
40.7559,-73.9728,0
40.6968,-73.9833,1
40.7442,-73.9837,0
40.7442,-73.9837,0
40.7241,-73.9825,0
40.7207,-74.01,0
40.7798,-73.9802,0
40.7708,-74.0186,-1
40.7748,-73.9585,0
40.7415,-74.0026,0
40.7696,-73.9583,0
40.7646,-73.9736,0
40.7498,-73.9816,0
40.7546,-73.9699,0
40.7758,-73.9532,0
40.7758,-73.9532,0
40.75,-73.9811,0
40.7209,-74.0084,0
40.7362,-73.9765,0
40.7507,-73.9745,0
40.7574,-73.9606,0
40.7724,-73.9539,0
40.7827,-73.9776,0
40.7827,-73.9776,0
40.7643,-73.9921,0
40.756,-73.9834,0
40.7887,-73.9773,0
40.723,-74.0109,0
40.7703,-73.958,0
40.7224,-73.999,0
40.7642,-73.9829,0
40.7442,-73.9725,0
40.7442,-73.9725,0
40.75,-73.9919,0
40.786,-73.971,0
40.7921,-73.9737,0
40.7067,-74.0154,0
40.7036,-74.0102,0
40.742,-74.0039,0
40.7155,-73.9634,2
40.7877,-73.9707,0
40.7744,-73.9773,0
40.7224,-73.9943,0
40.7672,-73.9645,0
40.7368,-73.9847,0
40.7423,-74.0026,0
40.7704,-73.9907,0
40.7499,-73.9814,0
40.7108,-74.0057,0
40.7679,-73.9934,0
40.7658,-73.9759,0
40.7219,-73.9873,0
40.7531,-74.0038,0
40.7162,-74.0055,0
40.6881,-73.9606,-1
40.7811,-73.9806,0
40.7848,-73.9762,0
40.7848,-73.9762,0
40.6751,-73.9567,-1
40.7168,-73.9894,0
40.7495,-73.9785,0
40.7483,-73.9908,0
40.7191,-74.0111,0
40.7828,-73.9557,0
40.7546,-73.9775,0
40.7295,-73.9987,0
40.745,-73.9769,0
40.7832,-73.9783,0
40.7494,-73.9702,0
40.7631,-73.988,0
40.7173,-74.0028,0
40.7173,-74.0028,0
40.7796,-73.9743,0
40.7465,-73.9973,0
40.7613,-73.9748,0
40.7257,-73.9809,0
40.747,-73.9734,0
40.7773,-73.977,0
40.7063,-74.0075,0
40.7753,-73.9502,0
40.7578,-73.9718,0
40.6924,-73.9687,-1
40.753,-73.9925,0
40.7355,-74.0081,0
40.7732,-73.9787,0
40.7293,-73.9812,0
40.7559,-73.9884,0
40.7504,-73.9832,0
40.7704,-73.9559,0
40.7564,-73.9936,0
40.7381,-74.0082,0
40.723,-74.0033,0
40.7491,-74.0032,0
40.6653,-73.9801,-1
40.7778,-73.9797,0
40.7647,-73.9619,0
40.7299,-73.9897,0
40.7232,-73.994,0
40.7232,-73.994,0
40.7498,-73.9735,0
40.7968,-73.9725,0
40.7034,-73.9847,0
40.7726,-73.9669,0
40.7295,-73.978,0
40.7381,-74.009,0
40.7735,-73.9578,0
40.7656,-73.9796,0
40.7522,-73.9933,0
40.7501,-73.9949,0
40.7508,-73.9746,0
40.7294,-73.9859,0
40.769,-73.9855,0
40.7806,-73.9829,0
40.7295,-74.001,0
40.7375,-73.9855,0
40.7213,-73.9879,0
40.7842,-73.9739,0
40.7605,-73.9599,0
40.7838,-73.9802,0
40.7693,-73.9871,0
40.7262,-73.9932,0
40.778,-73.9802,0
40.7372,-73.9815,0
40.7492,-74.0467,-1
40.7516,-73.9941,0
40.7593,-73.9884,0
40.7693,-73.9536,0
40.688,-73.9814,1
40.7709,-73.8657,3
40.7894,-73.9775,0
40.7533,-74.0271,-1
40.8341,-73.9454,-1
40.774,-73.8721,3
40.734,-73.9749,0
40.7724,-73.9465,0
40.7234,-73.9912,0
40.7508,-73.9809,0
40.7577,-73.9885,0
40.7679,-73.9587,0
40.7815,-73.9806,0
40.7739,-73.9891,0
40.7586,-73.9929,0
40.7266,-74.0027,0
40.7238,-73.9965,0
40.7654,-73.9776,0
40.7472,-73.9915,0
40.7755,-73.9803,0
40.7222,-73.9886,0
40.7738,-73.9598,0
40.7767,-73.9488,0
40.7269,-73.9437,2
40.7333,-73.9757,0
40.72,-73.9879,0
40.7134,-73.9484,2
40.7937,-73.9403,0
40.7198,-74.0,0
40.6943,-73.924,-1
40.7032,-74.0096,0
40.776,-73.947,0
40.7644,-73.9779,0
40.7439,-74.0062,0
40.7762,-73.9619,0
40.6996,-73.9921,0
40.6458,-73.9625,-1
40.7703,-73.9679,0
40.7023,-73.9821,0
40.7308,-73.993,0
40.7775,-73.9594,0
40.7799,-73.977,0
40.7093,-74.0104,0
40.6845,-74.0029,1
40.7812,-73.9798,0
40.7232,-73.9456,2
40.727,-74.032,-1
40.7288,-73.9846,0
40.7717,-73.9522,0
40.7203,-73.9848,0
40.7422,-73.9767,0
40.7233,-73.9901,0
40.7567,-73.9721,0
40.7413,-73.9958,0
40.7234,-74.0006,0
40.6821,-73.9807,1
40.7275,-74.0015,0
40.7595,-73.9853,0
40.7595,-73.9853,0
40.7361,-74.0091,0
40.7436,-73.9945,0
40.7985,-73.9709,0
40.7088,-73.9253,-1
40.7953,-73.9667,0
40.8027,-73.9668,0
40.6668,-73.976,-1
40.7346,-73.9937,0
40.7357,-73.9938,0
40.749,-74.0293,-1
40.7121,-73.9493,2
40.7864,-73.9506,0
40.7645,-73.9882,0
40.7452,-74.0081,0
40.7075,-74.0025,0
40.7274,-74.0032,0
40.7243,-73.9812,0
40.7169,-74.0122,0
40.7398,-73.9924,0
40.7569,-73.9927,0
40.7671,-73.9838,0
40.7583,-73.9657,0
40.7336,-73.9769,0
40.7627,-73.9616,0
40.7927,-73.9769,0
40.7851,-73.9792,0
40.7098,-74.0147,0
40.7459,-73.9886,0
40.7319,-73.9921,0
40.736,-74.0403,-1
40.7213,-73.9563,2
40.7938,-73.9667,0
40.7486,-73.9768,0
40.7251,-73.9887,0
40.7878,-73.9795,0
40.7792,-73.9608,0
40.7249,-73.9816,0
40.7375,-74.0312,-1
40.7329,-73.9797,0
40.7221,-74.04,-1
40.7445,-73.9761,0
40.7233,-73.9441,2
40.773,-73.9666,0
40.7924,-73.9678,0
40.7494,-73.9773,0
40.7987,-73.9694,0
40.7948,-73.9661,0
40.7289,-73.9473,2
40.7264,-74.009,0
40.749,-73.9802,0
40.7484,-73.9904,0
40.7266,-73.9849,0
40.7758,-73.9528,0
40.6706,-73.9578,-1
40.7442,-73.9993,0
40.6933,-73.9959,1
40.7784,-73.9608,0
40.7748,-73.9901,0
40.7166,-74.013,0
40.7621,-73.9716,0
40.7415,-73.9758,0
40.7553,-73.9929,0
40.7357,-74.0035,0
40.7263,-73.9844,0
40.7536,-73.9989,0
40.7222,-74.0044,0
40.7284,-73.9514,2
40.7407,-73.9797,0
40.7842,-73.9726,0
40.7439,-73.9929,0
40.7703,-73.9814,0
40.7457,-73.9909,0
40.7479,-73.9828,0
40.7479,-73.9828,0
40.7684,-73.958,0
40.7685,-73.8623,3
40.7607,-73.9963,0
40.7923,-73.9737,0
40.7447,-73.978,0
40.7272,-74.0056,0
40.7718,-73.9887,0
40.7791,-73.9469,0
40.7373,-73.9816,0
40.7333,-73.9899,0
40.7339,-73.9774,0
40.738,-74.0056,0
40.7497,-73.9916,0
40.7726,-73.9472,0
40.7314,-73.9842,0
40.7935,-73.9727,0
40.7547,-73.9841,0
40.731,-73.9816,0
40.7512,-73.9801,0
40.7635,-73.9891,0
40.7237,-73.9894,0
40.7563,-73.9719,0
40.7545,-73.9637,0
40.7053,-74.0073,0
40.7053,-74.0073,0
40.6872,-73.9748,-1
40.7804,-73.9834,0
40.7301,-73.9557,2
40.7805,-73.9532,0
40.7383,-73.9961,0
40.724,-74.0363,-1
40.7545,-73.9928,0
40.7434,-73.9753,0
40.7831,-73.9785,0
40.7212,-73.9878,0
40.6618,-73.9927,-1
40.7775,-73.9522,0
40.6641,-73.9509,-1
40.7787,-73.9583,0
40.731,-73.986,0
40.7159,-74.0155,0
40.7797,-73.954,0
40.7708,-73.9569,0
40.7563,-73.9726,0
40.8091,-73.9575,-1
40.7318,-74.005,0
40.7382,-74.0025,0
40.7044,-74.0094,0
40.7395,-74.002,0
40.6932,-73.9706,-1
40.7358,-73.978,0
40.7517,-73.9938,0
40.7789,-73.9559,0
40.7176,-74.0046,0
40.7496,-73.9697,0
40.7491,-73.9728,0
40.7662,-73.9608,0
40.7112,-73.9512,2
40.6976,-73.9586,-1
40.6784,-74.0022,-1
40.7634,-73.9752,0
40.7031,-73.9911,0
40.7514,-73.9936,0
40.7628,-73.9893,0
40.7464,-73.9823,0
40.7263,-73.9893,0
40.6681,-73.9508,-1
40.7386,-73.9884,0
40.7444,-73.9746,0
40.7491,-73.9923,0
40.7558,-73.9751,0
40.7103,-73.9662,2
40.7103,-73.9662,2
40.7658,-73.9766,0
40.7557,-73.9762,0
40.7897,-73.9772,0
40.8156,-73.9599,-1
40.7732,-73.9463,0
40.7636,-73.9775,0
40.723,-73.9914,0
40.7755,-73.9585,0
40.8279,-73.922,-1
40.6928,-73.9558,-1
40.7356,-74.003,0
40.7418,-73.9831,0
40.7086,-73.9451,2
40.7607,-73.9707,0
40.7708,-73.8658,3
40.7502,-73.9949,0
40.7432,-73.9571,-1
40.7254,-73.9819,0
40.7254,-73.9819,0
40.7335,-73.98,0
40.6476,-73.9694,-1
40.7634,-73.9809,0
40.7687,-73.8622,3
40.7782,-73.9852,0
40.7513,-73.9935,0
40.7513,-73.9935,0
40.7626,-73.9907,0
40.7772,-73.9792,0
40.7387,-74.0076,0
40.7513,-73.9921,0
40.7245,-73.9837,0
40.8138,-73.961,-1
40.7375,-74.0088,0
40.7511,-73.994,0
40.764,-73.9753,0
40.7388,-74.0026,0
40.73,-73.9926,0
40.7487,-74.0072,0
40.7656,-73.9794,0
40.7216,-73.9934,0
40.7407,-74.0046,0
40.7586,-73.9925,0
40.7328,-73.9778,0
40.725,-73.9886,0
40.7485,-74.0035,0
40.7453,-73.9724,0
40.7211,-73.9555,2
40.7532,-73.9771,0
40.6857,-73.9612,-1
40.7768,-73.9514,0
40.7619,-73.9581,0
40.7336,-73.9566,2
40.7937,-73.9743,0
40.7299,-73.9554,2
40.7666,-73.9612,0
40.7236,-74.0109,0
40.7419,-74.001,0
40.7113,-74.0161,0
40.7193,-74.0018,0
40.7376,-74.0039,0
40.7376,-74.0039,0
40.7664,-73.967,0
40.7853,-73.9823,0
40.7975,-73.9679,0
40.7681,-73.9564,0
40.7341,-74.0085,0
40.7321,-74.0053,0
40.7781,-73.9523,0
40.7378,-74.0038,0
40.7483,-74.0056,0
40.7248,-73.9988,0
40.7475,-73.9932,0
40.7338,-74.0046,0
40.6637,-73.9899,-1
40.6622,-73.9867,-1
40.7172,-73.9924,0
40.756,-73.971,0
40.7608,-73.9946,0
40.7477,-73.9808,0
40.7696,-73.9828,0
40.7739,-73.9888,0
40.7724,-73.9468,0
40.7862,-73.9428,0
40.79,-73.9771,0
40.7689,-73.9562,0
40.7365,-73.9803,0
40.7365,-73.9803,0
40.7319,-73.9807,0
40.7734,-73.949,0
40.7022,-73.9432,-1
40.6646,-73.9855,-1
40.7761,-73.9617,0
40.7647,-73.9727,0
40.7538,-73.968,0
40.7388,-74.0087,0
40.7238,-73.9821,0
40.782,-73.956,0
40.7491,-73.9734,0
40.7867,-73.9705,0
40.7792,-73.9769,0
40.7804,-73.9556,0
40.7476,-73.974,0
40.7436,-73.9727,0
40.7767,-73.9758,0
40.7649,-73.9668,0
40.6933,-73.9997,1
40.737,-74.0023,0
40.7153,-73.9812,0
40.7798,-73.9538,0
40.7373,-73.9869,0
40.7906,-73.9766,0
40.7885,-73.9707,0
40.7564,-73.9643,0
40.6674,-73.9828,-1
40.7698,-73.8642,3
40.7523,-73.9778,0
40.7756,-73.9444,0
40.7986,-73.9596,0
40.6754,-73.9819,-1
40.753,-74.004,0
40.7765,-73.9484,0
40.7387,-73.9854,0
40.7184,-73.9411,2
40.7339,-73.9779,0
40.7353,-74.0005,0
40.7193,-74.0052,0
40.7736,-73.9489,0
40.7609,-73.9995,0
40.7666,-73.9648,0
40.7365,-73.9796,0
40.8135,-73.9613,-1
40.7324,-74.0017,0
40.7371,-74.0037,0
40.6917,-73.9667,-1
40.7385,-73.9855,0
40.7579,-73.9894,0
40.7822,-73.9479,0
40.7341,-73.9951,0
40.7597,-73.9781,0
40.745,-73.9767,0
40.7519,-74.0011,0
40.72,-74.0004,0
40.7788,-73.9561,0
40.7722,-73.9543,0
40.758,-73.9603,0
40.7174,-74.0107,0
40.6932,-73.9722,-1
40.6877,-73.9813,1
40.7192,-73.9564,2
40.7748,-73.9654,0
40.7582,-73.9921,0
40.7741,-73.9486,0
40.7629,-73.974,0
40.7542,-73.9778,0
40.7372,-73.98,0
40.7643,-73.9582,0
40.7922,-73.9774,0
40.7244,-73.9848,0
40.7789,-73.9521,0
40.6892,-73.9848,1
40.7847,-73.9541,0
40.7325,-73.9799,0
40.6752,-73.9617,-1
40.7355,-74.0082,0
40.744,-74.0068,0
40.7869,-73.9812,0
40.7283,-73.9834,0
40.7631,-73.9918,0
40.7986,-73.9711,0
40.7409,-73.9862,0
40.7695,-73.9606,0
40.7748,-73.9785,0
40.7209,-73.9878,0
40.7731,-73.9544,0
40.7203,-73.9996,0
40.7692,-73.9631,0
40.7368,-74.0835,-1
40.7764,-73.9822,0
40.6963,-73.9725,-1
40.7194,-73.9878,0
40.7579,-73.9893,0
40.6924,-73.9216,-1
40.7761,-73.9562,0
40.7774,-73.9751,0
40.7701,-73.9608,0
40.7571,-73.9697,0
40.7305,-74.0091,0
40.7322,-73.9999,0
40.7407,-74.0046,0
40.7407,-74.0046,0
40.7808,-73.9837,0
40.7297,-73.9923,0
40.7605,-73.9737,0
40.7444,-73.977,0
40.7339,-74.0013,0
40.7156,-74.0074,0
40.774,-73.8722,3
40.7747,-73.956,0
40.7264,-73.9802,0
40.7653,-73.9619,0
40.7307,-73.9763,0
40.7816,-73.9809,0
40.7492,-73.9837,0
40.7625,-73.9963,0
40.6703,-73.9819,-1
40.7697,-73.9506,0
40.6683,-73.9826,-1
40.7166,-74.01,0
40.774,-73.8717,3
40.7109,-73.9606,2
40.7631,-73.9879,0
40.7234,-73.9955,0
40.7356,-73.9968,0
40.7444,-73.977,0
40.7734,-73.9621,0
40.7589,-73.9886,0
40.7405,-73.9969,0
40.762,-73.9874,0
40.7447,-73.9931,0
40.7386,-73.9854,0
40.7439,-73.9882,0
40.7252,-74.0075,0
40.7002,-73.995,0
40.8017,-73.9587,0
40.7589,-73.9923,0
40.7726,-73.947,0
40.7655,-73.982,0
40.7926,-73.9734,0
40.7256,-73.9999,0
40.7523,-73.9699,0
40.742,-73.978,0
40.6951,-73.9517,-1
40.7839,-73.9562,0
40.7727,-73.9673,0
40.725,-73.997,0
40.7202,-73.9881,0
40.7275,-73.9955,0
40.7313,-73.9855,0
40.7305,-73.9803,0
40.7448,-74.005,0
40.7172,-73.9907,0
40.7226,-74.0105,0
40.7593,-73.9721,0
40.775,-73.9471,0
40.7354,-73.9795,0
40.7175,-73.9632,2
40.7614,-73.9994,0
40.7239,-73.9413,2
40.8079,-73.9498,-1
40.7198,-74.0073,0
40.7353,-73.994,0
40.6779,-73.9035,-1
40.7558,-73.9822,0
40.7676,-73.9553,0
40.7333,-73.9812,0
40.7333,-73.9812,0
40.6985,-73.9915,1
40.7531,-74.0036,0
40.7155,-74.0113,0
40.7604,-73.9711,0
40.782,-73.9555,0
40.6897,-73.9756,-1
40.6843,-73.962,-1
40.7645,-73.9751,0
40.7741,-73.8723,3
40.6786,-74.0021,-1
40.7594,-73.9601,0
40.749,-73.9919,0
40.7077,-74.0079,0
40.7639,-73.9538,0
40.7614,-73.984,0
40.7169,-74.0042,0
40.6603,-73.9917,-1
40.7632,-73.9891,0
40.7622,-73.9978,0
40.7879,-73.9755,0
40.7755,-73.9782,0
40.7858,-73.9691,0
40.7343,-73.9865,0
40.7218,-74.006,0
40.774,-73.9487,0
40.7624,-73.9817,0
40.7199,-73.9832,0
40.7674,-73.9904,0
40.7468,-73.9804,0
40.7277,-73.9932,0
40.7224,-73.9943,0
40.7015,-73.9869,0
40.8074,-73.9386,-1
40.7107,-73.9462,2
40.771,-73.8668,3
40.7163,-74.0075,0
40.7198,-74.0102,0
40.7793,-73.9536,0
40.7793,-73.9536,0
40.7427,-73.9959,0
40.7312,-74.0098,0
40.7543,-73.9906,0
40.6939,-74.103,-1
40.7252,-73.9992,0
40.7408,-73.9982,0
40.7193,-74.0341,-1
40.697,-73.9586,-1
40.7738,-73.8719,3
40.7537,-73.972,0
40.7616,-73.9787,0
40.7272,-73.9797,0
40.7326,-73.9817,0
40.7544,-73.9802,0
40.7851,-73.9531,0
40.7445,-73.9751,0
40.7321,-73.9864,0
40.7631,-73.9801,0
40.7417,-73.9809,0
40.7902,-73.979,0
40.7781,-73.9783,0
40.6757,-73.9978,-1
40.7613,-73.9931,0
40.7053,-74.0171,0
40.7772,-73.9593,0
40.751,-73.9924,0
40.7365,-73.997,0
40.7871,-73.9682,0
40.7256,-74.0056,0
40.7757,-73.9639,0
40.7656,-73.9819,0
40.7273,-74.0064,0
40.7233,-73.9456,2
40.7233,-73.9456,2
40.7109,-73.9338,-1
40.7829,-73.9798,0
40.8015,-73.9169,-1
40.7642,-73.9645,0
40.7759,-73.9608,0
40.7652,-73.953,0
40.7921,-73.9734,0
40.788,-73.9754,0
40.7348,-73.977,0
40.7224,-73.9977,0
40.7506,-73.9909,0
40.7599,-73.9194,-1
40.6872,-73.9917,1
40.7913,-73.9533,0
40.7456,-73.9908,0
40.7339,-74.0025,0
40.7339,-74.0025,0
40.773,-73.9604,0
40.7382,-73.9999,0
40.7688,-73.9646,0
40.7603,-74.003,0
40.7218,-74.0042,0
40.7481,-74.0044,0
40.7634,-73.9785,0
40.7803,-73.9473,0
40.7335,-73.9761,0
40.6903,-73.9734,-1
40.7666,-73.9863,0
40.6876,-73.9737,-1
40.733,-73.9999,0
40.755,-73.9734,0
40.7598,-73.9956,0
40.7323,-73.9959,0
40.7703,-73.9576,0
40.7228,-73.9511,2
40.7487,-74.0061,0
40.7519,-74.0314,-1
40.793,-73.9738,0
40.7523,-73.997,0
40.804,-73.9328,-1
40.7864,-73.9776,0
40.7231,-73.9914,0
40.7291,-73.9795,0
40.6734,-73.9652,-1
40.7189,-73.9513,2
40.768,-73.9561,0
40.7418,-74.0039,0
40.779,-73.9541,0
40.774,-73.9889,0
40.7621,-73.9825,0
40.7076,-73.9667,2
40.7504,-73.9873,0
40.7186,-73.9433,2
40.7276,-74.0038,0
40.734,-74.0063,0
40.729,-74.0034,0
40.7168,-74.0925,-1
40.7818,-73.9756,0
40.6796,-73.9975,1
40.7471,-74.0077,0
40.7152,-73.9844,0
40.7387,-74.0073,0
40.7718,-73.9468,0
40.7846,-73.9541,0
40.7501,-73.9879,0
40.76,-73.9861,0
40.795,-73.9695,0
40.7527,-73.9931,0
40.7496,-73.9837,0
40.7189,-74.0111,0
40.7756,-73.9465,0
40.71,-73.963,2
40.71,-73.963,2
40.7719,-73.9468,0
40.7616,-73.9742,0
40.73,-73.9748,0
40.7483,-73.9741,0
40.7246,-73.9818,0
40.7698,-73.9486,0
40.6902,-73.9214,-1
40.7211,-73.9809,0
40.7406,-73.9795,0
40.7669,-73.9614,0
40.7063,-74.0093,0
40.7644,-73.9803,0
40.6926,-73.9727,-1
40.7499,-73.973,0
40.741,-73.9858,0
40.7747,-73.9909,0
40.7638,-73.9859,0
40.6759,-73.9692,-1
40.7388,-74.0088,0
40.7545,-73.9693,0
40.7697,-73.9504,0
40.7174,-73.9529,2
40.733,-73.9754,0
40.688,-73.9873,1
40.7221,-73.9932,0
40.7833,-73.9711,0
40.7441,-73.9815,0
40.7224,-73.9976,0
40.6476,-73.9694,-1
40.7325,-73.9893,0
40.72,-73.9882,0
40.7242,-73.9877,0
40.7745,-73.956,0
40.6931,-73.942,-1
40.724,-73.9945,0
40.7712,-73.9874,0
40.7636,-73.9637,0
40.7898,-73.9796,0
40.6731,-73.969,-1
40.7204,-73.9824,0
40.7849,-73.9535,0
40.8115,-73.9365,-1
40.7324,-73.9766,0
40.7652,-73.9577,0
40.7369,-73.9907,0
40.7763,-73.9621,0
40.7916,-73.9721,0
40.7494,-73.9754,0
40.7741,-73.8723,3
40.6771,-73.9395,-1
40.779,-73.9767,0
40.7355,-74.0079,0
40.7808,-73.9827,0
40.7907,-73.9763,0
40.7214,-73.9974,0
40.7443,-73.9768,0
40.7148,-73.9426,2
40.7764,-73.9486,0
40.7319,-74.0047,0
40.7664,-73.968,0
40.7257,-74.0058,0
40.6656,-73.9877,-1
40.7634,-73.9764,0
40.7529,-73.9849,0
40.7878,-73.9785,0
40.7319,-73.9885,0
40.7476,-73.9748,0
40.7973,-73.9709,0
40.7362,-74.0034,0
40.7727,-73.9536,0
40.7551,-73.9775,0
40.6734,-73.9762,-1
40.7277,-73.9851,0
40.7075,-73.9411,2
40.7278,-74.0044,0
40.6934,-73.9887,1
40.7754,-73.9352,0
40.7642,-73.9564,0
40.7748,-73.991,0
40.767,-73.9541,0
40.7452,-73.9295,-1
40.7404,-73.989,0
40.7428,-73.996,0
40.7736,-73.9598,0
40.7736,-73.9598,0
40.7349,-73.9796,0
40.7512,-73.9351,-1
40.7866,-73.972,0
40.746,-74.0053,0
40.7845,-73.9704,0
40.7433,-73.9768,0
40.7255,-73.9901,0
40.7399,-74.0049,0
40.7254,-73.9891,0
40.7289,-73.9754,0
40.6849,-73.9703,-1
40.7271,-73.9856,0
40.8305,-73.8816,-1
40.777,-73.9461,0
40.7755,-73.9539,0
40.775,-73.947,0
40.7807,-73.9813,0
40.7423,-73.9804,0
40.7935,-73.9744,0
40.7935,-73.9744,0
40.7185,-73.9878,0
40.711,-74.0058,0
40.7608,-73.9947,0
40.7608,-73.9947,0
40.7269,-73.9836,0
40.7405,-73.992,0
40.7966,-73.9366,-1
40.7315,-73.9829,0
40.7731,-73.8857,-1
40.7121,-74.0386,-1
40.7414,-73.9854,0
40.7771,-73.9547,0
40.7784,-73.948,0
40.7233,-73.9846,0
40.7729,-73.9461,0
40.6947,-73.9922,1
40.6916,-73.984,1
40.7281,-73.9793,0
40.7193,-74.0091,0
40.7251,-74.0031,0
40.7572,-73.9696,0
40.7557,-73.9709,0
40.7192,-73.9608,2
40.7737,-73.981,0
40.6889,-73.992,1
40.7804,-73.9549,0
40.7407,-74.0047,0
40.7552,-73.9812,0
40.7369,-73.9793,0
40.7206,-73.9995,0
40.7606,-73.9797,0
40.7579,-73.9642,0
40.7191,-74.0051,0
40.7629,-73.9679,0
40.7213,-73.9793,0
40.7213,-73.9793,0
40.7452,-74.0077,0
40.7195,-73.9994,0
40.7389,-73.9889,0
40.795,-73.9722,0
40.7724,-73.886,-1
40.7168,-74.0145,0
40.6345,-73.9757,-1
40.7931,-73.9757,0
40.7257,-73.9549,2
40.7384,-73.9933,0
40.7476,-73.993,0
40.7575,-73.9831,0
40.7263,-73.9896,0
40.7714,-73.9502,0
40.8514,-73.9041,-1
40.742,-73.9751,0
40.7197,-73.9997,0
40.7731,-73.9461,0
40.7292,-73.9989,0
40.7269,-73.9964,0
40.7725,-73.9888,0
40.7196,-73.9858,0
40.7192,-74.0052,0
40.7261,-73.9918,0
40.7967,-73.9738,0
40.7403,-74.0017,0
40.7379,-73.9806,0
40.7259,-74.0092,0
40.7547,-73.9777,0
40.7603,-73.9696,0
40.7213,-74.0099,0
40.6978,-73.9929,1
40.7559,-73.9865,0
40.7789,-73.9556,0
40.721,-73.9995,0
40.763,-73.9683,0
40.774,-73.982,0
40.7616,-73.97,0
40.7217,-73.9842,0
40.779,-73.9559,0
40.6452,-74.0194,-1
40.7571,-73.9818,0
40.7236,-73.9939,0
40.749,-73.9906,0
40.6733,-73.9688,-1
40.773,-73.954,0
40.6892,-73.9189,-1
40.7207,-73.9624,2
40.7589,-73.9921,0
40.7317,-73.9579,2
40.733,-73.9833,0
40.7726,-73.9493,0
40.7589,-73.9923,0
40.7685,-73.8625,3
40.7274,-73.9795,0
40.7707,-73.9859,0
40.6499,-73.8374,-1
40.7728,-73.9553,0
40.8041,-73.9482,-1
40.7367,-73.9886,0
40.7389,-74.0088,0
40.7725,-73.947,0
40.776,-73.9528,0
40.734,-73.9807,0
40.6868,-73.9192,-1
40.7181,-74.0058,0
40.6847,-73.9575,-1
40.7232,-73.9992,0
40.7136,-73.9861,0
40.7194,-74.0099,0
40.7027,-73.9941,0
40.7649,-73.9759,0
40.695,-73.9272,-1
40.7803,-73.9474,0
40.7688,-73.9581,0
40.7145,-74.0343,-1
40.7775,-73.9534,0
40.6634,-73.835,-1
40.7192,-73.9997,0
40.7918,-73.9721,0
40.7772,-73.9824,0
40.7566,-73.9924,0
40.7692,-73.9848,0
40.7582,-73.9741,0
40.7429,-73.9943,0
40.7874,-73.9703,0
40.7874,-73.9703,0
40.711,-74.0053,0
40.7293,-73.9774,0
40.7868,-73.9726,0
40.7721,-73.9561,0
40.7167,-73.9933,0
40.7212,-73.9875,0
40.6865,-74.0004,1
40.7543,-73.9846,0
40.7388,-74.0088,0
40.7787,-73.9509,0
40.7661,-73.963,0
40.7648,-73.988,0
40.7127,-74.0096,0
40.7449,-73.9885,0
40.7335,-73.9989,0
40.7612,-73.9579,0
40.7274,-74.0064,0
40.7511,-73.9795,0
40.7343,-73.8778,-1
40.7653,-73.9638,0
40.7016,-73.9229,-1
40.7382,-74.0035,0
40.7191,-74.0016,0
40.7757,-73.9808,0
40.7409,-74.0049,0
40.7609,-73.9993,0
40.6927,-73.9727,-1
40.7211,-73.9872,0
40.7782,-73.9569,0
40.6874,-73.9737,-1
40.7257,-73.9896,0
40.7941,-73.9666,0
40.7151,-74.0163,0
40.7503,-73.9948,0
40.7473,-74.001,0
40.7139,-73.9901,0
40.7733,-73.9631,0
40.732,-73.9863,0
40.8259,-73.9527,-1
40.7185,-74.0056,0
40.7189,-74.011,0
40.7214,-74.0097,0
40.6993,-73.9314,-1
40.7327,-73.9816,0
40.7327,-73.9816,0
40.7681,-73.9566,0
40.7326,-73.9916,0
40.7561,-73.9714,0
40.7642,-73.9687,0
40.6811,-73.9603,-1
40.7172,-73.9986,0
40.7746,-73.9591,0
40.7236,-74.0109,0
40.7817,-73.9803,0
40.785,-73.9553,0
40.7203,-73.9873,0
40.7423,-73.9988,0
40.7478,-73.9765,0
40.764,-73.9861,0
40.7186,-73.9833,0
40.7611,-73.9991,0
40.6661,-73.9921,-1
40.7642,-73.9789,0
40.7333,-74.0047,0
40.7834,-73.9744,0
40.7826,-73.9731,0
40.7475,-73.992,0
40.7783,-73.9769,0
40.7552,-73.9927,0
40.7392,-73.984,0
40.7892,-73.9745,0
40.7762,-73.9557,0
40.6714,-73.9734,-1
40.7716,-73.981,0
40.7655,-73.9803,0
40.7244,-73.8952,-1
40.7505,-73.9947,0
40.7643,-73.9829,0
40.763,-73.974,0
40.7741,-73.9823,0
40.7622,-73.9585,0
40.722,-73.9835,0
40.7327,-73.9857,0
40.7326,-73.9961,0
40.7791,-73.9559,0
40.7084,-73.9513,2
40.7502,-73.9946,0
40.7184,-73.99,0
40.7603,-73.9872,0
40.7639,-73.9939,0
40.7702,-73.9575,0
40.7449,-73.9762,0
40.7456,-73.9887,0
40.7456,-73.9887,0
40.7452,-73.9983,0
40.756,-73.9944,0
40.7615,-73.9999,0
40.7492,-74.0031,0
40.7302,-73.9864,0
40.7459,-73.9851,0
40.7374,-73.9792,0
40.7454,-73.989,0
40.7732,-73.8855,-1
40.728,-73.991,0
40.7612,-73.9678,0
40.7378,-74.0395,-1
40.7331,-73.9909,0
40.727,-73.9838,0
40.7458,-73.9803,0
40.7442,-73.9744,0
40.7477,-74.003,0
40.754,-73.9703,0
40.7706,-73.9644,0
40.7236,-74.0109,0
40.7598,-73.9899,0
40.7239,-74.0079,0
40.7447,-73.9888,0
40.7589,-73.986,0
40.7308,-73.9556,2
40.7829,-73.9554,0
40.762,-73.9901,0
40.7214,-73.9562,2
40.7335,-73.9563,2
40.7217,-74.0082,0
40.7557,-73.9766,0
40.7657,-73.961,0
40.7343,-73.9937,0
40.7376,-74.009,0
40.7768,-73.9823,0
40.7214,-73.9989,0
40.7759,-73.9869,0
40.746,-73.9941,0
40.7445,-73.9879,0
40.7228,-73.9884,0
40.7821,-73.948,0
40.7184,-74.0027,0
40.6686,-73.9769,-1
40.7705,-73.9567,0
40.7778,-73.9796,0
40.7569,-73.9773,0
40.7573,-73.9611,0
40.7248,-73.9985,0
40.7467,-73.9756,0
40.7733,-73.9449,0
40.738,-74.0082,0
40.7224,-73.9842,0
40.7478,-74.0063,0
40.7684,-73.9854,0
40.7742,-73.9632,0
40.7896,-73.9699,0
40.7882,-73.9672,0
40.7633,-73.9923,0
40.7301,-73.9929,0
40.7411,-74.0014,0
40.7301,-73.9929,0
40.7871,-73.9758,0
40.7871,-73.9758,0
40.7406,-73.9794,0
40.7437,-73.9773,0
40.7136,-73.9863,0
40.7348,-73.999,0
40.7447,-73.9912,0
40.7588,-73.9887,0
40.7698,-73.9607,0
40.7364,-73.9789,0
40.7437,-73.988,0
40.7472,-73.9898,0
40.7422,-74.0007,0
40.7773,-73.9594,0
40.7153,-73.9932,0
40.7843,-73.9711,0
40.7224,-74.0105,0
40.7393,-74.0027,0
40.755,-73.9866,0
40.7444,-73.9803,0
40.6875,-73.9722,-1
40.7247,-73.9986,0
40.7443,-73.9845,0
40.7658,-73.9708,0
40.7127,-73.9441,2
40.7484,-73.996,0
40.7187,-74.0099,0
40.7297,-73.9784,0
40.7874,-73.9744,0
40.7715,-73.9549,0
40.7724,-73.9609,0
40.7118,-74.0066,0
40.8084,-73.9511,-1
40.7179,-74.003,0
40.7749,-73.9628,0
40.7741,-73.8727,3
40.7597,-73.9954,0
40.7559,-73.9924,0
40.699,-73.995,0
40.769,-73.9522,0
40.7563,-73.9725,0
40.7466,-73.9762,0
40.726,-73.9874,0
40.7681,-73.862,3
40.7092,-73.9641,2
40.7336,-73.9803,0
40.7699,-73.9669,0
40.809,-73.9575,-1
40.7545,-73.993,0
40.7588,-73.9887,0
40.7902,-73.9658,0
40.7891,-73.974,0
40.7566,-73.9732,0
40.7566,-73.9732,0
40.734,-73.9594,2
40.7608,-73.9921,0
40.7731,-73.9465,0
40.6914,-73.8637,-1
40.7363,-73.9983,0
40.7346,-73.9862,0
40.7381,-74.0032,0
40.7363,-73.9811,0
40.7496,-74.0028,0
40.7445,-73.9989,0
40.735,-74.0061,0
40.7227,-73.9925,0
40.7515,-73.9939,0
40.721,-74.0042,0
40.7802,-73.9853,0
40.786,-73.9688,0
40.7112,-73.9675,0
40.7441,-73.9994,0
40.7704,-73.9855,0
40.7759,-73.9609,0
40.731,-73.9859,0
40.7591,-73.9786,0
40.7428,-73.9565,-1
40.7397,-73.9853,0
40.7156,-73.9579,2
40.7253,-73.9892,0
40.7453,-74.0007,0
40.7772,-73.989,0
40.7615,-73.9901,0
40.7214,-73.9424,2
40.6784,-73.976,-1
40.7435,-73.9826,0
40.719,-73.9995,0
40.7899,-73.9665,0
40.7686,-73.8625,3
40.7905,-73.9659,0
40.7514,-73.9928,0
40.7613,-73.9699,0
40.7546,-73.9638,0
40.7733,-73.9449,0
40.7758,-73.9762,0
40.7406,-73.9903,0
40.7857,-73.969,0
40.7735,-73.9458,0
40.7188,-73.9029,-1
40.7459,-73.9906,0
40.7751,-73.9891,0
40.7606,-73.9996,0
40.7225,-73.9805,0
40.759,-73.9936,0
40.761,-73.9989,0
40.7703,-73.9578,0
40.7594,-73.9919,0
40.7062,-74.01,0
40.7517,-73.9844,0
40.7348,-73.9848,0
40.756,-73.9966,0
40.7808,-73.9838,0
40.7676,-73.9674,0
40.7214,-73.998,0
40.7641,-73.9769,0
40.7288,-73.9951,0
40.7312,-74.0026,0
40.7408,-73.9857,0
40.7782,-73.9609,0
40.6974,-73.9948,1
40.7527,-73.9701,0
40.7388,-74.0092,0
40.7762,-73.947,0
40.7707,-73.9539,0
40.6996,-73.9384,-1
40.7481,-74.0051,0
40.7823,-73.9805,0
40.7302,-74.0019,0
40.6891,-73.997,1
40.772,-73.956,0
40.7912,-73.9794,0
40.7585,-73.9894,0
40.7237,-74.0053,0
40.7512,-73.998,0
40.744,-73.9913,0
40.7723,-73.9527,0
40.7735,-73.9622,0
40.7416,-73.982,0
40.73,-73.9807,0
40.7581,-73.9624,0
40.732,-73.9861,0
40.7742,-73.9658,0
40.7693,-73.8761,3
40.7351,-73.9854,0
40.6922,-73.9727,-1
40.7213,-73.983,0
40.7143,-74.0104,0
40.7696,-73.9602,0
40.7444,-73.9991,0
40.6913,-73.9843,1
40.7199,-73.96,2
40.7209,-74.01,0
40.7986,-73.9613,0
40.7148,-73.9977,0
40.7863,-73.9559,0
40.7303,-73.99,0
40.7849,-73.9704,0
40.7335,-73.9898,0
40.7306,-73.976,0
40.7579,-73.9818,0
40.7509,-74.0017,0
40.7743,-73.989,0
40.7919,-73.9654,0
40.7597,-73.9946,0
40.7502,-73.981,0
40.7271,-73.9919,0
40.7286,-74.0001,0
40.7499,-73.9914,0
40.7386,-73.9876,0
40.7609,-73.9868,0
40.7745,-73.9819,0
40.7269,-73.9921,0
40.7752,-73.9756,0
40.7629,-73.9788,0
40.7222,-73.9573,2
40.7454,-73.9887,0
40.7309,-73.9929,0
40.7131,-73.9929,0
40.7693,-73.9884,0
40.7776,-73.9461,0
40.7862,-73.9775,0
40.7324,-73.9969,0
40.7463,-73.9932,0
40.7753,-73.9797,0
40.7196,-73.9904,0
40.7427,-73.996,0
40.7662,-73.9774,0
40.7523,-73.9918,0
40.7609,-73.9611,0
40.7347,-74.0089,0
40.7664,-73.978,0
40.7402,-74.0022,0
40.7733,-73.946,0
40.7449,-73.9988,0
40.7505,-73.9792,0
40.7439,-73.9816,0
40.7365,-73.9817,0
40.762,-73.9975,0
40.7346,-73.9862,0
40.7764,-73.9851,0
40.7693,-73.8798,3
40.7488,-73.9825,0
40.7337,-73.991,0
40.7298,-74.0044,0
40.7262,-74.0019,0
40.7432,-73.9974,0
40.6761,-74.011,-1
40.7858,-73.9548,0
40.7204,-73.9967,0
40.7197,-74.0068,0
40.6931,-73.9945,1
40.7172,-74.005,0
40.7829,-73.9777,0
40.7377,-74.0094,0
40.6675,-73.9916,-1
40.7362,-74.0031,0
40.7571,-73.9745,0
40.7393,-73.987,0
40.7308,-74.0053,0
40.7819,-73.9571,0
40.7371,-73.9902,0
40.7371,-73.9902,0
40.7642,-73.979,0
40.7161,-73.9928,0
40.6779,-73.9983,1
40.7965,-73.9723,0
40.7763,-73.9521,0
40.759,-73.973,0
40.7814,-73.9564,0
40.7628,-73.9655,0
40.7207,-73.9802,0
40.6895,-73.9916,1
40.7703,-73.9581,0
40.754,-73.9746,0
40.7655,-73.9799,0
40.737,-74.0085,0
40.7266,-73.9848,0
40.7729,-73.9799,0
40.7588,-73.9794,0
40.7796,-73.9837,0
40.7332,-73.9872,0
40.7209,-74.0041,0
40.7411,-74.0079,0
40.7154,-74.0059,0
40.7335,-73.9898,0
40.7411,-73.9916,0
40.7256,-74.0055,0
40.7153,-73.9562,2
40.7365,-73.9975,0
40.7454,-73.9769,0
40.7684,-73.9574,0
40.7235,-73.9854,0
40.7795,-73.9818,0
40.7568,-73.9789,0
40.6998,-73.983,0
40.7424,-74.0007,0
40.7205,-73.9548,2
40.7336,-74.003,0
40.7527,-73.9853,0
40.7665,-73.9833,0
40.7897,-73.9757,0
40.7234,-73.9985,0
40.6861,-73.9713,-1
40.7454,-73.9935,0
40.7203,-74.0021,0
40.7375,-74.0016,0
40.7772,-73.9551,0
40.7471,-73.9896,0
40.7443,-73.9982,0
40.739,-74.0025,0
40.7348,-74.0002,0
40.7661,-73.9912,0
40.7754,-73.9801,0
40.7613,-73.9996,0
40.7732,-73.8856,-1
40.7468,-73.9836,0
40.7606,-73.9948,0
40.7481,-73.9567,0
40.7447,-73.9756,0
40.7005,-73.9098,-1
40.7742,-73.9574,0
40.7732,-73.9526,0
40.7732,-73.9526,0
40.7716,-73.9489,0
40.6904,-73.9599,-1
40.7459,-73.9789,0
40.7267,-73.9924,0
40.7641,-73.959,0
40.66,-73.9851,-1
40.7586,-73.9636,0
40.7132,-73.9557,2
40.7842,-73.9768,0
40.7484,-73.9888,0
40.7651,-73.9866,0
40.7398,-73.9876,0
40.6524,-73.9735,-1
40.765,-73.9614,0
40.7609,-73.9985,0
40.7518,-73.9691,0
40.7108,-73.9471,2
40.7602,-73.96,0
40.7609,-73.9769,0
40.7611,-73.9796,0
40.7254,-73.9519,2
40.7624,-73.9774,0
40.6889,-73.966,-1
40.7918,-73.9741,0
40.7569,-73.9667,0
40.741,-73.998,0
40.7607,-73.9756,0
40.7561,-73.9906,0
40.7739,-73.8716,3
40.766,-73.9641,0
40.7749,-73.9804,0
40.6738,-73.9529,-1
40.7476,-73.9826,0
40.7546,-73.9717,0
40.7726,-73.9473,0
40.7739,-73.9803,0
40.7246,-73.9906,0
40.7079,-74.0083,0
40.7456,-73.993,0
40.7233,-73.9975,0
40.7167,-74.0054,0
40.7389,-73.9874,0
40.7732,-73.9568,0
40.7718,-73.989,0
40.7827,-73.9715,0
40.7421,-73.9948,0
40.7686,-73.9653,0
40.7451,-74.0057,0
40.7266,-73.9994,0
40.726,-73.9917,0
40.7383,-74.0057,0
40.7675,-73.9937,0
40.7446,-73.9842,0
40.7286,-73.9802,0
40.7427,-73.9963,0
40.7167,-74.0048,0
40.7757,-73.9586,0
40.7463,-73.9776,0
40.7735,-73.9514,0
40.7895,-73.9708,0
40.747,-73.9965,0
40.748,-74.0025,0
40.7275,-73.9549,2
40.7143,-73.9471,2
40.7218,-73.9998,0
40.7731,-73.8856,-1
40.7685,-73.8625,3
40.7186,-74.0029,0
40.7537,-73.9744,0
40.7216,-74.011,0
40.788,-73.9761,0
40.745,-73.9888,0
40.7416,-73.9991,0
40.7457,-73.98,0
40.663,-73.9841,-1
40.7855,-73.9499,0
40.7684,-73.9847,0
40.7198,-73.9873,0
40.7728,-73.9457,0
40.7537,-73.972,0
40.7603,-73.9799,0
40.7552,-73.9693,0
40.7656,-73.9685,0
40.7384,-73.9851,0
40.7344,-74.0014,0
40.7505,-73.981,0
40.6729,-73.9937,-1
40.7212,-74.0017,0
40.761,-73.9798,0
40.7656,-73.9529,0
40.7792,-73.9557,0
40.7588,-73.964,0
40.7052,-73.9303,-1
40.7456,-73.9993,0
40.7158,-73.9908,0
40.7236,-74.0108,0
40.7175,-74.0087,0
40.7117,-73.9625,2
40.7643,-73.9712,0
40.7761,-73.9555,0
40.7451,-73.9987,0
40.7703,-73.9803,0
40.7484,-73.9884,0
40.7692,-73.9592,0
40.7785,-73.9745,0
40.7329,-73.998,0
40.7556,-73.9873,0
40.7291,-74.0045,0
40.7248,-73.9784,0
40.745,-74.0085,0
40.7309,-73.9784,0
40.7456,-73.9908,0
40.7158,-74.0035,0
40.6737,-73.976,-1
40.7644,-73.992,0
40.7601,-73.9941,0
40.7261,-73.9807,0
40.7573,-73.9893,0
40.7637,-73.9857,0
40.7387,-73.9854,0
40.7229,-73.9932,0
40.7571,-73.9718,0
40.7171,-73.9521,2
40.7191,-73.9945,0
40.7515,-73.994,0
40.7071,-74.0062,0
40.7737,-73.9639,0
40.7436,-73.9808,0
40.7553,-73.9734,0
40.7871,-73.9813,0
40.7438,-73.9794,0
40.7316,-74.0061,0
40.7421,-73.9967,0
40.7232,-73.9913,0
40.742,-73.9948,0
40.7688,-73.9876,0
40.7365,-73.987,0
40.781,-73.9725,0
40.7687,-73.8629,3
40.7073,-74.0061,0
40.7674,-73.9623,0
40.7712,-73.9895,0
40.7521,-73.9815,0
40.7165,-74.0109,0
40.7625,-73.9807,0
40.8127,-73.9358,-1
40.8127,-73.9358,-1
40.7555,-73.974,0
40.664,-73.9842,-1
40.745,-73.994,0
40.7537,-73.9744,0
40.7773,-73.952,0
40.6803,-73.9746,-1
40.7476,-73.9723,0
40.7384,-73.9934,0
40.7552,-73.9813,0
40.7665,-73.9845,0
40.7851,-73.957,0
40.7333,-74.0048,0
40.7441,-73.9917,0
40.7383,-73.9959,0
40.735,-73.9799,0
40.6913,-73.9844,1
40.7389,-73.9873,0
40.7249,-74.0006,0
40.7174,-74.0162,0
40.7049,-74.0165,0
40.7241,-73.9826,0
40.7551,-73.9821,0
40.7178,-74.0106,0
40.6894,-73.9711,-1
40.7878,-73.9774,0
40.749,-73.9956,0
40.7702,-73.9832,0
40.7686,-73.9658,0
40.7816,-73.9488,0
40.7329,-73.9884,0
40.7582,-73.9928,0
40.7843,-73.9775,0
40.7836,-73.9589,0
40.7307,-74.0103,0
40.7402,-74.0058,0
40.749,-73.9883,0
40.7108,-73.9619,2
40.7589,-73.9642,0
40.7759,-73.9582,0
40.7892,-73.9745,0
40.7393,-74.0027,0
40.7202,-74.0101,0
40.7426,-73.9922,0
40.7228,-74.0034,0
40.7236,-74.0109,0
40.7383,-73.9837,0
40.7469,-73.9711,0
40.7685,-73.8623,3
40.759,-73.9725,0
40.7022,-73.9867,0
40.7798,-73.9576,0
40.7252,-73.9871,0
40.7339,-74.01,0
40.7559,-73.9964,0
40.7206,-74.002,0
40.7125,-73.9979,0
40.7758,-73.9562,0
40.7694,-73.9609,0
40.7646,-73.9949,0
40.7525,-73.9943,0
40.7357,-73.9825,0
40.7703,-73.9481,0
40.7406,-73.9796,0
40.7195,-73.9822,0
40.7864,-73.9695,0
40.7748,-73.9912,0
40.7749,-73.9908,0
40.7696,-73.9505,0
40.7458,-73.9909,0
40.7504,-73.9947,0
40.8403,-73.943,-1
40.7782,-73.9485,0
40.7371,-73.9865,0
40.7583,-73.9865,0
40.7143,-74.0099,0
40.7442,-73.9763,0
40.7367,-73.9801,0
40.7832,-73.9788,0
40.7307,-74.0081,0
40.7359,-73.9853,0
40.73,-74.0036,0
40.7697,-73.9506,0
40.7509,-73.9911,0
40.7565,-73.9724,0
40.7934,-73.9729,0
40.7506,-73.9946,0
40.7827,-73.9733,0
40.7712,-73.9566,0
40.7319,-73.9937,0
40.7571,-73.9696,0
40.7203,-73.9846,0
40.7327,-73.9982,0
40.7309,-73.9814,0
40.7577,-73.9665,0
40.7311,-73.984,0
40.7506,-74.0034,0
40.7654,-73.9726,0
40.7869,-73.9757,0
40.7572,-73.9718,0
40.7544,-73.9792,0
40.7587,-73.9891,0
40.7714,-73.9832,0
40.727,-73.9838,0
40.7555,-73.9948,0
40.7709,-73.9576,0
40.76,-73.9942,0
40.7406,-74.0019,0
40.7417,-73.9939,0
40.7381,-74.0079,0
40.7419,-73.9852,0
40.743,-73.9772,0
40.7365,-73.9889,0
40.7304,-74.0001,0
40.7526,-73.9929,0
40.7819,-73.9461,0
40.7628,-73.9864,0
40.7274,-73.985,0
40.7491,-74.0032,0
40.7286,-73.9788,0
40.7844,-73.947,0
40.76,-73.9729,0
40.7249,-73.9922,0
40.7319,-74.0034,0
40.7422,-74.0045,0
40.7335,-74.0028,0
40.6834,-73.9799,1
40.6611,-73.9611,-1
40.7684,-73.97,0
40.7865,-73.9536,0
40.7201,-73.9991,0
40.7408,-74.0056,0
40.776,-73.9553,0
40.7277,-73.9854,0
40.7833,-73.9528,0
40.788,-73.9557,0
40.7199,-74.0079,0
40.7862,-73.9426,0
40.7304,-73.9895,0
40.7328,-73.986,0
40.7433,-73.9937,0
40.7437,-74.0005,0
40.7587,-73.9914,0
40.788,-73.9802,0
40.717,-74.0123,0
40.7191,-73.9852,0
40.7356,-73.9964,0
40.735,-73.9892,0
40.7494,-73.9938,0
40.7693,-73.963,0
40.7747,-73.9783,0
40.7852,-73.9792,0
40.7031,-73.9846,0
40.721,-73.9811,0
40.7458,-73.9939,0
40.7638,-73.9824,0
40.7793,-73.9508,0
40.7796,-73.9757,0
40.7503,-73.9733,0
40.7976,-73.9697,0
40.721,-74.0041,0
40.7591,-73.9646,0
40.7227,-74.0096,0
40.7371,-73.9865,0
40.8011,-73.9679,0
40.7031,-73.987,0
40.7485,-73.9889,0
40.7802,-73.9475,0
40.7272,-74.0063,0
40.7159,-73.9993,0
40.7836,-73.9514,0
40.7739,-73.8716,3
40.7256,-73.9825,0
40.7479,-73.9865,0
40.7381,-74.0071,0
40.7453,-73.9786,0
40.723,-73.9958,0
40.6869,-73.9992,1
40.787,-73.9681,0
40.7315,-73.9757,0
40.7996,-73.97,0
40.7152,-74.0113,0
40.7189,-74.0024,0
40.7222,-74.0112,0
40.7245,-73.9907,0
40.7189,-73.9507,2
40.7453,-73.9986,0
40.773,-73.9523,0
40.7167,-73.991,0
40.7204,-73.994,0
40.7438,-73.9991,0
40.7294,-73.9777,0
40.78,-73.9473,0
40.7863,-73.9559,0
40.7512,-73.9932,0
40.7716,-73.9519,0
40.7803,-73.9458,0
40.7733,-73.9649,0
40.7377,-73.9805,0
40.7047,-74.0081,0
40.7714,-73.9876,0
40.7563,-73.9886,0
40.6697,-73.9803,-1
40.7681,-73.9659,0
40.8058,-73.9543,-1
40.7653,-73.9823,0
40.7772,-73.9522,0
40.7128,-74.0099,0
40.689,-73.9927,1
40.708,-74.0169,0
40.7635,-73.9654,0
40.7275,-73.9469,2
40.7517,-74.0013,0
40.77,-73.9552,0
40.7349,-73.9987,0
40.7133,-73.9414,2
40.7705,-73.9563,0
40.6874,-73.9747,-1
40.7788,-73.9862,0
40.7476,-73.9767,0
40.7582,-73.96,0
40.7667,-73.9594,0
40.708,-74.0053,0
40.7732,-73.8857,-1
40.7388,-73.973,0
40.7388,-73.973,0
40.7237,-73.9937,0
40.7742,-73.9794,0
40.7652,-73.9751,0
40.7362,-73.9977,0
40.766,-73.9712,0
40.7263,-73.9954,0
40.7597,-73.9873,0
40.7094,-74.0148,0
40.7547,-73.9897,0
40.7541,-73.9715,0
40.718,-74.0147,0
40.792,-73.9774,0
40.7248,-73.9806,0
40.7202,-73.9992,0
40.7795,-73.9447,0
40.7633,-73.9648,0
40.7408,-73.9858,0
40.7055,-73.9316,-1
40.721,-73.9913,0
40.7156,-74.0061,0
40.719,-73.9634,2
40.732,-73.9956,0
40.7437,-73.9792,0
40.7353,-73.986,0
40.7289,-73.9901,0
40.636,-73.9515,-1
40.7312,-73.9844,0
40.7578,-73.9617,0
40.7824,-73.9766,0
40.7292,-73.9776,0
40.7846,-73.9757,0
40.6736,-73.9583,-1
40.7598,-73.9852,0
40.7252,-73.9891,0
40.7716,-73.9897,0
40.6896,-73.9729,-1
40.725,-73.9793,0
40.7329,-73.9866,0
40.7362,-73.9976,0
40.7045,-74.0094,0
40.7554,-73.9971,0
40.7136,-73.9631,2
40.7408,-73.9893,0
40.724,-74.0033,0
40.7623,-73.982,0
40.7199,-74.0083,0
40.7407,-74.0019,0
40.7739,-73.8723,3
40.7807,-73.9559,0
40.7715,-73.9883,0
40.824,-73.9387,-1
40.7369,-73.9972,0
40.7687,-73.9553,0
40.7435,-73.9902,0
40.7341,-73.9951,0
40.7761,-73.9572,0
40.78,-73.961,0
40.7604,-74.0028,0
40.7234,-73.9984,0
40.774,-73.8726,3
40.7389,-73.9852,0
40.7175,-74.009,0
40.7594,-73.9871,0
40.7517,-74.0049,0
40.6655,-73.9804,-1
40.7287,-73.9906,0
40.7641,-73.9787,0
40.7729,-73.8856,-1
40.7748,-73.9612,0
40.7243,-73.9848,0
40.7767,-73.963,0
40.7347,-73.9795,0
40.8032,-73.9637,0
40.718,-74.0144,0
40.6968,-73.9833,1
40.7566,-73.9765,0
40.8513,-73.9409,-1
40.7406,-74.0044,0
40.7052,-74.0172,0
40.7758,-73.9484,0
40.7961,-73.9709,0
40.7237,-73.9799,0
40.7174,-74.0035,0
40.7749,-73.9468,0
40.7331,-73.9983,0
40.7746,-73.9632,0
40.7139,-73.9902,0
40.7525,-73.9757,0
40.7502,-73.9739,0
40.7819,-73.9795,0
40.7737,-73.9458,0
40.7412,-74.0019,0
40.6835,-73.9758,-1
40.7166,-74.0098,0
40.7552,-73.9737,0
40.665,-73.955,-1
40.745,-73.995,0
40.7709,-73.9631,0
40.7629,-73.974,0
40.7783,-73.9454,0
40.7499,-73.9744,0
40.7307,-73.9808,0
40.7473,-73.9724,0
40.7547,-73.9808,0
40.7572,-73.9846,0
40.7165,-73.9948,0
40.7934,-73.9729,0
40.7503,-73.9948,0
40.7398,-73.9856,0
40.7292,-73.9771,0
40.774,-73.9776,0
40.7222,-74.0008,0
40.7646,-73.9736,0
40.725,-73.981,0
40.7589,-73.9886,0
40.7666,-73.9592,0
40.737,-74.0071,0
40.7353,-73.9828,0
40.7319,-73.9965,0
40.7513,-74.0068,0
40.7534,-73.9873,0
40.6962,-73.9425,-1
40.7532,-73.9778,0
40.7505,-73.9947,0
40.7724,-73.9466,0
40.7222,-74.0018,0
40.7378,-73.9934,0
40.788,-73.9788,0
40.7743,-73.9594,0
40.7255,-73.9934,0
40.6773,-73.9806,-1
40.7357,-73.9833,0
40.7641,-73.9774,0
40.7325,-74.0633,-1
40.6954,-73.9204,-1
40.7651,-73.9752,0
40.7184,-74.0007,0
40.7624,-73.9745,0
40.7476,-74.0005,0
40.7323,-73.9963,0
40.7217,-74.0057,0
40.7825,-73.9729,0
40.7754,-73.9578,0
40.7209,-73.9956,0
40.742,-74.0037,0
40.6891,-73.968,-1
40.7215,-74.0021,0
40.7215,-74.0021,0
40.7345,-74.0055,0
40.7108,-74.0058,0
40.7355,-73.9882,0
40.7227,-73.9982,0
40.7257,-74.0091,0
40.7663,-73.9524,0
40.7743,-73.981,0
40.7326,-74.0076,0
40.7271,-73.9857,0
40.7245,-73.9481,2
40.7777,-73.9787,0
40.7388,-73.9871,0
40.7255,-74.0051,0
40.6878,-73.9897,1
40.7926,-73.967,0
40.6717,-73.9525,-1
40.7777,-73.9535,0
40.7719,-73.9597,0
40.7805,-73.9579,0
40.7438,-74.0063,0
40.7802,-73.9472,0
40.8225,-73.9116,-1
40.7219,-73.9874,0
40.7464,-73.9918,0
40.7731,-73.9783,0
40.7161,-74.0045,0
40.7753,-73.9445,0
40.7507,-74.0034,0
40.7474,-73.9976,0
40.7184,-73.9616,2
40.7557,-73.9631,0
40.7473,-73.9812,0
40.7063,-74.0089,0
40.7872,-73.9738,0
40.7367,-73.9893,0
40.7249,-73.9984,0
40.7412,-73.9734,0
40.7458,-73.9781,0
40.7763,-73.9477,0
40.7223,-73.9833,0
40.6793,-73.992,1
40.7686,-73.8627,3
40.7031,-74.013,0
40.7457,-73.9759,0
40.7457,-73.9759,0
40.6981,-73.9927,1
40.7498,-73.9976,0
40.8006,-73.9713,0
40.7563,-73.9778,0
40.7525,-73.9816,0
40.7416,-73.9881,0
40.7612,-73.9893,0
40.784,-73.9814,0
40.762,-73.9826,0
40.7383,-73.9914,0
40.7412,-73.9983,0
40.7193,-73.9998,0
40.7837,-73.9707,0
40.7757,-73.9527,0
40.7444,-73.9805,0
40.7304,-73.9864,0
40.6915,-73.9606,-1
40.764,-73.9619,0
40.8286,-73.9415,-1
40.7586,-73.9871,0
40.7741,-73.9608,0
40.7645,-73.9796,0
40.7911,-73.9688,0
40.7231,-73.9975,0
40.7271,-73.9787,0
40.8349,-73.9473,-1
40.7747,-73.9583,0
40.7627,-73.9891,0
40.6803,-73.9969,1
40.778,-73.9589,0
40.7733,-73.9624,0
40.726,-73.9962,0
40.7303,-74.008,0
40.672,-73.9774,-1
40.743,-74.0076,0
40.7798,-73.9616,0
40.7037,-73.9846,0
40.7241,-73.9826,0
40.7646,-73.9713,0
40.6981,-73.9964,0
40.7447,-73.9811,0
40.7421,-74.0041,0
40.7112,-74.006,0
40.7171,-73.9904,0
40.7725,-73.9531,0
40.7895,-73.9774,0
40.7581,-73.978,0
40.7195,-73.9574,2
40.6927,-73.9908,1
40.7234,-73.9808,0
40.7408,-74.0076,0
40.7667,-73.9591,0
40.8092,-73.9519,-1
40.7066,-74.0156,0
40.7261,-73.9984,0
40.7541,-73.9041,-1
40.7268,-73.9835,0
40.7445,-73.9755,0
40.7212,-73.9878,0
40.7303,-74.0068,0
40.7478,-73.9706,0
40.7705,-73.9583,0
40.7871,-73.9754,0
40.7721,-73.979,0
40.7691,-73.9811,0
40.7426,-73.9784,0
40.7104,-73.9523,2
40.7539,-73.9956,0
40.8007,-73.9702,0
40.723,-74.0036,0
40.726,-73.9871,0
40.7708,-73.8657,3
40.6811,-73.9723,-1
40.7211,-73.981,0
40.7945,-73.9739,0
40.7477,-73.9565,0
40.7419,-73.9761,0
40.7763,-73.9602,0
40.7913,-73.9387,0
40.7211,-74.0041,0
40.7302,-73.9921,0
40.788,-73.9803,0
40.7483,-73.9783,0
40.6905,-73.9276,-1
40.7873,-73.9561,0
40.7608,-73.9989,0
40.7383,-74.0013,0
40.7239,-73.9767,0
40.7334,-73.9871,0
40.7268,-73.9778,0
40.7142,-73.9562,2
40.7631,-73.9804,0
40.7349,-74.0021,0
40.7781,-73.9484,0
40.7459,-74.0056,0
40.7464,-73.9966,0
40.7225,-74.0026,0
40.7464,-73.9966,0
40.7491,-73.984,0
40.7696,-73.9849,0
40.7786,-73.9874,0
40.7435,-74.0001,0
40.7286,-73.9591,2
40.7501,-73.9932,0
40.7249,-73.9807,0
40.7481,-74.0073,0
40.7678,-73.9917,0
40.7741,-73.8723,3
40.7148,-74.011,0
40.7397,-73.9812,0
40.7692,-73.9571,0
40.7926,-73.9751,0
40.7822,-73.9536,0
40.7633,-73.9787,0
40.7373,-73.9865,0
40.7459,-74.0024,0
40.7378,-73.983,0
40.7601,-73.9788,0
40.7337,-73.9881,0
40.7312,-74.0101,0
40.7555,-73.9954,0
40.7204,-73.9784,0
40.7235,-74.0108,0
40.7777,-73.9648,0
40.7843,-73.9711,0
40.7237,-73.9946,0
40.7447,-73.995,0
40.7726,-73.9606,0
40.7732,-73.9525,0
40.7704,-73.958,0
40.7375,-73.9884,0
40.7324,-74.0076,0
40.6945,-73.9836,1
40.7408,-74.0076,0
40.8201,-73.9466,-1
40.7748,-73.9911,0
40.736,-74.0047,0
40.7236,-74.0053,0
40.7209,-74.0041,0
40.773,-73.9543,0
40.7195,-74.0052,0
40.7226,-73.9799,0
40.7268,-73.9964,0
40.7305,-73.9798,0
40.7733,-73.9783,0
40.7308,-73.983,0
40.7607,-73.994,0
40.7265,-74.0023,0
40.7339,-73.9806,0
40.7308,-74.0103,0
40.782,-73.8257,-1
40.7277,-73.9837,0
40.776,-73.9473,0
40.7362,-73.9981,0
40.6951,-73.9517,-1
40.7233,-73.9939,0
40.7397,-73.9926,0
40.7745,-73.9802,0
40.7144,-73.9594,2
40.7258,-73.9897,0
40.6724,-73.9742,-1
40.7604,-73.9992,0
40.7469,-73.9564,0
40.723,-73.993,0
40.7564,-73.9667,0
40.7792,-73.9571,0
40.7229,-73.9947,0
40.7502,-73.9738,0
40.7552,-73.9928,0
40.7607,-73.9901,0
40.6881,-73.9878,1
40.779,-73.9464,0
40.7526,-73.9932,0
40.7677,-73.981,0
40.7464,-73.9914,0
40.7181,-73.9837,0
40.7714,-73.9898,0
40.7173,-73.9954,0
40.7392,-73.9934,0
40.7863,-73.9723,0
40.7577,-73.9932,0
40.7441,-73.9877,0
40.7193,-73.9851,0
40.7313,-73.9755,0
40.7771,-73.9801,0
40.7637,-73.9814,0
40.7916,-73.9685,0
40.7778,-73.9798,0
40.7471,-74.0101,0
40.7661,-73.9907,0
40.7914,-73.9532,0
40.7485,-73.9768,0
40.7281,-73.9828,0
40.7631,-73.9792,0
40.7768,-73.9513,0
40.7843,-73.9798,0
40.7527,-74.0042,0
40.7814,-73.9834,0
40.7199,-74.0102,0
40.7167,-73.9892,0
40.7753,-73.9446,0
40.7287,-73.9904,0
40.7357,-73.9869,0
40.7378,-73.9807,0
40.7378,-73.9807,0
40.7725,-73.9768,0
40.7169,-74.0148,0
40.7426,-73.996,0
40.7553,-73.981,0
40.7202,-73.9998,0
40.797,-73.97,0
40.7814,-73.9796,0
40.7173,-74.016,0
40.7222,-73.9802,0
40.7198,-74.0072,0
40.7758,-73.9809,0
40.6921,-73.9889,1
40.7146,-73.9524,2
40.7352,-74.0013,0
40.7172,-74.0047,0
40.6731,-73.9562,-1
40.7594,-73.9885,0
40.7472,-73.9913,0
40.6631,-73.9888,-1
40.7079,-73.954,2
40.771,-73.8662,3
40.8033,-73.9449,-1
40.7741,-73.9528,0
40.7935,-73.9668,0
40.7598,-73.9854,0
40.7841,-73.9727,0
40.7387,-73.9979,0
40.6934,-73.9527,-1
40.7236,-74.0108,0
40.7622,-73.9724,0
40.7377,-74.0052,0
40.7557,-73.9823,0
40.7325,-73.9813,0
40.7855,-73.9789,0
40.7682,-73.9844,0
40.7651,-73.9614,0
40.7217,-73.9976,0
40.7787,-73.9624,0
40.7395,-73.9887,0
40.7182,-73.9865,0
40.6932,-73.9677,-1
40.7619,-73.9714,0
40.7227,-73.996,0
40.7569,-73.961,0
40.7357,-73.9852,0
40.6894,-73.974,-1
40.6761,-73.9806,-1
40.7873,-73.9744,0
40.7281,-73.9828,0
40.6723,-73.9859,-1
40.7341,-74.0062,0
40.7187,-74.0025,0
40.7755,-73.826,-1
40.7758,-73.9441,0
40.7843,-73.9798,0
40.7097,-74.0604,-1
40.7205,-73.9947,0
40.7348,-73.9994,0
40.774,-73.8726,3
40.7231,-73.994,0
40.7331,-73.9751,0
40.7331,-73.9751,0
40.7186,-74.0089,0
40.7405,-74.0041,0
40.741,-73.9861,0
40.7822,-73.9481,0
40.7637,-73.9658,0
40.7246,-73.9934,0
40.7311,-74.0103,0
40.7663,-73.9918,0
40.7561,-73.9966,0
40.7324,-73.9745,0
40.7814,-73.9523,0
40.7327,-73.9816,0
40.6807,-73.9496,-1
40.7727,-73.9459,0
40.7284,-74.0036,0
40.7199,-73.9893,0
40.7613,-73.9996,0
40.7209,-74.0006,0
40.7737,-73.9478,0
40.7773,-73.9786,0
40.7871,-73.9789,0
40.7305,-74.0096,0
40.7305,-74.0096,0
40.776,-73.9565,0
40.7289,-73.985,0
40.7539,-73.9884,0
40.7641,-73.9828,0
40.7388,-73.989,0
40.7147,-73.9387,2
40.7484,-73.9802,0
40.7309,-74.0048,0
40.7219,-73.9935,0
40.7643,-73.9738,0
40.7751,-73.9593,0
40.7946,-73.9695,0
40.7887,-73.9706,0
40.7308,-74.0053,0
40.7639,-73.9796,0
40.7218,-74.0043,0
40.7163,-74.0068,0
40.78,-73.9769,0
40.7239,-73.9919,0
40.8408,-73.9429,-1
40.7438,-73.9834,0
40.7785,-73.9612,0
40.755,-73.9943,0
40.7977,-73.9612,0
40.7737,-73.9641,0
40.7712,-73.9801,0
40.6962,-73.9424,-1
40.7229,-73.9941,0
40.7505,-73.9946,0
40.7278,-73.9852,0
40.7738,-73.8714,3
40.692,-73.9726,-1
40.734,-74.0041,0
40.7444,-73.973,0
40.6925,-73.96,-1
40.7203,-74.0049,0
40.7435,-73.9728,0
40.7245,-73.9835,0
40.7285,-73.9758,0
40.7751,-73.9804,0
40.7202,-73.9892,0
40.7236,-74.0109,0
40.7681,-73.9566,0
40.6494,-74.0069,-1
40.6885,-73.9512,-1
40.7213,-74.0053,0
40.6838,-73.9933,1
40.6874,-73.9957,1
40.7733,-73.959,0
40.7419,-73.9967,0
40.7231,-73.9889,0
40.7664,-73.9784,0
40.7739,-73.8716,3
40.78,-73.9747,0
40.6819,-73.9421,-1
40.7567,-73.9822,0
40.7661,-73.9639,0
40.7261,-73.9835,0
40.7283,-74.0009,0
40.7794,-73.9795,0
40.775,-73.9768,0
40.7663,-73.9602,0
40.6949,-73.9098,-1
40.76,-73.9766,0
40.7164,-73.9507,2
40.7565,-73.9801,0
40.7439,-73.9776,0
40.7702,-73.9813,0
40.7687,-73.8626,3
40.7748,-73.9653,0
40.7807,-73.961,0
40.7909,-73.9765,0
40.7453,-73.9724,0
40.6898,-73.9926,1
40.7479,-74.0081,0
40.7376,-73.9841,0
40.771,-73.866,3
40.7897,-73.9773,0
40.7758,-73.9562,0
40.7399,-73.9932,0
40.6844,-73.947,-1
40.7254,-73.9951,0
40.7545,-73.9731,0
40.7402,-74.0058,0
40.7447,-73.9777,0
40.6689,-73.9799,-1
40.6869,-73.9903,1
40.7373,-73.9926,0
40.6939,-73.9937,1
40.721,-73.9994,0
40.756,-73.9967,0
40.7464,-73.9854,0
40.7748,-73.991,0
40.7194,-73.9544,2
40.7739,-73.8716,3
40.7839,-73.9815,0
40.7653,-73.9894,0
40.7569,-73.9936,0
40.74,-74.006,0
40.7409,-73.9975,0
40.7777,-73.9536,0
40.6259,-73.9705,-1
40.7439,-73.8831,-1
40.7692,-73.8655,3
40.7382,-73.9947,0
40.7243,-73.985,0
40.7272,-73.9497,2
40.8548,-73.9665,-1
40.7331,-73.9984,0
40.762,-73.9786,0
40.7074,-74.0103,0
40.7633,-73.9649,0
40.7226,-74.0045,0
40.7458,-73.9902,0
40.7529,-73.9834,0
40.7231,-73.9891,0
40.7754,-73.9804,0
40.7333,-74.0096,0
40.7341,-74.0013,0
40.7301,-73.9858,0
40.7733,-73.9663,0
40.739,-73.9815,0
40.7273,-73.9791,0
40.751,-73.9943,0
40.7479,-73.9907,0
40.7824,-73.957,0
40.7331,-73.9813,0
40.8159,-73.9397,-1
40.7257,-73.9827,0
40.7882,-73.9543,0
40.7202,-74.0104,0
40.7515,-73.9849,0
40.7445,-73.9756,0
40.7739,-73.9486,0
40.721,-74.0042,0
40.7559,-73.9962,0
40.7675,-73.9631,0
40.7061,-73.921,-1
40.7706,-73.9644,0
40.7351,-74.0019,0
40.7827,-73.9533,0
40.7327,-73.9876,0
40.7256,-74.0055,0
40.778,-73.9541,0
40.7135,-73.9894,0
40.7868,-73.977,0
40.7503,-73.9913,0
40.7174,-73.9627,2
40.7132,-73.9929,0
40.7423,-74.0033,0
40.7384,-73.9836,0
40.733,-73.9745,0
40.7252,-74.0042,0
40.7178,-73.98,0
40.7217,-73.9871,0
40.7345,-74.0023,0
40.7738,-73.9778,0
40.7341,-74.0041,0
40.7892,-73.9756,0
40.7884,-73.9708,0
40.7343,-74.0026,0
40.7202,-73.9937,0
40.7676,-73.8664,3
40.7478,-73.9706,0
40.713,-73.9777,0
40.7804,-73.9536,0
40.7906,-73.9702,0
40.7238,-73.9897,0
40.7302,-73.9778,0
40.7185,-74.0027,0
40.7198,-73.9875,0
40.7391,-73.9858,0
40.764,-73.9798,0
40.7189,-73.9578,2
40.7711,-73.8657,3
40.758,-73.9724,0
40.7186,-73.9991,0
40.7881,-73.9758,0
40.7151,-74.0065,0
40.785,-73.9483,0
40.7639,-73.9683,0
40.7068,-73.9412,2
40.7408,-73.9762,0
40.7446,-74.0081,0
40.7566,-73.9671,0
40.7173,-73.9499,2
40.7802,-73.9474,0
40.7338,-73.954,2
40.6722,-73.987,-1
40.7283,-73.9819,0
40.7283,-73.9819,0
40.7579,-73.9785,0
40.7854,-73.9738,0
40.7404,-73.9793,0
40.7755,-73.9902,0
40.7879,-73.9758,0
40.7742,-73.9811,0
40.7654,-73.9835,0
40.7894,-73.9791,0
40.7262,-74.0075,0
40.7426,-73.9967,0
40.716,-74.0152,0
40.7377,-74.0022,0
40.7787,-73.978,0
40.7395,-73.9923,0
40.7532,-73.9916,0
40.7199,-74.008,0
40.7588,-73.9657,0
40.7387,-74.0088,0
40.7266,-73.9867,0
40.7241,-73.9936,0
40.7268,-73.9779,0
40.7432,-73.9721,0
40.7867,-73.9794,0
40.734,-73.9815,0
40.7434,-73.9805,0
40.7418,-73.9968,0
40.7228,-73.9959,0
40.7105,-73.9661,2
40.6788,-73.9781,-1
40.7332,-73.9812,0
40.7395,-73.9942,0
40.7507,-73.9829,0
40.7399,-74.0027,0
40.7303,-73.9938,0
40.7736,-73.9556,0
40.7745,-73.9913,0
40.77,-73.8646,3
40.7788,-73.9479,0
40.7644,-73.9852,0
40.7592,-73.9957,0
40.7056,-74.0051,0
40.7425,-74.0042,0
40.7496,-73.9522,-1
40.7506,-74.0033,0
40.7656,-73.9842,0
40.7297,-74.0112,0
40.7422,-73.9848,0
40.7991,-73.9624,0
40.7147,-73.991,0
40.7487,-73.9919,0
40.7537,-73.996,0
40.7849,-73.9705,0
40.7435,-73.9983,0
40.7377,-73.9826,0
40.7455,-73.9911,0
40.7582,-73.9919,0
40.7449,-73.9913,0
40.7826,-73.9811,0
40.7611,-73.9842,0
40.7251,-73.9775,0
40.7205,-74.0804,-1
40.7441,-73.9741,0
40.7705,-73.9566,0
40.7783,-73.9745,0
40.7511,-73.9942,0
40.7257,-74.0092,0
40.7232,-73.9465,2
40.7219,-74.0041,0
40.7873,-73.9679,0
40.6913,-73.9844,1
40.777,-73.9599,0
40.7912,-73.9774,0
40.7291,-73.9842,0
40.671,-73.9726,-1
40.7789,-73.9777,0
40.727,-73.9801,0
40.7611,-73.9968,0
40.736,-74.005,0
40.7339,-73.9804,0
40.7405,-73.9794,0
40.7237,-73.9776,0
40.7193,-73.9973,0
40.7188,-74.0107,0
40.7412,-74.0,0
40.7512,-73.9937,0
40.7165,-73.9883,0
40.693,-73.9502,-1
40.693,-73.9502,-1
40.7377,-73.9935,0
40.8098,-73.958,-1
40.7297,-73.9997,0
40.7261,-73.993,0
40.789,-73.9741,0
40.688,-73.9896,1
40.7344,-73.9835,0
40.7563,-73.9816,0
40.7633,-73.9808,0
40.7248,-73.9806,0
40.7305,-73.9847,0
40.7647,-73.983,0
40.7246,-73.9924,0
40.7789,-73.9583,0
40.7378,-74.0057,0
40.7568,-73.9738,0
40.7225,-73.9831,0
40.7423,-73.9849,0
40.7744,-73.9555,0
40.7057,-74.0096,0
40.7482,-73.989,0
40.7519,-73.985,0
40.7796,-73.9498,0
40.7555,-73.9817,0
40.7855,-73.9691,0
40.6797,-73.9818,1
40.6964,-73.8997,-1
40.7409,-73.9921,0
40.7772,-73.9779,0
40.7239,-73.9803,0
40.7724,-73.9496,0
40.7809,-73.9545,0
40.7623,-73.9819,0
40.771,-73.8661,3
40.783,-73.9747,0
40.7742,-73.965,0
40.7647,-73.9706,0
40.7486,-73.9779,0
40.7725,-73.982,0
40.7191,-73.9895,0
40.7445,-73.9875,0
40.7708,-73.982,0
40.7596,-73.9952,0
40.7454,-73.9937,0
40.744,-73.9928,0
40.779,-73.982,0
40.7224,-73.9845,0
40.7544,-73.9633,0
40.7222,-73.9888,0
40.7544,-73.9878,0
40.7359,-74.0016,0
40.7252,-73.991,0
40.7825,-73.9847,0
40.7945,-73.9664,0
40.7739,-73.8717,3
40.6915,-73.9844,1
40.7642,-73.9845,0
40.7709,-73.9597,0
40.7597,-73.9917,0
40.6914,-73.9595,-1
40.778,-73.9784,0
40.7055,-74.0091,0
40.7224,-73.9917,0
40.7378,-73.9828,0
40.7605,-73.9861,0
40.7409,-73.9798,0
40.7387,-73.9935,0
40.719,-73.9903,0
40.7271,-73.9839,0
40.7716,-73.8665,3
40.7191,-73.9639,2
40.7451,-73.9788,0
40.7356,-73.9915,0
40.7526,-73.9652,0
40.7218,-73.9568,2
40.764,-73.9805,0
40.7225,-73.992,0
40.7881,-73.9762,0
40.7627,-73.9783,0
40.7476,-73.9748,0
40.7194,-74.0026,0
40.705,-74.0074,0
40.7674,-73.9843,0
40.7251,-74.0088,0
40.7513,-73.9941,0
40.7845,-73.9557,0
40.7728,-73.9473,0
40.7634,-73.9771,0
40.7834,-73.9742,0
40.7239,-73.9839,0
40.7612,-73.9737,0
40.623,-74.039,-1
40.7652,-73.9793,0
40.7555,-73.9836,0
40.782,-73.9811,0
40.7529,-73.9743,0
40.7449,-73.9889,0
40.7449,-73.9889,0
40.7808,-73.9607,0
40.7301,-73.9794,0
40.7937,-73.9669,0
40.7593,-73.9944,0
40.7501,-73.9736,0
40.804,-73.9503,-1
40.7599,-73.9877,0
40.718,-74.0073,0
40.718,-74.0073,0
40.769,-73.9829,0
40.7606,-73.9749,0
40.7253,-74.01,0
40.7859,-73.9801,0
40.7651,-73.984,0
40.7631,-73.9802,0
40.7765,-73.9467,0
40.6853,-73.9632,-1
40.8029,-73.9655,0
40.7626,-73.9969,0
40.7611,-73.9706,0
40.6899,-73.9801,1
40.7256,-74.0055,0
40.725,-73.9884,0
40.7732,-73.946,0
40.7732,-73.9548,0
40.7133,-73.9548,2
40.7249,-73.9474,2
40.7273,-73.983,0
40.7218,-73.9998,0
40.7493,-73.9825,0
40.7394,-74.0025,0
40.717,-73.9593,2
40.7857,-73.9692,0
40.7439,-74.0065,0
40.726,-73.9919,0
40.732,-73.9575,2
40.7404,-73.8452,-1
40.7719,-73.9612,0
40.8023,-73.9677,0
40.72,-73.988,0
40.7549,-74.0002,0
40.7404,-74.0058,0
40.7255,-73.9497,2
40.7666,-73.9918,0
40.7521,-73.9953,0
40.7538,-73.9857,0
40.7583,-73.9866,0
40.7244,-73.9996,0
40.6856,-73.9937,1
40.7394,-74.0027,0
40.7242,-73.9909,0
40.6784,-73.9639,-1
40.7223,-74.0113,0
40.7115,-74.0094,0
40.7707,-73.9599,0
40.757,-73.9754,0
40.7454,-73.9982,0
40.7525,-73.9932,0
40.7406,-73.9794,0
40.7196,-73.962,2
40.7553,-73.9755,0
40.7403,-74.0037,0
40.7711,-73.8661,3
40.7621,-73.9752,0
40.712,-73.9629,2
40.7218,-74.006,0
40.6606,-73.9834,-1
40.682,-73.9421,-1
40.682,-73.9421,-1
40.7593,-73.9763,0
40.7023,-73.9867,0
40.7615,-73.9942,0
40.7919,-73.977,0
40.72,-74.0,0
40.756,-73.9908,0
40.7324,-73.9931,0
40.7267,-73.9832,0
40.7054,-74.0073,0
40.7665,-73.9812,0
40.776,-73.95,0
40.7806,-73.9466,0
40.7241,-73.9908,0
40.749,-73.9753,0
40.7708,-73.9478,0
40.7619,-73.9663,0
40.7961,-73.9498,0
40.7504,-73.9947,0
40.7373,-74.0426,-1
40.7189,-74.005,0
40.7738,-73.8717,3
40.6961,-73.9925,1
40.6391,-73.9659,-1
40.7313,-73.9993,0
40.7607,-73.969,0
40.7406,-73.9968,0
40.72,-74.0055,0
40.7203,-73.9847,0
40.692,-73.9956,1
40.7596,-73.9788,0
40.7371,-74.0019,0
40.757,-73.9937,0
40.7674,-73.9842,0
40.7073,-74.0119,0
40.816,-73.9433,-1
40.7337,-74.0016,0
40.7489,-73.9935,0
40.7376,-74.0035,0
40.7975,-73.9678,0
40.7583,-73.967,0
40.7644,-73.9689,0
40.7518,-73.9766,0
40.7208,-74.0029,0
40.7165,-73.9508,2
40.7023,-73.9867,0
40.7352,-73.9798,0
40.7515,-73.9938,0
40.7324,-73.9894,0
40.7285,-73.9838,0
40.7779,-73.954,0
40.7377,-74.0047,0
40.7418,-74.0048,0
40.6718,-73.9759,-1
40.7235,-73.9871,0
40.7642,-73.9792,0
40.7716,-73.957,0
40.7596,-73.9856,0
40.7211,-74.0052,0
40.7426,-73.996,0
40.7695,-73.9874,0
40.7334,-74.0086,0
40.6747,-73.9852,-1
40.7278,-74.0002,0
40.7135,-73.9791,0
40.7317,-74.0058,0
40.7571,-73.9792,0
40.7579,-73.9893,0
40.7285,-73.9856,0
40.7607,-73.999,0
40.7502,-73.8864,-1
40.7466,-73.9906,0
40.7693,-73.9597,0
40.723,-73.9941,0
40.7199,-73.9563,2
40.7245,-73.9914,0
40.781,-73.9162,-1
40.722,-74.0002,0
40.6862,-73.9826,1
40.7239,-73.9841,0
40.7917,-73.9758,0
40.766,-73.9797,0
40.7657,-73.9766,0
40.7071,-74.0075,0
40.7137,-73.9794,0
40.7765,-73.9892,0
40.7381,-74.005,0
40.7704,-73.9855,0
40.7465,-73.9801,0
40.7796,-73.9772,0
40.7555,-73.9816,0
40.7752,-73.9769,0
40.7206,-73.9894,0
40.7196,-74.0024,0
40.7302,-73.9895,0
40.7719,-73.9821,0
40.7673,-73.9903,0
40.7324,-73.993,0
40.7326,-73.9815,0
40.7242,-73.9843,0
40.7685,-73.9578,0
40.743,-74.0038,0
40.742,-74.0038,0
40.7786,-73.9884,0
40.7795,-73.9578,0
40.7605,-73.9935,0
40.776,-73.9533,0
40.6599,-73.9189,-1
40.6897,-73.98,1
40.774,-73.8727,3
40.7507,-73.9736,0
40.7653,-73.9826,0
40.7622,-73.9788,0
40.746,-73.9905,0
40.6934,-73.9828,1
40.7753,-73.9648,0
40.6875,-73.9677,-1
40.7227,-73.9849,0
40.7255,-73.9972,0
40.7339,-73.9809,0
40.7193,-74.0045,0
40.7837,-73.9796,0
40.7788,-73.9558,0
40.7406,-73.9892,0
40.7378,-73.9881,0
40.76,-73.9844,0
40.7457,-73.9934,0
40.7462,-73.991,0
40.7518,-73.9736,0
40.7231,-73.9974,0
40.7185,-73.9987,0
40.7591,-73.9941,0
40.7371,-73.9785,0
40.7693,-73.9826,0
40.7373,-73.9867,0
40.7382,-73.9832,0
40.7178,-73.9837,0
40.7451,-73.9915,0
40.7451,-73.9786,0
40.7337,-74.0019,0
40.7631,-73.9736,0
40.7613,-73.9995,0
40.7726,-73.9788,0
40.7445,-74.0078,0
40.7751,-73.9766,0
40.7283,-73.9818,0
40.7593,-73.9948,0
40.7583,-73.9926,0
40.7706,-73.9819,0
40.7828,-73.9489,0
40.7613,-73.9661,0
40.7443,-74.002,0
40.7265,-73.9982,0
40.7336,-73.9764,0
40.7747,-73.9913,0
40.7428,-73.9919,0
40.7501,-73.9944,0
40.7614,-73.978,0
40.7828,-73.9737,0
40.7356,-74.0031,0
40.7566,-73.9667,0
40.7661,-73.9779,0
40.7362,-73.9824,0
40.7911,-73.9652,0
40.6798,-73.9816,1
40.7599,-73.9964,0
40.7289,-73.9948,0
40.7886,-73.9762,0
40.7187,-73.9994,0
40.7723,-73.9526,0
40.7743,-73.9569,0
40.7795,-73.9448,0
40.7957,-73.9654,0
40.7557,-73.9724,0
40.7369,-74.0013,0
40.7634,-73.9649,0
40.6971,-73.9353,-1
40.7431,-73.9777,0
40.7785,-73.951,0
40.7431,-73.9991,0
40.7656,-73.9752,0
40.7647,-73.9726,0
40.7784,-73.9853,0
40.7273,-73.9202,-1
40.7331,-73.9751,0
40.7452,-73.9787,0
40.6703,-73.9783,-1
40.7894,-73.9706,0
40.7843,-73.9489,0
40.7286,-73.9953,0
40.7858,-73.9723,0
40.7575,-73.9707,0
40.7522,-73.9859,0
40.7559,-73.993,0
40.7161,-74.0045,0
40.7773,-73.9893,0
40.7402,-73.9858,0
40.7859,-73.9848,0
40.6923,-73.9972,1
40.6914,-73.9449,-1
40.7193,-73.9538,2
40.6687,-73.9609,-1
40.7706,-73.8654,3
40.7849,-73.9826,0
40.7599,-73.9948,0
40.7474,-73.9776,0
40.7591,-73.9722,0
40.7318,-73.9933,0
40.7431,-73.9798,0
40.7685,-73.9586,0
40.747,-73.9867,0
40.7647,-73.9765,0
40.7637,-73.9809,0
40.7695,-73.9648,0
40.7409,-74.0008,0
40.7433,-73.9883,0
40.7494,-73.9817,0
40.7207,-73.9623,2
40.7741,-73.8722,3
40.7778,-73.955,0
40.7823,-73.9556,0
40.7987,-73.9598,0
40.716,-74.012,0
40.7641,-73.9774,0
40.7392,-74.001,0
40.7804,-73.9756,0
40.6821,-73.9602,-1
40.7202,-73.9825,0
40.7665,-73.9841,0
40.7727,-73.9634,0
40.7761,-73.9576,0
40.761,-73.9693,0
40.7666,-73.971,0
40.7674,-73.9535,0
40.7804,-73.9461,0
40.7869,-73.9772,0
40.7623,-73.9826,0
40.7533,-73.9721,0
40.7601,-73.9669,0
40.6775,-73.9828,-1
40.6881,-73.9741,-1
40.7666,-73.9883,0
40.736,-73.9895,0
40.7197,-73.9857,0
40.7219,-73.9891,0
40.772,-73.9499,0
40.7459,-73.9881,0
40.7508,-73.9874,0
40.7459,-73.9889,0
40.7257,-73.9921,0
40.7652,-73.9723,0
40.7593,-73.9682,0
40.7727,-73.9535,0
40.7109,-74.0061,0
40.7742,-73.8725,3
40.747,-73.9873,0
40.7735,-73.9495,0
40.7653,-73.9755,0
40.7289,-73.9945,0
40.7422,-73.9911,0
40.7169,-74.0123,0
40.7273,-73.9477,2
40.7553,-73.9859,0
40.7828,-73.9476,0
40.7616,-74.0002,0
40.7258,-73.9504,2
40.705,-74.0105,0
40.7719,-73.956,0
40.745,-73.9948,0
40.7474,-73.9876,0
40.7703,-73.9559,0
40.7219,-73.979,0
40.7681,-73.8622,3
40.7645,-73.9794,0
40.7312,-73.9791,0
40.7443,-73.9916,0
40.7453,-73.9914,0
40.7463,-73.972,0
40.7473,-73.9933,0
40.7459,-73.9887,0
40.7063,-74.0085,0
40.7535,-73.9926,0
40.785,-73.9704,0
40.7403,-74.0037,0
40.6926,-73.9729,-1
40.7443,-73.9942,0
40.7778,-73.9459,0
40.7611,-73.9986,0
40.7591,-73.9885,0
40.7772,-73.954,0
40.7202,-73.9882,0
40.7582,-73.9648,0
40.7251,-74.003,0
40.7491,-73.9801,0
40.7541,-73.9958,0
40.7655,-73.9898,0
40.7364,-74.0074,0
40.7215,-74.011,0
40.7505,-73.9945,0
40.6895,-73.9557,-1
40.768,-73.9913,0
40.7341,-74.0086,0
40.7641,-73.9583,0
40.7562,-73.9641,0
40.7455,-73.9888,0
40.7739,-73.8723,3
40.7675,-73.9822,0
40.7603,-73.9911,0
40.7346,-74.0098,0
40.7218,-73.9874,0
40.7282,-73.9846,0
40.7771,-73.9778,0
40.7138,-74.0118,0
40.7272,-74.0479,-1
40.7804,-73.9577,0
40.7274,-73.9924,0
40.7143,-73.9886,0
40.7583,-73.9922,0
40.7229,-73.9945,0
40.7796,-73.9535,0
40.7548,-73.8834,-1
40.7143,-74.015,0
40.767,-73.9829,0
40.7912,-73.975,0
40.7931,-73.9739,0
40.7672,-73.9567,0
40.7499,-73.9919,0
40.7494,-73.9774,0
40.7348,-74.0039,0
40.7374,-73.9788,0
40.7724,-73.9548,0
40.7592,-73.9945,0
40.767,-73.962,0
40.7327,-73.9815,0
40.7564,-73.9972,0
40.7156,-74.0092,0
40.7557,-73.993,0
40.7457,-73.9845,0
40.7796,-73.9505,0
40.7742,-73.9514,0
40.7684,-73.8623,3
40.7528,-73.9756,0
40.7559,-73.973,0
40.7362,-73.9985,0
40.7591,-73.9622,0
40.7248,-74.0006,0
40.7235,-73.9811,0
40.7561,-73.9944,0
40.726,-74.0014,0
40.6852,-73.9565,-1
40.7502,-73.9817,0
40.7338,-74.0086,0
40.742,-74.0038,0
40.7752,-73.9474,0
40.7654,-73.9754,0
40.7642,-73.9773,0
40.7803,-73.953,0
40.7571,-73.9778,0
40.7524,-73.9682,0
40.7451,-73.991,0
40.775,-73.9805,0
40.7226,-73.983,0
40.7147,-73.9822,0
40.8033,-73.9563,0
40.7322,-73.9866,0
40.779,-73.9479,0
40.7412,-73.9923,0
40.7702,-73.9907,0
40.7342,-73.9805,0
40.7397,-73.9908,0
40.7567,-73.9722,0
40.7879,-73.9786,0
40.7224,-74.0041,0
40.7547,-73.966,0
40.7368,-73.9889,0
40.7777,-73.9886,0
40.7739,-73.8723,3
40.7309,-73.9929,0
40.7585,-73.987,0
40.7537,-73.9992,0
40.7906,-73.9729,0
40.776,-73.953,0
40.7609,-73.9992,0
40.7257,-74.0056,0
40.7181,-73.9548,2
40.7368,-73.9971,0
40.7281,-73.982,0
40.7641,-73.9784,0
40.7271,-74.0019,0
40.7445,-73.9908,0
40.7216,-73.9936,0
40.774,-73.8727,3
40.7705,-73.9812,0
40.7152,-73.9965,0
40.7519,-73.9988,0
40.7427,-73.9998,0
40.7686,-73.8626,3
40.8048,-73.9481,-1
40.7392,-73.9987,0
40.7643,-73.9791,0
40.7433,-73.972,0
40.7738,-73.9583,0
40.7929,-73.9742,0
40.7301,-73.9778,0
40.7781,-73.985,0
40.7449,-73.9868,0
40.7223,-74.011,0
40.6948,-73.9722,-1
40.7209,-74.0012,0
40.7286,-73.9874,0
40.7623,-73.9788,0
40.7171,-73.958,2
40.7334,-73.976,0
40.7498,-73.9836,0
40.7515,-73.9978,0
40.7208,-74.0042,0
40.7333,-74.0063,0
40.7199,-73.9845,0
40.7924,-73.9743,0
40.7348,-74.0092,0
40.7612,-73.981,0
40.7801,-73.9853,0
40.7587,-73.9923,0
40.7601,-73.99,0
40.7248,-73.9788,0
40.7248,-73.9788,0
40.7339,-73.9805,0
40.7139,-73.992,0
40.7104,-73.9877,0
40.7143,-74.0001,0
40.7246,-73.9819,0
40.7578,-73.9613,0
40.7739,-73.8727,3
40.73,-74.0068,0
40.7249,-74.0026,0
40.7227,-73.988,0
40.7301,-73.9925,0
40.7257,-74.0055,0
40.7418,-74.0034,0
40.7261,-73.993,0
40.7728,-73.9476,0
40.7739,-73.8721,3
40.7322,-74.0077,0
40.7667,-73.9972,0
40.7748,-73.991,0
40.7207,-73.9953,0
40.6732,-73.9763,-1
40.747,-74.0021,0
40.7059,-74.017,0
40.7725,-73.9606,0
40.6705,-73.9436,-1
40.7323,-73.9923,0
40.72,-74.0092,0
40.6694,-73.939,-1
40.7291,-73.9812,0
40.6753,-73.9797,-1
40.7332,-74.0101,0
40.6821,-73.9951,1
40.732,-73.9799,0
40.7405,-73.979,0
40.7185,-73.9927,0
40.7676,-73.9913,0
40.7748,-73.9219,-1
40.7172,-73.9431,2
40.8046,-73.957,0
40.71,-74.0073,0
40.6918,-73.9349,-1
40.7398,-73.9854,0
40.7245,-73.9913,0
40.748,-73.9571,0
40.787,-73.9709,0
40.7567,-73.9742,0
40.7605,-73.9948,0
40.7408,-74.0078,0
40.7666,-73.9817,0
40.7485,-74.0059,0
40.7431,-74.0001,0
40.7631,-73.9938,0
40.7344,-73.9783,0
40.7598,-73.9856,0
40.7725,-73.967,0
40.7325,-73.9965,0
40.7282,-73.9878,0
40.7565,-73.9846,0
40.7786,-73.9886,0
40.6873,-73.9447,-1
40.7223,-74.0027,0
40.6862,-73.9579,-1
40.7412,-73.9958,0
40.7958,-73.9708,0
40.7052,-74.0077,0
40.7497,-73.9834,0
40.8088,-73.9632,0
40.7863,-73.9782,0
40.7219,-74.0025,0
40.7398,-73.9853,0
40.7835,-73.9708,0
40.7369,-73.9887,0
40.7159,-73.9862,0
40.7198,-73.9876,0
40.7668,-73.9972,0
40.6436,-73.906,-1
40.7598,-73.9917,0
40.808,-73.9665,0
40.6243,-73.9704,-1
40.7091,-73.9473,2
40.7825,-73.973,0
40.6652,-73.985,-1
40.7572,-73.984,0
40.7257,-74.0029,0
40.7625,-73.9865,0
40.7859,-73.9762,0
40.7218,-73.9933,0
40.8023,-73.9678,0
40.7439,-74.0011,0
40.7289,-73.9862,0
40.7355,-74.0087,0
40.7365,-73.9969,0
40.7076,-73.9665,2
40.7106,-73.9663,2
40.6963,-73.9247,-1
40.6889,-73.989,1
40.7831,-73.9762,0
40.7228,-73.9857,0
40.7449,-73.9889,0
40.7225,-73.996,0
40.7571,-73.9775,0
40.7327,-73.9814,0
40.7455,-73.9771,0
40.7375,-74.0055,0
40.7316,-73.9908,0
40.7647,-73.9552,0
40.7209,-74.004,0
40.705,-74.0164,0
40.6951,-73.9517,-1
40.7661,-73.9553,0
40.7741,-73.8726,3
40.7648,-73.9662,0
40.7474,-73.9564,0
40.7396,-73.9999,0
40.775,-73.9539,0
40.7234,-73.9957,0
40.7734,-73.9593,0
40.7306,-73.9543,2
40.7348,-74.0041,0
40.7299,-74.0041,0
40.7868,-73.9502,0
40.776,-73.9763,0
40.7741,-73.8725,3
40.7495,-73.9791,0
40.7796,-73.9447,0
40.7595,-73.9873,0
40.776,-73.9761,0
40.7233,-73.9912,0
40.7184,-73.9584,2
40.7774,-73.9785,0
40.7763,-73.9762,0
40.6951,-73.9702,-1
40.7473,-74.003,0
40.7153,-73.9915,0
40.7766,-73.9757,0
40.7733,-73.9781,0
40.7797,-73.9617,0
40.719,-73.9851,0
40.7674,-73.9617,0
40.7644,-73.9688,0
40.7325,-73.997,0
40.7313,-74.0102,0
40.7419,-73.9832,0
40.7146,-73.9569,2
40.7248,-73.9805,0
40.7123,-73.9949,0
40.685,-73.9613,-1
40.7376,-74.0094,0
40.7254,-74.0068,0
40.6599,-73.9626,-1
40.7157,-74.0031,0
40.7305,-73.9806,0
40.7872,-73.9775,0
40.7691,-73.8866,-1
40.7732,-73.952,0
40.762,-73.9687,0
40.7347,-73.9861,0
40.7023,-73.9867,0
40.746,-73.9879,0
40.7513,-73.9977,0
40.7526,-73.9667,0
40.7526,-73.9667,0
40.7116,-73.9618,2
40.7735,-73.9456,0
40.7674,-73.9614,0
40.7076,-74.0082,0
40.8332,-73.9394,-1
40.7331,-73.9751,0
40.7732,-73.9664,0
40.7558,-73.9749,0
40.6888,-73.989,1
40.7274,-73.992,0
40.7222,-73.9916,0
40.6787,-74.0107,-1
40.7524,-73.9741,0
40.7662,-73.9618,0
40.7543,-73.9868,0
40.7945,-73.9637,0
40.7424,-73.9865,0
40.7543,-73.9658,0
40.7335,-73.9564,2
40.7507,-73.9694,0
40.7507,-73.9694,0
40.7843,-73.9726,0
40.7868,-73.9501,0
40.7334,-73.989,0
40.7179,-73.959,2
40.759,-73.9941,0
40.7429,-73.9775,0
40.746,-73.9833,0
40.7338,-74.0066,0
40.7215,-74.0106,0
40.7277,-74.004,0
40.7396,-73.9926,0
40.7144,-74.0094,0
40.738,-73.9802,0
40.763,-73.981,0
40.7209,-73.9949,0
40.7878,-73.9808,0
40.7769,-73.977,0
40.7341,-74.0,0
40.7327,-74.002,0
40.779,-73.9581,0
40.7657,-73.9544,0
40.7202,-73.9976,0
40.7459,-73.9879,0
40.6855,-73.9415,-1
40.7278,-73.9914,0
40.7692,-73.955,0
40.735,-73.9777,0
40.7009,-73.9628,2
40.7538,-73.9659,0
40.7367,-73.9845,0
40.7415,-73.9956,0
40.7361,-74.0041,0
40.7367,-73.9734,0
40.8043,-73.9546,-1
40.7305,-74.0044,0
40.7337,-74.0025,0
40.7383,-73.9854,0
40.7401,-74.0058,0
40.7216,-73.8573,-1
40.6294,-73.9995,-1
40.7844,-73.9539,0
40.6881,-73.9859,1
40.7737,-73.9875,0
40.7388,-74.0089,0
40.7449,-73.9949,0
40.7109,-74.0058,0
40.7524,-73.9728,0
40.7266,-73.9544,2
40.7505,-73.9734,0
40.7393,-74.0028,0
40.7462,-73.9725,0
40.7724,-73.9607,0
40.7103,-73.9633,2
40.7314,-73.9901,0
40.7301,-73.9866,0
40.7115,-74.0061,0
40.7996,-73.968,0
40.7228,-74.0048,0
40.7077,-73.9506,2
40.7255,-74.0033,0
40.7682,-73.9566,0
40.722,-73.9995,0
40.7622,-73.9743,0
40.7514,-73.9941,0
40.7183,-74.0152,0
40.7468,-74.0018,0
40.7721,-73.9521,0
40.7466,-73.9969,0
40.7251,-73.9982,0
40.7439,-73.9857,0
40.7524,-73.9932,0
40.7591,-73.9917,0
40.7228,-73.9982,0
40.7818,-73.9522,0
40.7326,-73.9932,0
40.7238,-73.9947,0
40.7402,-73.9259,-1
40.7653,-73.9319,-1
40.7524,-73.9916,0
40.7273,-74.0073,0
40.7227,-73.9942,0
40.6742,-73.9656,-1
40.8509,-73.9383,-1
40.7701,-73.9576,0
40.7337,-74.0026,0
40.7478,-74.0077,0
40.732,-74.0053,0
40.7281,-73.9808,0
40.7757,-73.9546,0
40.6901,-73.9816,1
40.7079,-74.0095,0
40.6505,-73.961,-1
40.777,-73.9775,0
40.7025,-73.9866,0
40.7707,-73.9682,0
40.7421,-73.9808,0
40.7354,-74.0043,0
40.7845,-73.9553,0
40.7465,-73.9779,0
40.7335,-74.008,0
40.8068,-73.9606,0
40.6836,-73.96,-1
40.6961,-73.9685,-1
40.7852,-73.979,0
40.7382,-73.9959,0
40.7244,-73.9794,0
40.7286,-74.0001,0
40.6601,-73.9853,-1
40.6878,-73.927,-1
40.7694,-73.9647,0
40.7509,-73.9978,0
40.7544,-73.9695,0
40.774,-73.9644,0
40.7219,-74.0041,0
40.7708,-73.9857,0
40.7469,-73.9563,0
40.7479,-73.9906,0
40.7551,-73.9268,-1
40.7607,-73.9918,0
40.7696,-73.9678,0
40.7572,-73.9638,0
40.783,-73.9578,0
40.6749,-73.9552,-1
40.6617,-73.9864,-1
40.7367,-73.9786,0
40.7474,-74.0019,0
40.7797,-73.9759,0
40.7357,-73.998,0
40.7522,-73.9699,0
40.7755,-73.9832,0
40.7762,-73.9477,0
40.7607,-73.9987,0
40.774,-73.8717,3
40.7063,-73.832,-1
40.6942,-73.9102,-1
40.7741,-73.9486,0
40.7822,-73.976,0
40.7257,-73.9999,0
40.7354,-74.0042,0
40.7439,-73.9765,0
40.7189,-73.9914,0
40.7617,-73.9745,0
40.6944,-73.9838,1
40.6352,-74.0246,-1
40.7044,-74.006,0
40.7355,-73.9756,0
40.7195,-73.9876,0
40.7496,-73.9834,0
40.7581,-73.9622,0
40.7429,-74.0005,0
40.6907,-73.9841,1
40.7876,-73.9787,0
40.7494,-73.9797,0
40.7224,-74.0113,0
40.7766,-73.9894,0
40.7388,-74.0088,0
40.7339,-73.9885,0
40.7638,-73.9825,0
40.7382,-74.0394,-1
40.7364,-73.9982,0
40.7705,-73.8654,3
40.7326,-73.9947,0
40.7594,-73.9752,0
40.7053,-74.0172,0
40.7107,-73.9649,2
40.7351,-74.0019,0
40.7882,-73.9673,0
40.7678,-73.9916,0
40.7438,-73.9922,0
40.7614,-73.9697,0
40.709,-74.0171,0
40.7729,-73.9796,0
40.7398,-73.9867,0
40.7075,-73.9685,2
40.776,-73.9622,0
40.7615,-73.9841,0
40.7647,-73.9793,0
40.7617,-73.9608,0
40.7677,-73.9901,0
40.7775,-73.9505,0
40.7589,-73.9791,0
40.7743,-73.953,0
40.7838,-73.9825,0
40.738,-74.0,0
40.7697,-73.9563,0
40.762,-73.9788,0
40.7215,-73.9879,0
40.7439,-73.9887,0
40.7773,-73.9519,0
40.672,-73.9592,-1
40.7335,-73.9429,-1
40.7239,-73.9856,0
40.7605,-73.9836,0
40.7749,-73.9639,0
40.7781,-73.9454,0
40.7186,-73.9621,2
40.7422,-73.995,0
40.7181,-74.0146,0
40.7704,-73.9599,0
40.7871,-73.9793,0
40.7846,-73.9558,0
40.7832,-73.9747,0
40.7695,-73.9189,-1
40.7782,-73.9783,0
40.7006,-73.9397,-1
40.7762,-73.9597,0
40.7696,-73.9816,0
40.7368,-73.9906,0
40.759,-73.9895,0
40.77,-73.9603,0
40.7349,-73.9798,0
40.6598,-73.9842,-1
40.6765,-73.9286,-1
40.7222,-73.9888,0
40.7723,-73.9607,0
40.7482,-73.982,0
40.6896,-73.9741,-1
40.7186,-73.9877,0
40.7733,-73.9891,0
40.6766,-74.016,-1
40.7757,-73.9561,0
40.7642,-73.987,0
40.746,-73.9556,-1
40.6589,-73.9754,-1
40.6948,-73.9839,1
40.7651,-73.9946,0
40.6477,-73.9696,-1
40.7445,-74.0028,0
40.7653,-73.9792,0
40.7795,-73.9771,0
40.7858,-73.9546,0
40.735,-73.9777,0
40.6961,-73.9646,-1
40.7194,-73.9642,2
40.7678,-73.8675,3
40.7309,-73.9912,0
40.6929,-73.9279,-1
40.7617,-73.9589,0
40.7412,-73.9929,0
40.7412,-73.9929,0
40.7279,-73.9882,0
40.7895,-73.977,0
40.7344,-74.0062,0
40.7453,-73.9767,0
40.7738,-73.8713,3
40.711,-74.0054,0
40.8035,-73.945,-1
40.6637,-73.9897,-1
40.7723,-73.9531,0
40.793,-73.967,0
40.72,-74.008,0
40.7856,-73.9718,0
40.7703,-73.9542,0
40.726,-73.9919,0
40.7094,-73.956,2
40.7366,-73.9889,0
40.7775,-73.9769,0
40.7658,-73.9884,0
40.7143,-74.0116,0
40.7107,-74.0077,0
40.7875,-73.9678,0
40.7485,-73.9885,0
40.7174,-74.0051,0
40.7557,-73.9836,0
40.7299,-73.9893,0
40.6931,-73.9493,-1
40.696,-73.9927,1
40.7455,-73.9715,0
40.7521,-73.9355,-1
40.715,-74.0114,0
40.7286,-73.9993,0
40.7355,-73.9797,0
40.7264,-73.9956,0
40.6831,-73.9519,-1
40.7996,-73.9714,0
40.6806,-73.9838,1
40.7173,-74.0037,0
40.773,-73.8856,-1
40.7413,-73.9913,0
40.7986,-73.9709,0
40.7703,-73.9874,0
40.7811,-73.9836,0
40.7271,-74.0018,0
40.7419,-74.0037,0
40.7813,-73.8408,-1
40.7848,-73.9703,0
40.7749,-73.9893,0
40.714,-74.0033,0
40.7797,-73.9838,0
40.7344,-74.0047,0
40.7706,-73.9857,0
40.7174,-73.9582,2
40.8091,-73.9521,-1
40.7817,-73.9585,0
40.7994,-73.9694,0
40.7142,-73.9518,2
40.7177,-74.0033,0
40.7758,-73.9559,0
40.776,-73.9468,0
40.7593,-73.9847,0
40.7504,-73.9908,0
40.7647,-73.9827,0
40.7183,-73.9599,2
40.7557,-73.9839,0
40.7323,-74.0076,0
40.7225,-73.9898,0
40.7526,-73.9802,0
40.735,-73.9932,0
40.7985,-73.9733,0
40.7188,-73.9881,0
40.776,-73.9573,0
40.7545,-74.0304,-1
40.7195,-73.9903,0
40.7701,-73.9557,0
40.7949,-73.9696,0
40.7318,-73.9824,0
40.7318,-73.9964,0
40.7718,-73.9591,0
40.6952,-73.9702,-1
40.7673,-73.9706,0
40.7182,-74.0071,0
40.7454,-73.9724,0
40.764,-73.9941,0
40.7496,-73.9924,0
40.7337,-73.99,0
40.8135,-73.9449,-1
40.7264,-73.9842,0
40.7746,-73.9519,0
40.7464,-73.9741,0
40.7669,-73.9577,0
40.7635,-73.9791,0
40.7635,-73.9852,0
40.6828,-73.9968,1
40.6242,-74.0279,-1
40.7734,-73.9893,0
40.7464,-73.9948,0
40.7643,-73.9755,0
40.7198,-73.9828,0
40.7118,-73.9581,2
40.7749,-73.9587,0
40.7437,-74.0005,0
40.7592,-73.9791,0
40.7824,-73.9808,0
40.744,-74.0065,0
40.7194,-73.9902,0
40.734,-73.9829,0
40.7578,-73.9757,0
40.7762,-73.962,0
40.735,-73.9894,0
40.8411,-73.9428,-1
40.761,-73.958,0
40.7635,-73.9858,0
40.7226,-73.9859,0
40.735,-73.987,0
40.7809,-73.9762,0
40.7165,-74.011,0
40.7295,-73.9826,0
40.7271,-73.9952,0
40.7218,-73.9874,0
40.7139,-73.9617,2
40.774,-73.9495,0
40.6851,-73.9775,-1
40.778,-73.9801,0
40.7731,-73.946,0
40.703,-73.9837,0
40.7684,-73.9914,0
40.726,-74.0008,0
40.7484,-73.9446,-1
40.7147,-73.9569,2
40.7599,-73.9759,0
40.7587,-73.9936,0
40.6721,-73.9739,-1
40.7482,-73.9735,0
40.698,-73.9926,1
40.7645,-73.9665,0
40.7691,-73.9574,0
40.8003,-73.9534,0
40.763,-73.9823,0
40.7665,-73.9834,0
40.7251,-73.9794,0
40.7398,-73.9897,0
40.7363,-74.0079,0
40.7316,-74.0046,0
40.7453,-73.9802,0
40.721,-74.0008,0
40.7253,-73.9955,0
40.7739,-73.8721,3
40.6963,-73.9944,1
40.6778,-73.9754,-1
40.7332,-74.0,0
40.7427,-73.9846,0
40.7243,-73.9975,0
40.7213,-74.001,0
40.7223,-74.0111,0
40.7339,-74.0063,0
40.7255,-74.0056,0
40.7355,-73.9982,0
40.7375,-74.0083,0
40.774,-73.9582,0
40.761,-73.991,0
40.7469,-73.9839,0
40.7358,-73.9757,0
40.7615,-73.9999,0
40.7611,-73.9967,0
40.7493,-73.9818,0
40.7414,-73.9782,0
40.7654,-73.9617,0
40.6929,-73.9678,-1
40.7303,-73.9854,0
40.709,-74.0164,0
40.7439,-74.0063,0
40.7251,-74.0098,0
40.7894,-73.9772,0
40.7405,-73.9945,0
40.7614,-73.9851,0
40.74,-74.0059,0
40.7762,-73.9554,0
40.7806,-73.958,0
40.6635,-73.9949,-1
40.8049,-73.9569,0
40.7732,-73.9782,0
40.6864,-73.9852,1
40.6988,-73.947,-1
40.7199,-73.9845,0
40.6635,-73.978,-1
40.7223,-73.986,0
40.7659,-73.9948,0
40.7409,-73.9764,0
40.7913,-73.9757,0
40.7179,-73.9798,0
40.7887,-73.9713,0
40.7318,-73.9837,0
40.7705,-73.9563,0
40.6765,-73.9588,-1
40.7593,-73.9859,0
40.7369,-74.0037,0
40.7345,-73.9999,0
40.7084,-74.0142,0
40.7202,-73.9931,0
40.7743,-73.9655,0
40.7257,-74.0055,0
40.7091,-73.9329,-1
40.7442,-73.9981,0
40.6768,-73.9636,-1
40.7305,-74.0455,-1
40.7522,-73.9705,0
40.6899,-73.9801,1
40.721,-73.9554,2
40.7595,-73.9696,0
40.7674,-73.9619,0
40.7732,-73.99,0
40.7671,-73.9682,0
40.7417,-73.9312,-1
40.7707,-73.9527,0
40.7212,-73.9808,0
40.7563,-73.9928,0
40.7556,-73.9824,0
40.7233,-74.0025,0
40.7465,-73.9728,0
40.7682,-73.9839,0
40.7216,-73.9877,0
40.782,-73.9817,0
40.7118,-73.9502,2
40.7521,-74.0051,0
40.7461,-73.9779,0
40.7063,-74.0159,0
40.7715,-73.9882,0
40.7078,-74.006,0
40.7394,-73.9932,0
40.7191,-73.9999,0
40.7666,-73.9917,0
40.6929,-73.9327,-1
40.7594,-73.987,0
40.7219,-74.0027,0
40.7967,-73.9703,0
40.6932,-73.9721,-1
40.7499,-73.992,0
40.7384,-73.9856,0
40.7733,-73.9663,0
40.7152,-74.016,0
40.7336,-74.0045,0
40.7663,-73.9778,0
40.7663,-73.9778,0
40.7253,-73.9798,0
40.7678,-73.9918,0
40.7764,-73.9599,0
40.811,-73.9413,-1
40.7262,-73.9835,0
40.7166,-74.0149,0
40.7438,-73.9728,0
40.7593,-73.9943,0
40.7816,-73.9758,0
40.7503,-73.991,0
40.7425,-73.98,0
40.7277,-74.0073,0
40.7713,-73.9891,0
40.7039,-74.0127,0
40.7388,-74.01,0
40.6851,-73.9798,1
40.7711,-73.9638,0
40.751,-74.0043,0
40.7591,-73.988,0
40.7198,-74.001,0
40.7854,-73.9765,0
40.7502,-73.979,0
40.7111,-74.0055,0
40.7332,-73.8741,-1
40.8274,-73.9448,-1
40.7083,-74.0143,0
40.7173,-74.0046,0
40.7481,-73.9914,0
40.7884,-73.9767,0
40.7246,-74.0091,0
40.7551,-73.9871,0
40.6834,-73.9709,-1
40.7237,-73.993,0
40.7275,-74.0055,0
40.7624,-73.9743,0
40.7541,-73.9979,0
40.7566,-73.9864,0
40.7017,-73.9253,-1
40.7151,-74.0158,0
40.7244,-73.9795,0
40.7237,-74.0005,0
40.6727,-73.9627,-1
40.7702,-73.9836,0
40.7715,-73.9771,0
40.6704,-73.9753,-1
40.7402,-73.9991,0
40.7371,-73.9863,0
40.7625,-73.9824,0
40.7749,-73.9565,0
40.7879,-73.9777,0
40.7535,-73.9847,0
40.7321,-73.9845,0
40.7234,-73.9823,0
40.6973,-73.9326,-1
40.7432,-73.9799,0
40.7795,-73.9799,0
40.7046,-74.0093,0
40.76,-73.9964,0
40.7793,-73.975,0
40.8016,-73.9665,0
40.7134,-73.962,2
40.7745,-73.9543,0
40.7667,-73.9611,0
40.7336,-74.0063,0
40.7799,-73.9487,0
40.7273,-73.9901,0
40.7366,-73.9908,0
40.696,-73.9676,-1
40.7296,-73.9776,0
40.7735,-73.9648,0
40.775,-73.9912,0
40.7996,-73.9537,0
40.7518,-74.001,0
40.7648,-73.9822,0
40.7748,-73.9652,0
40.6759,-73.9788,-1
40.7605,-73.9935,0
40.7514,-74.0034,0
40.7648,-73.9936,0
40.7163,-73.9487,2
40.7406,-73.9979,0
40.7628,-73.9579,0
40.7514,-73.9718,0
40.7636,-73.9947,0
40.7506,-73.9946,0
40.7713,-73.9875,0
40.7084,-74.0069,0
40.7115,-73.9616,2
40.7312,-73.9938,0
40.7382,-74.0037,0
40.758,-73.9662,0
40.7288,-73.9842,0
40.7547,-73.9777,0
40.7662,-73.9795,0
40.7819,-73.9539,0
40.7771,-73.9776,0
40.7611,-73.9932,0
40.7304,-73.9822,0
40.745,-73.9909,0
40.7925,-73.9677,0
40.7212,-73.9923,0
40.7218,-73.9962,0
40.7143,-73.9924,0
40.6382,-73.9867,-1
40.7456,-73.9911,0
40.6676,-73.9828,-1
40.735,-73.9816,0
40.7655,-73.9796,0
40.7324,-74.0101,0
40.6814,-73.9974,1
40.7667,-73.9686,0
40.7506,-73.9745,0
40.754,-73.9682,0
40.7342,-74.0033,0
40.734,-74.01,0
40.7148,-73.9968,0
40.7677,-73.9931,0
40.7252,-73.9923,0
40.736,-73.9765,0
40.7709,-73.9566,0
40.7504,-73.9949,0
40.7071,-73.9118,-1
40.7723,-73.9499,0
40.675,-73.9667,-1
40.7837,-73.9837,0
40.7506,-73.974,0
40.7152,-74.0095,0
40.763,-73.9625,0
40.7721,-73.9525,0
40.7222,-73.9873,0
40.7646,-73.9832,0
40.7531,-73.9922,0
40.7173,-73.9627,2
40.7679,-73.9915,0
40.7771,-73.9888,0
40.7403,-74.0058,0
40.7495,-73.9802,0
40.6628,-73.9849,-1
40.7771,-73.9497,0
40.7746,-73.9085,-1
40.783,-73.9806,0
40.6772,-73.9619,-1
40.7065,-73.9683,2
40.7745,-73.9797,0
40.7976,-73.9707,0
40.6872,-73.99,1
40.676,-73.963,-1
40.7211,-73.9984,0
40.7067,-74.0073,0
40.7456,-74.0056,0
40.7298,-73.9809,0
40.7432,-74.0008,0
40.7449,-74.0062,0
40.7226,-74.0036,0
40.7065,-74.0095,0
40.6504,-73.935,-1
40.7735,-73.9892,0
40.7897,-73.9771,0
40.7775,-73.9784,0
40.7303,-73.9839,0
40.7619,-73.9825,0
40.7197,-73.9866,0
40.7665,-73.9884,0
40.7262,-73.9935,0
40.8025,-73.9666,0
40.7624,-73.9971,0
40.7903,-73.9736,0
40.7172,-74.0122,0
40.7724,-73.9499,0
40.7435,-73.9718,0
40.7408,-73.9975,0
40.7635,-73.9753,0
40.785,-73.9793,0
40.7119,-73.9628,2
40.782,-73.9829,0
40.6983,-73.9677,-1
40.6907,-73.9841,1
40.7751,-73.9768,0
40.729,-73.9783,0
40.7388,-74.0075,0
40.7817,-73.8459,-1
40.7776,-73.977,0
40.721,-73.979,0
40.7447,-73.9735,0
40.6653,-73.985,-1
40.7394,-73.9828,0
40.7513,-73.9801,0
40.7956,-73.9728,0
40.7166,-74.0123,0
40.8003,-73.9681,0
40.7566,-73.9822,0
40.743,-73.9791,0
40.7747,-73.9911,0
40.7794,-73.9513,0
40.7512,-73.9345,-1
40.7721,-73.9518,0
40.7635,-73.9715,0
40.6714,-73.9846,-1
40.734,-73.9807,0
40.7732,-73.9506,0
40.7564,-73.9908,0
40.7409,-73.9763,0
40.7857,-73.9692,0
40.7115,-74.0158,0
40.7393,-73.9819,0
40.6906,-73.9925,1
40.7326,-73.9969,0
40.7095,-74.0139,0
40.7101,-74.0171,0
40.7278,-73.9839,0
40.6924,-73.9707,-1
40.7229,-73.989,0
40.6689,-73.977,-1
40.7431,-73.9928,0
40.7199,-74.0078,0
40.7812,-73.9775,0
40.6816,-73.9332,-1
40.7515,-74.0063,0
40.7585,-73.9928,0
40.733,-73.9999,0
40.7437,-74.0003,0
40.7704,-73.9572,0
40.7388,-74.0088,0
40.7147,-73.9582,2
40.7481,-73.9763,0
40.7349,-73.9811,0
40.7343,-73.9749,0
40.7234,-73.9455,2
40.7749,-73.9539,0
40.7453,-73.9982,0
40.774,-73.989,0
40.7511,-73.9852,0
40.778,-73.9537,0
40.7237,-74.0106,0
40.7455,-73.9949,0
40.7912,-73.9776,0
40.7927,-73.964,0
40.7316,-73.9929,0
40.7694,-73.9598,0
40.7824,-73.9811,0
40.6771,-74.0132,-1
40.7443,-73.9731,0
40.7496,-74.0064,0
40.7158,-74.0037,0
40.6767,-73.966,-1
40.7506,-73.986,0
40.7425,-73.9967,0
40.7425,-73.9967,0
40.7598,-73.9847,0
40.7661,-73.9641,0
40.7174,-74.0092,0
40.7636,-73.9778,0
40.7176,-73.9933,0
40.7618,-73.9702,0
40.7733,-73.9661,0
40.7348,-73.9792,0
40.6725,-73.9859,-1
40.7412,-73.9884,0
40.7716,-73.9511,0
40.7308,-73.9923,0
40.6952,-73.9832,1
40.7364,-73.9988,0
40.7465,-73.9776,0
40.767,-73.9611,0
40.759,-73.9916,0
40.7566,-73.9887,0
40.789,-73.9427,0
40.7727,-73.9669,0
40.7651,-73.9612,0
40.7772,-73.9753,0
40.7903,-73.9738,0
40.7324,-73.977,0
40.7237,-74.0107,0
40.7338,-73.9943,0
40.7506,-73.9907,0
40.7467,-74.0098,0
40.7772,-73.9894,0
40.7879,-73.9796,0
40.8254,-73.9254,-1
40.7593,-73.9263,-1
40.7328,-74.004,0
40.7745,-73.9811,0
40.7445,-73.976,0
40.7724,-73.9824,0
40.6843,-73.9108,-1
40.7274,-73.947,2
40.7232,-73.9974,0
40.7851,-73.9697,0
40.7275,-73.992,0
40.7327,-73.9774,0
40.7705,-73.9577,0
40.7654,-73.9722,0
40.715,-73.9471,2
40.7549,-73.9688,0
40.7542,-73.9946,0
40.7222,-73.9917,0
40.7084,-74.0005,0
40.7754,-73.9904,0
40.765,-73.9756,0
40.7238,-73.9946,0
40.7246,-73.9797,0
40.7085,-73.9508,2
40.7213,-73.9974,0
40.6776,-73.9634,-1
40.6787,-73.9977,1
40.7345,-74.001,0
40.7395,-73.993,0
40.7592,-73.9956,0
40.7454,-73.9918,0
40.7711,-73.9559,0
40.7426,-73.9978,0
40.7665,-73.9606,0
40.751,-74.0043,0
40.7136,-74.0114,0
40.7399,-73.9857,0
40.7744,-73.9639,0
40.7715,-73.9646,0
40.7586,-73.9658,0
40.7147,-74.0142,0
40.7416,-73.9819,0
40.7868,-73.9725,0
40.7409,-74.0078,0
40.7255,-74.009,0
40.7339,-73.9809,0
40.773,-73.9897,0
40.7882,-73.9557,0
40.7235,-73.9991,0
40.7619,-73.9861,0
40.7244,-73.9829,0
40.7283,-73.9811,0
40.6656,-73.9841,-1
40.725,-74.0027,0
40.7318,-73.9914,0
40.7695,-73.969,0
40.6767,-73.9803,-1
40.7566,-73.9901,0
40.6626,-73.9921,-1
40.8319,-73.8673,-1
40.7269,-73.9911,0
40.7202,-74.0038,0
40.775,-73.963,0
40.7333,-73.9762,0
40.7375,-73.9884,0
40.7409,-74.0046,0
40.7332,-74.0038,0
40.6837,-73.9292,-1
40.6692,-73.9896,-1
40.7513,-73.9897,0
40.7036,-73.9905,0
40.7862,-73.9425,0
40.7695,-73.9677,0
40.7176,-74.0036,0
40.7531,-73.9856,0
40.6287,-73.9741,-1
40.773,-73.9479,0
40.7239,-73.9758,0
40.7191,-73.842,-1
40.7519,-74.0037,0
40.7744,-73.9773,0
40.7154,-73.9582,2
40.7401,-74.0059,0
40.7191,-74.0,0
40.7544,-73.977,0
40.7487,-74.0063,0
40.7396,-73.9289,-1
40.7348,-73.9793,0
40.6957,-73.9841,1
40.7625,-73.9964,0
40.6938,-73.9932,1
40.7324,-73.9818,0
40.7197,-74.0102,0
40.7612,-73.9976,0
40.7175,-73.9841,0
40.7173,-74.016,0
40.7094,-74.0135,0
40.697,-73.9922,1
40.7058,-74.0092,0
40.7692,-73.9694,0
40.7709,-73.866,3
40.7644,-73.9685,0
40.7399,-74.006,0
40.731,-73.9816,0
40.7377,-73.9967,0
40.7404,-74.0063,0
40.7726,-73.9594,0
40.7162,-73.9623,2
40.7181,-73.9875,0
40.7393,-73.9936,0
40.7609,-73.9873,0
40.7385,-73.9774,0
40.7449,-73.9888,0
40.7644,-73.9616,0
40.6795,-73.9645,-1
40.7196,-74.0,0
40.7283,-73.9869,0
40.7406,-73.9856,0
40.7026,-73.9896,0
40.7556,-73.9877,0
40.75,-73.9917,0
40.7708,-73.9202,-1
40.7752,-73.9836,0
40.778,-73.9781,0
40.7484,-73.9925,0
40.7699,-73.8644,3
40.7231,-73.9947,0
40.7547,-73.9844,0
40.7073,-74.0021,0
40.7743,-73.9823,0
40.7269,-73.9779,0
40.7328,-74.0045,0
40.7213,-74.0024,0
40.7447,-73.9841,0
40.7795,-73.9084,-1
40.7616,-73.9709,0
40.7608,-73.9991,0
40.7856,-73.9572,0
40.6777,-73.9859,1
40.7447,-73.9861,0
40.7501,-73.9921,0
40.7126,-74.0098,0
40.7734,-73.9447,0
40.6888,-73.9889,1
40.7283,-73.9796,0
40.6294,-73.9994,-1
40.7725,-73.9589,0
40.7645,-73.9783,0
40.7919,-73.9739,0
40.7504,-73.9737,0
40.6855,-73.9852,1
40.7726,-73.953,0
40.7682,-73.9758,0
40.7354,-73.9797,0
40.7219,-74.0009,0
40.7685,-73.8623,3
40.7151,-74.0064,0
40.7847,-73.9559,0
40.7185,-74.0041,0
40.7573,-73.9761,0
40.7374,-73.9915,0
40.7721,-73.9581,0
40.7295,-73.9929,0
40.7319,-73.9966,0
40.7229,-73.9958,0
40.7674,-73.9804,0
40.7357,-74.002,0
40.6718,-73.9882,-1
40.7508,-73.9684,0
40.7863,-73.9724,0
40.6652,-73.9919,-1
40.7634,-73.9614,0
40.7397,-73.9885,0
40.6926,-73.9413,-1
40.7234,-73.9939,0
40.7803,-73.985,0
40.7721,-73.9522,0
40.7659,-73.9907,0
40.7588,-73.9888,0
40.7026,-73.9149,-1
40.7592,-73.9099,-1
40.7361,-74.0038,0
40.6927,-73.9557,-1
40.7492,-73.9767,0
40.7808,-73.9547,0
40.7734,-73.9517,0
40.7387,-73.9999,0
40.7589,-73.9888,0
40.6867,-73.9625,-1
40.7353,-74.0099,0
40.7449,-73.9946,0
40.7376,-74.0041,0
40.7093,-74.0137,0
40.7788,-73.982,0
40.7208,-74.0042,0
40.7666,-73.96,0
40.7585,-73.9655,0
40.7511,-73.9944,0
40.7621,-73.9703,0
40.7675,-73.9914,0
40.7172,-74.0122,0
40.7365,-73.9889,0
40.7837,-73.9737,0
40.7764,-73.9506,0
40.7785,-73.9568,0
40.7705,-73.9567,0
40.7289,-73.9761,0
40.7381,-73.9999,0
40.7549,-73.9736,0
40.6662,-73.9502,-1
40.6894,-73.9293,-1
40.7279,-73.8862,-1
40.7472,-73.9857,0
40.7748,-73.9911,0
40.6847,-73.9692,-1
40.7286,-73.9519,2
40.7302,-73.9833,0
40.7303,-73.9819,0
40.7685,-73.8625,3
40.7367,-73.9785,0
40.7748,-73.9274,-1
40.7806,-73.9463,0
40.7742,-73.9849,0
40.7735,-73.9549,0
40.7911,-73.9693,0
40.7195,-74.0051,0
40.678,-73.9609,-1
40.7709,-73.9864,0
40.7201,-73.9993,0
40.7429,-73.952,-1
40.7475,-74.002,0
40.7158,-73.9536,2
40.786,-73.9704,0
40.774,-73.8717,3
40.7774,-73.9548,0
40.7592,-73.9863,0
40.7327,-73.9852,0
40.6778,-73.9912,1
40.7873,-73.9789,0
40.7377,-74.0003,0
40.7247,-73.9904,0
40.7448,-73.9765,0
40.7653,-73.984,0
40.7462,-73.9905,0
40.7649,-73.9795,0
40.7709,-73.8659,3
40.7368,-73.9793,0
40.7411,-73.9961,0
40.7663,-73.9605,0
40.7859,-73.9786,0
40.7758,-73.9535,0
40.7769,-73.9536,0
40.711,-73.9626,2
40.717,-73.9578,2
40.7586,-73.9889,0
40.7323,-73.98,0
40.7102,-73.9629,2
40.7608,-73.9226,-1
40.7123,-73.9979,0
40.7616,-73.9999,0
40.7598,-73.9778,0
40.7822,-73.9577,0
40.7091,-74.0159,0
40.7712,-73.8661,3
40.6871,-73.9753,-1
40.7428,-73.9566,-1
40.7264,-73.9933,0
40.786,-73.9692,0
40.7444,-73.975,0
40.7768,-73.9475,0
40.7627,-73.9716,0
40.729,-73.9849,0
40.7313,-73.9858,0
40.7616,-73.9939,0
40.7883,-73.9767,0
40.7417,-73.9243,-1
40.7762,-73.9474,0
40.7316,-74.0047,0
40.745,-73.9892,0
40.6896,-73.9726,-1
40.7535,-73.9966,0
40.7768,-73.9793,0
40.7444,-73.9804,0
40.7255,-74.0098,0
40.7479,-73.9894,0
40.7148,-74.0162,0
40.7277,-74.0035,0
40.7168,-74.0131,0
40.7348,-73.9758,0
40.7756,-73.9197,-1
40.7998,-73.9544,0
40.7647,-73.9636,0
40.7741,-73.9889,0
40.7602,-73.9616,0
40.7512,-73.9939,0
40.7716,-73.983,0
40.7513,-73.9848,0
40.6745,-73.9797,-1
40.7903,-73.9725,0
40.7198,-74.0008,0
40.7556,-73.9821,0
40.7785,-73.9563,0
40.7344,-74.0063,0
40.7105,-73.9657,2
40.7755,-73.9534,0
40.774,-73.8732,3
40.7249,-74.0024,0
40.7005,-73.9438,-1
40.6957,-73.9973,1
40.7394,-74.0035,0
40.7471,-73.9974,0
40.7192,-73.9642,2
40.7323,-74.0077,0
40.7767,-73.9494,0
40.7916,-73.9738,0
40.6894,-73.966,-1
40.7547,-73.9738,0
40.6801,-74.0014,-1
40.7292,-74.0001,0
40.8137,-73.961,-1
40.7159,-74.0115,0
40.7775,-73.9594,0
40.7206,-73.9853,0
40.7279,-73.9805,0
40.7238,-74.0108,0
40.7437,-73.9924,0
40.7411,-73.9805,0
40.7451,-73.9947,0
40.7819,-73.9476,0
40.7319,-74.0081,0
40.7861,-73.9688,0
40.7861,-73.9688,0
40.7505,-73.9911,0
40.735,-74.0077,0
40.7671,-73.9609,0
40.7336,-73.9917,0
40.7722,-73.9461,0
40.7221,-73.9889,0
40.7738,-73.9598,0
40.7278,-73.9802,0
40.7267,-73.9957,0
40.745,-73.9974,0
40.7382,-74.0009,0
40.7744,-73.9453,0
40.6841,-73.9962,1
40.7398,-74.0005,0
40.7783,-73.9861,0
40.7693,-73.9673,0
40.7607,-73.9685,0
40.7224,-73.9888,0
40.7618,-73.9788,0
40.7737,-73.9816,0
40.7859,-73.9727,0
40.7863,-73.9761,0
40.7704,-73.9903,0
40.7307,-73.9908,0
40.6727,-73.9863,-1
40.731,-73.9875,0
40.7151,-74.0063,0
40.7707,-73.9855,0
40.8142,-73.9495,-1
40.7736,-73.9658,0
40.7988,-73.9675,0
40.7765,-73.9763,0
40.6889,-73.9889,1
40.6708,-73.9581,-1
40.7459,-74.0073,0
40.7674,-73.9842,0
40.7783,-73.9829,0
40.6875,-73.9721,-1
40.7636,-73.9694,0
40.7869,-73.9719,0
40.7748,-73.9911,0
40.7276,-73.9941,0
40.6896,-73.9726,-1
40.7226,-73.9937,0
40.7518,-73.9738,0
40.7138,-74.0096,0
40.6868,-73.9589,-1
40.6886,-73.9929,1
40.7601,-73.9757,0
40.6877,-73.999,1
40.6657,-73.9841,-1
40.769,-73.9909,0
40.7629,-73.9648,0
40.7952,-73.9657,0
40.7629,-73.9781,0
40.7767,-73.9795,0
40.7025,-73.9424,-1
40.7734,-73.9516,0
40.7228,-73.9983,0
40.721,-74.0099,0
40.8265,-73.9782,-1
40.7421,-73.9927,0
40.679,-73.982,1
40.738,-73.9887,0
40.7252,-74.0014,0
40.6799,-73.958,-1
40.7739,-73.8723,3
40.6993,-73.9283,-1
40.7737,-73.8723,3
40.7377,-74.0086,0
40.7779,-73.9483,0
40.7168,-73.9635,2
40.6764,-73.9282,-1
40.7548,-73.9745,0
40.7297,-74.0044,0
40.7565,-73.9977,0
40.7712,-73.9902,0
40.7365,-73.9989,0
40.726,-73.9978,0
40.7383,-74.0059,0
40.749,-73.9797,0
40.7424,-73.9971,0
40.774,-73.8738,3
40.7436,-74.0017,0
40.7248,-73.9806,0
40.6774,-73.9629,-1
40.7775,-73.9791,0
40.7957,-73.9701,0
40.765,-73.9631,0
40.746,-73.9456,-1
40.7054,-74.0077,0
40.7554,-73.9733,0
40.7401,-73.9824,0
40.7533,-73.9786,0
40.7032,-73.9858,0
40.774,-73.8722,3
40.7161,-73.9656,2
40.6665,-74.1251,-1
40.728,-73.9911,0
40.7536,-73.9721,0
40.7374,-74.0083,0
40.7552,-73.9733,0
40.7193,-73.9973,0
40.7743,-73.871,3
40.7616,-73.9865,0
40.7815,-73.9485,0
40.7307,-74.009,0
40.7487,-73.9741,0
40.7409,-74.0043,0
40.7759,-73.9899,0
40.7585,-73.9673,0
40.7707,-73.9572,0
40.7776,-73.9861,0
40.7688,-73.985,0
40.734,-73.9775,0
40.7385,-73.9974,0
40.7712,-73.8662,3
40.7589,-73.9642,0
40.7164,-74.0079,0
40.7459,-73.9779,0
40.7679,-73.8675,3
40.7257,-73.944,2
40.7401,-74.0023,0
40.6875,-73.9988,1
40.818,-73.9441,-1
40.7438,-73.988,0
40.7591,-73.9937,0
40.7576,-73.9651,0
40.7498,-73.9892,0
40.7421,-73.9792,0
40.7276,-73.989,0
40.779,-73.9829,0
40.7652,-73.9629,0
40.7201,-74.0085,0
40.7168,-74.0141,0
40.6859,-73.9157,-1
40.7356,-74.0033,0
40.6957,-73.9802,1
40.7549,-73.964,0
40.752,-73.9786,0
40.7612,-73.9694,0
40.7348,-73.9794,0
40.7693,-73.986,0
40.7234,-74.0106,0
40.7327,-73.9971,0
40.7595,-73.9863,0
40.7789,-73.9822,0
40.676,-73.9597,-1
40.7437,-73.9506,-1
40.7479,-74.0028,0
40.7229,-73.9894,0
40.7257,-74.0054,0
40.7268,-73.9991,0
40.7141,-74.0094,0
40.7329,-73.9797,0
40.7504,-73.9858,0
40.7468,-73.9714,0
40.7625,-73.976,0
40.7567,-73.9922,0
40.7736,-73.8716,3
40.7614,-73.9713,0
40.779,-73.9849,0
40.6613,-73.9797,-1
40.7281,-73.985,0
40.7222,-73.9919,0
40.7734,-73.8709,3
40.7985,-73.9353,-1
40.745,-73.9888,0
40.7248,-73.9825,0
40.7338,-74.0011,0
40.7545,-73.9927,0
40.7159,-74.0061,0
40.6882,-73.9527,-1
40.7597,-73.9918,0
40.7074,-74.017,0
40.7135,-74.0067,0
40.7207,-73.9842,0
40.7524,-73.9676,0
40.7085,-74.0067,0
40.7392,-73.9868,0
40.7028,-73.9908,0
40.7174,-74.0161,0
40.7393,-74.0027,0
40.7276,-73.9794,0
40.7644,-73.9959,0
40.722,-74.0078,0
40.7738,-73.8726,3
40.7839,-73.9547,0
40.7218,-73.9921,0
40.7452,-73.9767,0
40.6832,-73.9771,-1
40.7518,-74.0039,0
40.7764,-73.9585,0
40.7574,-73.9632,0
40.7394,-73.9876,0
40.7257,-73.9998,0
40.7193,-73.985,0
40.7874,-73.9745,0
40.7369,-73.973,0
40.7424,-73.9827,0
40.7212,-73.9937,0
40.752,-74.0016,0
40.732,-74.0028,0
40.6899,-73.9781,1
40.7389,-74.0091,0
40.8082,-73.9665,0
40.7328,-73.9876,0
40.7463,-73.9885,0
40.7171,-74.0091,0
40.7382,-74.0076,0
40.7282,-73.9828,0
40.7608,-73.9909,0
40.7678,-73.9555,0
40.7631,-73.9838,0
40.7223,-73.9804,0
40.7222,-73.9854,0
40.7574,-73.9742,0
40.7748,-73.9541,0
40.7347,-73.9965,0
40.7868,-73.9726,0
40.6714,-73.9467,-1
40.7571,-73.9852,0
40.7677,-73.985,0
40.7464,-74.0032,0
40.7345,-73.9802,0
40.756,-73.9824,0
40.7799,-73.9616,0
40.7065,-74.0176,0
40.7446,-73.9921,0
40.7112,-74.0054,0
40.7578,-73.9747,0
40.7267,-74.0011,0
40.748,-74.0021,0
40.7201,-73.9992,0
40.7569,-73.9864,0
40.7761,-73.9555,0
40.7321,-73.9865,0
40.7886,-73.9751,0
40.7595,-73.9946,0
40.7501,-73.9918,0
40.7598,-73.9955,0
40.7842,-73.9798,0
40.7373,-73.9872,0
40.7237,-73.9894,0
40.7462,-73.9805,0
40.7462,-73.9805,0
40.7057,-74.0099,0
40.752,-73.9935,0
40.7256,-74.0056,0
40.7385,-73.9854,0
40.7601,-73.986,0
40.7166,-73.9618,2
40.7295,-73.9811,0
40.7387,-73.9958,0
40.7616,-73.9996,0
40.7902,-73.9751,0
40.7112,-74.0057,0
40.7243,-74.0031,0
40.7482,-73.9567,0
40.7389,-74.009,0
40.765,-73.9879,0
40.7597,-73.9857,0
40.7946,-73.9662,0
40.687,-73.991,1
40.7221,-74.0019,0
40.7792,-73.9847,0
40.7779,-73.9459,0
40.7242,-73.9828,0
40.6768,-73.9693,-1
40.7816,-73.9804,0
40.7733,-73.946,0
40.7614,-73.9973,0
40.7862,-73.9775,0
40.6489,-73.9722,-1
40.7548,-73.9739,0
40.7253,-73.9893,0
40.7505,-73.9873,0
40.7879,-73.9535,0
40.7425,-73.9989,0
40.7619,-73.9901,0
40.7325,-73.98,0
40.7124,-73.9944,0
40.7384,-73.997,0
40.7862,-73.9688,0
40.7677,-73.9617,0
40.7269,-73.9781,0
40.7722,-73.9499,0
40.7507,-73.9909,0
40.7444,-74.0021,0
40.7348,-73.9866,0
40.7785,-73.9547,0
40.7417,-73.9937,0
40.6626,-73.9846,-1
40.7434,-74.0035,0
40.7359,-74.0018,0
40.7334,-73.9893,0
40.7437,-73.996,0
40.7243,-73.9795,0
40.7766,-73.9893,0
40.7427,-73.9504,-1
40.7611,-73.9963,0
40.7341,-73.987,0
40.7226,-73.9868,0
40.7365,-74.0017,0
40.6498,-74.0229,-1
40.7501,-73.9917,0
40.7685,-73.8625,3
40.7725,-73.9567,0
40.779,-73.9559,0
40.7589,-73.9815,0
40.7791,-73.985,0
40.7196,-73.9822,0
40.7639,-73.9934,0
40.7593,-73.9944,0
40.8509,-73.8669,-1
40.7262,-73.9834,0
40.7331,-73.9899,0
40.7626,-73.9948,0
40.7294,-73.9872,0
40.7707,-73.8656,3
40.7449,-73.974,0
40.7716,-73.9825,0
40.7116,-73.9787,0
40.7821,-73.959,0
40.7878,-73.9758,0
40.7345,-74.0056,0
40.6921,-73.9575,-1
40.7586,-73.975,0
40.7464,-74.003,0
40.7316,-74.006,0
40.7325,-73.9774,0
40.7047,-74.014,0
40.7688,-73.9873,0
40.739,-73.9815,0
40.7729,-73.9462,0
40.6896,-73.9728,-1
40.7326,-73.9769,0
40.7303,-73.9759,0
40.7892,-73.9688,0
40.7363,-73.979,0
40.7262,-74.0038,0
40.7771,-73.9464,0
40.7643,-73.9958,0
40.774,-73.9546,0
40.7741,-73.8721,3
40.6534,-73.964,-1
40.7005,-73.9172,-1
40.7108,-73.9596,2
40.767,-73.9566,0
40.7322,-74.0053,0
40.6922,-73.9427,-1
40.7159,-74.0034,0
40.7633,-73.961,0
40.7617,-73.9695,0
40.7409,-73.9892,0
40.7498,-74.0026,0
40.7538,-73.989,0
40.7732,-73.8855,-1
40.7729,-73.9621,0
40.7747,-73.9499,0
40.7717,-73.9489,0
40.7112,-73.949,2
40.7667,-73.9691,0
40.7425,-74.0035,0
40.7673,-73.9838,0
40.7185,-73.9618,2
40.7573,-73.9697,0
40.7573,-73.9697,0
40.6757,-74.0161,-1
40.6877,-73.9977,1
40.7376,-74.0046,0
40.7535,-73.9806,0
40.722,-74.0018,0
40.7319,-73.9835,0
40.7289,-74.0034,0
40.7495,-73.9947,0
40.7224,-74.0641,-1
40.668,-73.9874,-1
40.7401,-74.0059,0
40.7242,-73.9788,0
40.7435,-73.9981,0
40.7497,-73.9836,0
40.7269,-74.0021,0
40.774,-73.8724,3
40.7384,-73.9877,0
40.7553,-73.9948,0
40.7365,-74.0035,0
40.7259,-73.9897,0
40.708,-74.0026,0
40.7168,-74.0146,0
40.6702,-73.9888,-1
40.7741,-73.8723,3
40.7562,-73.9926,0
40.7506,-73.9912,0
40.7365,-73.9946,0
40.7402,-74.0032,0
40.6899,-73.9806,1
40.7444,-73.9729,0
40.7335,-73.9991,0
40.7607,-73.9871,0
40.771,-73.9486,0
40.7433,-73.977,0
40.7445,-73.9941,0
40.6476,-73.9694,-1
40.7763,-73.9617,0
40.7584,-73.9666,0
40.7823,-73.982,0
40.7589,-73.9923,0
40.7263,-73.9861,0
40.7845,-73.9541,0
40.7674,-73.9861,0
40.7604,-73.9637,0
40.7614,-73.9639,0
40.7817,-73.9562,0
40.7496,-73.9921,0
40.7479,-74.0027,0
40.7601,-73.9886,0
40.7804,-73.9778,0
40.7168,-73.965,2
40.7467,-73.9919,0
40.774,-73.8725,3
40.7646,-73.983,0
40.7791,-73.9579,0
40.741,-73.9804,0
40.6869,-73.8628,-1
40.7365,-73.9788,0
40.7044,-74.006,0
40.7256,-74.0047,0
40.7419,-73.9747,0
40.723,-74.008,0
40.7584,-73.9626,0
40.7227,-73.8919,-1
40.7787,-73.9813,0
40.7808,-73.9565,0
40.7906,-73.9767,0
40.7776,-73.9787,0
40.7097,-73.9348,-1
40.72,-74.0025,0
40.7403,-73.9807,0
40.7425,-73.991,0
40.7246,-73.9815,0
40.7196,-74.0102,0
40.7744,-73.9454,0
40.7686,-73.9846,0
40.7325,-73.9992,0
40.7234,-74.0094,0
40.758,-73.9929,0
40.6755,-73.9978,-1
40.7484,-74.0055,0
40.737,-74.0034,0
40.7793,-73.9478,0
40.722,-73.9864,0
40.7308,-73.993,0
40.7685,-73.9845,0
40.7305,-73.9827,0
40.7656,-73.9823,0
40.7785,-73.9508,0
40.7252,-73.9842,0
40.784,-73.9762,0
40.7126,-73.9426,2
40.7776,-73.977,0
40.783,-73.9822,0
40.7238,-73.9414,2
40.7738,-73.9456,0
40.7597,-73.9854,0
40.8223,-73.9519,-1
40.7748,-73.991,0
40.7236,-73.9967,0
40.779,-73.9558,0
40.7452,-73.9724,0
40.7317,-73.9908,0
40.7188,-74.0097,0
40.7371,-73.9742,0
40.7487,-73.9924,0
40.7796,-73.9498,0
40.6653,-73.9851,-1
40.7806,-73.9588,0
40.7616,-73.9158,-1
40.7734,-73.9892,0
40.746,-74.0053,0
40.7515,-73.976,0
40.7669,-73.9784,0
40.7306,-73.9827,0
40.7499,-73.9977,0
40.7671,-73.9157,-1
40.7555,-73.9642,0
40.7579,-73.9636,0
40.7333,-74.0051,0
40.775,-73.988,0
40.7415,-74.0043,0
40.7562,-73.9727,0
40.7199,-73.9948,0
40.7831,-73.9748,0
40.7264,-73.9409,2
40.7409,-74.0075,0
40.7178,-74.0106,0
40.7559,-73.9633,0
40.6952,-73.9692,-1
40.6913,-73.9426,-1
40.7553,-73.993,0
40.7438,-73.9925,0
40.7469,-73.9745,0
40.7524,-73.9734,0
40.7461,-73.9767,0
40.7655,-73.9808,0
40.7223,-74.0111,0
40.7752,-73.9594,0
40.7632,-73.9696,0
40.7216,-73.9843,0
40.718,-74.0073,0
40.7669,-73.9606,0
40.6732,-73.9732,-1
40.7181,-74.0049,0
40.7325,-73.9802,0
40.7964,-73.9494,0
40.7277,-73.9837,0
40.7567,-73.9846,0
40.662,-73.9536,-1
40.7312,-73.986,0
40.7589,-73.9614,0
40.7526,-73.9741,0
40.7264,-74.009,0
40.7683,-73.9841,0
40.7737,-73.9458,0
40.685,-73.9861,1
40.7366,-73.9887,0
40.7368,-73.9889,0
40.7435,-73.986,0
40.73,-73.9866,0
40.7746,-73.9822,0
40.7741,-73.9825,0
40.7666,-73.9818,0
40.7544,-73.9694,0
40.6915,-73.8252,-1
40.7786,-73.9855,0
40.7836,-73.9803,0
40.7677,-73.9851,0
40.8195,-73.9593,-1
40.7243,-73.9849,0
40.742,-73.9972,0
40.7613,-73.9999,0
40.7485,-74.0053,0
40.7542,-73.974,0
40.7832,-73.9746,0
40.6239,-73.922,-1
40.796,-73.969,0
40.7192,-74.0104,0
40.7633,-73.9739,0
40.7202,-73.9981,0
40.85,-73.8567,-1
40.7441,-73.9767,0
40.672,-73.959,-1
40.7522,-73.9741,0
40.6733,-73.979,-1
40.7434,-74.0073,0
40.7481,-74.0047,0
40.7158,-74.0062,0
40.7099,-74.0073,0
40.6213,-74.0263,-1
40.7401,-73.9946,0
40.7231,-74.001,0
40.7905,-73.9656,0
40.7793,-73.9477,0
40.7734,-73.9454,0
40.7652,-73.9614,0
40.723,-74.0034,0
40.7663,-73.9778,0
40.7855,-73.9758,0
40.7679,-73.9915,0
40.7762,-73.958,0
40.7775,-73.9489,0
40.7617,-73.9825,0
40.774,-73.9595,0
40.7304,-73.9911,0
40.7767,-73.9619,0
40.6899,-73.9802,1
40.7003,-73.9943,0
40.7742,-73.9886,0
40.7704,-73.9853,0
40.7716,-73.9507,0
40.782,-73.9793,0
40.8516,-73.8821,-1
40.8516,-73.8821,-1
40.7589,-73.9721,0
40.727,-73.9781,0
40.7794,-73.9537,0
40.7733,-73.9449,0
40.6898,-73.9923,1
40.7599,-73.965,0
40.7518,-73.98,0
40.7492,-73.9757,0
40.7779,-73.9509,0
40.7769,-73.9819,0
40.7181,-74.0145,0
40.7753,-73.9766,0
40.6978,-73.8664,-1
40.6721,-73.9774,-1
40.7876,-73.9747,0
40.7682,-73.9823,0
40.7288,-73.9786,0
40.741,-74.007,0
40.7232,-73.9889,0
40.734,-74.0052,0
40.7743,-73.9888,0
40.7096,-74.015,0
40.7687,-73.9852,0
40.743,-74.0076,0
40.7096,-74.0146,0
40.77,-73.9879,0
40.7709,-73.9884,0
40.6928,-73.9455,-1
40.7407,-73.9797,0
40.7305,-73.9848,0
40.7615,-73.9697,0
40.8003,-73.9677,0
40.7635,-73.9562,0
40.7477,-73.9968,0
40.7754,-73.9878,0
40.7513,-73.9939,0
40.7725,-73.959,0
40.7626,-73.997,0
40.7618,-73.969,0
40.7672,-73.984,0
40.719,-73.9497,2
40.7616,-73.992,0
40.7591,-73.9885,0
40.729,-73.9849,0
40.7304,-73.9798,0
40.7655,-73.9719,0
40.7125,-73.9491,2
40.7882,-73.9767,0
40.7428,-73.9945,0
40.7478,-73.985,0
40.7551,-73.9713,0
40.7718,-73.9508,0
40.7173,-73.9584,2
40.7581,-73.9647,0
40.7426,-73.9945,0
40.6959,-73.9848,1
40.6917,-73.9035,-1
40.7775,-73.9571,0
40.6391,-73.9985,-1
40.7569,-73.9145,-1
40.7154,-74.0019,0
40.7785,-73.9523,0
40.7411,-73.9878,0
40.7455,-73.9783,0
40.7777,-73.9461,0
40.7414,-73.994,0
40.7639,-73.9849,0
40.7339,-73.9806,0
40.7645,-73.9582,0
40.6934,-73.9995,1
40.7442,-73.9905,0
40.7645,-73.9619,0
40.7616,-73.9673,0
40.7598,-73.9775,0
40.7394,-73.9932,0
40.7704,-73.9501,0
40.7546,-73.9719,0
40.7642,-73.9794,0
40.7555,-73.972,0
40.7885,-73.9781,0
40.7344,-73.9557,2
40.7377,-74.0663,-1
40.7306,-73.976,0
40.744,-73.9721,0
40.7196,-74.0,0
40.7196,-74.0,0
40.7147,-73.9821,0
40.7316,-73.9546,2
40.7773,-73.9828,0
40.7236,-74.0106,0
40.7523,-73.9994,0
40.7283,-73.9998,0
40.7683,-73.9845,0
40.7829,-73.9498,0
40.752,-73.9855,0
40.7461,-73.9778,0
40.7296,-73.9838,0
40.6568,-73.9621,-1
40.7816,-73.9496,0
40.727,-73.9797,0
40.7365,-74.0036,0
40.7493,-73.9917,0
40.7378,-73.9865,0
40.7354,-74.0036,0
40.7372,-73.9961,0
40.7123,-73.9524,2
40.7326,-73.9831,0
40.7727,-73.9595,0
40.7235,-73.9901,0
40.7839,-73.9815,0
40.7137,-73.9633,2
40.7241,-73.9808,0
40.7405,-74.0022,0
40.765,-73.9632,0
40.7303,-73.9821,0
40.756,-73.9965,0
40.6749,-73.9642,-1
40.7615,-73.9664,0
40.7269,-73.9837,0
40.7375,-73.9841,0
40.7292,-73.9817,0
40.7838,-73.9707,0
40.7838,-73.9707,0
40.6967,-73.9833,1
40.767,-73.9836,0
40.7366,-74.0051,0
40.7161,-73.9608,2
40.7226,-73.9959,0
40.7345,-73.9981,0
40.7796,-73.9528,0
40.8373,-73.9413,-1
40.7644,-73.9768,0
40.7249,-73.979,0
40.7741,-73.8725,3
40.7741,-73.8725,3
40.755,-73.9917,0
40.7076,-74.0018,0
40.7247,-73.9946,0
40.7383,-74.0039,0
40.7171,-73.9626,2
40.6844,-73.9667,-1
40.7186,-74.0034,0
40.7208,-73.9976,0
40.7179,-73.9799,0
40.7364,-73.982,0
40.7364,-73.982,0
40.7097,-74.0178,0
40.7196,-73.9885,0
40.7746,-73.9459,0
40.7276,-73.9794,0
40.7371,-73.9787,0
40.7416,-73.9833,0
40.6861,-73.9827,1
40.7315,-73.9903,0
40.7025,-73.9904,0
40.7639,-73.9263,-1
40.7463,-74.0027,0
40.6951,-73.9663,-1
40.7811,-73.956,0
40.7218,-73.9921,0
40.7354,-74.0044,0
40.7495,-73.9719,0
40.7673,-73.9615,0
40.7404,-73.9895,0
40.7513,-73.9352,-1
40.7871,-73.9567,0
40.7548,-73.9725,0
40.7076,-74.0077,0
40.7396,-73.9965,0
40.7321,-73.9879,0
40.689,-73.9881,1
40.7437,-74.0003,0
40.7304,-73.9822,0
40.7304,-73.9822,0
40.7009,-73.9299,-1
40.7447,-73.997,0
40.7372,-73.9983,0
40.7106,-73.9664,2
40.6989,-73.996,0
40.722,-74.0078,0
40.7303,-73.9899,0
40.7326,-73.9876,0
40.7326,-73.9876,0
40.7766,-73.9557,0
40.7188,-73.9579,2
40.7691,-73.9813,0
40.7845,-73.95,0
40.7367,-73.9821,0
40.7762,-73.9554,0
40.7586,-73.989,0
40.7826,-73.979,0
40.7558,-73.9919,0
40.7171,-74.0057,0
40.7633,-73.9787,0
40.7589,-73.9693,0
40.7391,-73.9831,0
40.77,-73.9605,0
40.7367,-73.9802,0
40.781,-73.9829,0
40.7724,-73.9465,0
40.7421,-74.0022,0
40.7408,-73.9762,0
40.7181,-74.0027,0
40.7746,-73.9481,0
40.6927,-73.9472,-1
40.6761,-73.963,-1
40.7595,-73.9608,0
40.7732,-73.9491,0
40.7132,-74.0042,0
40.7987,-73.9708,0
40.779,-73.9825,0
40.7269,-73.9835,0
40.8103,-73.9435,-1
40.759,-73.9705,0
40.7368,-74.0098,0
40.694,-73.9611,-1
40.7705,-73.9478,0
40.7253,-73.9817,0
40.7441,-73.9913,0
40.7442,-73.9791,0
40.774,-73.8725,3
40.7111,-74.0059,0
40.7327,-73.9918,0
40.7298,-73.9788,0
40.7594,-73.9778,0
40.7903,-73.979,0
40.8129,-73.9519,-1
40.7992,-73.9701,0
40.7416,-74.0004,0
40.6976,-73.9609,-1
40.7143,-73.9879,0
40.7492,-73.9766,0
40.7578,-73.9662,0
40.7281,-73.9951,0
40.687,-73.9568,-1
40.7284,-73.9852,0
40.7709,-73.9647,0
40.7141,-73.9853,0
40.7175,-73.9519,2
40.7388,-74.0081,0
40.7388,-74.0081,0
40.7093,-74.0053,0
40.7093,-74.0053,0
40.7676,-73.9619,0
40.7422,-73.9966,0
40.7751,-73.9472,0
40.7793,-73.9514,0
40.7702,-73.8648,3
40.6948,-73.9477,-1
40.7688,-73.8621,3
40.7162,-73.9496,2
40.6899,-73.9924,1
40.7813,-73.9539,0
40.7824,-73.9805,0
40.7926,-73.9755,0
40.7394,-74.0016,0
40.7194,-74.0045,0
40.7603,-73.997,0
40.7751,-73.9632,0
40.7325,-73.9931,0
40.7236,-73.9853,0
40.7919,-73.9772,0
40.7159,-73.9933,0
40.7883,-73.9686,0
40.6943,-73.9919,1
40.7788,-73.986,0
40.6491,-74.0017,-1
40.7828,-73.9518,0
40.7828,-73.9518,0
40.7276,-73.9832,0
40.7352,-74.0017,0
40.7657,-73.9706,0
40.7365,-73.8584,-1
40.7325,-74.0049,0
40.7265,-73.9398,2
40.7748,-73.9913,0
40.7221,-74.0006,0
40.7722,-73.956,0
40.7873,-73.9542,0
40.7581,-73.9928,0
40.7371,-74.0004,0
40.7732,-73.8857,-1
40.7628,-73.967,0
40.7276,-73.9795,0
40.7336,-74.0062,0
40.7198,-73.9951,0
40.7783,-73.9488,0
40.7033,-73.9896,0
40.7792,-73.9831,0
40.6718,-73.9882,-1
40.8052,-73.9388,-1
40.7462,-73.9961,0
40.7313,-73.9902,0
40.73,-74.0728,-1
40.7789,-73.9568,0
40.7302,-73.9795,0
40.7624,-73.9918,0
40.7184,-73.9496,2
40.7184,-73.9496,2
40.7473,-73.9829,0
40.6772,-73.962,-1
40.7744,-73.9489,0
40.6816,-73.9963,1
40.724,-73.9804,0
40.7331,-73.9847,0
40.7124,-73.9619,2
40.6943,-73.9454,-1
40.7344,-73.9783,0
40.6888,-73.9851,1
40.7354,-73.9981,0
40.7354,-73.9981,0
40.689,-73.9888,1
40.7741,-73.9813,0
40.7202,-74.005,0
40.7633,-73.9809,0
40.7083,-74.0057,0
40.7825,-73.9807,0
40.7689,-73.9666,0
40.7942,-73.9746,0
40.769,-73.9663,0
40.7683,-73.8621,3
40.7322,-73.9961,0
40.7946,-73.9626,0
40.7113,-74.0054,0
40.7326,-73.9816,0
40.7784,-73.9612,0
40.7663,-73.9609,0
40.7992,-73.9435,0
40.7795,-73.9578,0
40.7218,-73.9835,0
40.7797,-73.9504,0
40.7618,-73.9786,0
40.7761,-73.9799,0
40.7313,-73.9546,2
40.7201,-73.9929,0
40.7797,-73.9841,0
40.6504,-74.0101,-1
40.695,-73.9644,-1
40.7716,-73.989,0
40.7601,-73.9627,0
40.7707,-73.957,0
40.7225,-73.9824,0
40.7399,-73.9952,0
40.7113,-73.99,0
40.775,-73.9804,0
40.7551,-73.9732,0
40.7492,-73.9866,0
40.7192,-74.0046,0
40.7518,-74.0038,0
40.7553,-73.9712,0
40.7805,-73.9136,-1
40.7583,-73.9789,0
40.6857,-73.9951,1
40.6704,-73.9871,-1
40.7741,-73.9787,0
40.7431,-73.9923,0
40.8095,-73.94,-1
40.754,-73.9991,0
40.754,-73.9991,0
40.7693,-73.8998,-1
40.7151,-74.0115,0
40.7468,-73.9872,0
40.7811,-73.9496,0
40.7732,-73.9783,0
40.669,-73.9829,-1
40.7252,-73.9993,0
40.7884,-73.9777,0
40.6966,-73.9934,1
40.7336,-74.0077,0
40.7725,-73.9568,0
40.7191,-73.9974,0
40.7531,-74.0039,0
40.7724,-73.9556,0
40.7403,-73.9946,0
40.7235,-73.8502,-1
40.7642,-73.9804,0
40.743,-73.9264,-1
40.7717,-73.9894,0
40.7626,-73.9859,0
40.7409,-73.9786,0
40.7237,-74.0108,0
40.6892,-73.9575,-1
40.7641,-73.9736,0
40.7193,-73.9601,2
40.7803,-73.9572,0
40.7689,-73.8632,3
40.6889,-73.9601,-1
40.7332,-73.8739,-1
40.6871,-73.9911,1
40.7248,-73.9801,0
40.7594,-73.993,0
40.7754,-73.9281,-1
40.7238,-74.0109,0
40.7843,-73.9769,0
40.7644,-73.9657,0
40.7405,-74.0054,0
40.6994,-73.9232,-1
40.6507,-73.9653,-1
40.7911,-73.9753,0
40.767,-73.9938,0
40.7658,-73.9686,0
40.7435,-73.9728,0
40.7435,-73.9728,0
40.7344,-74.0063,0
40.7344,-74.0063,0
40.7747,-73.9912,0
40.7882,-73.9779,0
40.7593,-73.9628,0
40.7268,-73.9798,0
40.7591,-73.9676,0
40.7239,-74.0033,0
40.772,-73.9608,0
40.7788,-73.9452,0
40.7563,-73.9781,0
40.7652,-73.9914,0
40.7652,-73.9914,0
40.7376,-74.0665,-1
40.756,-73.9813,0
40.6935,-73.9939,1
40.7807,-73.9764,0
40.7095,-74.014,0
40.7422,-74.004,0
40.787,-73.9691,0
40.7329,-73.9898,0
40.7905,-73.9742,0
40.7905,-73.9742,0
40.7437,-73.9585,-1
40.7521,-73.9476,0
40.7342,-73.9753,0
40.6932,-73.9286,-1
40.7429,-73.9923,0
40.688,-73.9973,1
40.7281,-73.9844,0
40.7264,-73.9437,2
40.7171,-74.0093,0
40.7422,-73.9968,0
40.7405,-73.9795,0
40.7614,-73.9629,0
40.709,-74.0161,0
40.7362,-74.0008,0
40.7362,-74.0008,0
40.7611,-73.9942,0
40.7857,-73.9799,0
40.7261,-73.993,0
40.7526,-73.9775,0
40.7486,-74.0062,0
40.7458,-73.9778,0
40.7463,-73.9905,0
40.7458,-73.9778,0
40.6583,-73.9611,-1
40.7284,-73.9814,0
40.7615,-73.9817,0
40.7555,-73.9616,0
40.7311,-73.9782,0
40.7374,-74.0038,0
40.7777,-73.9751,0
40.7632,-73.9718,0
40.7771,-73.9463,0
40.7287,-73.9872,0
40.7665,-73.9714,0
40.7435,-73.9882,0
40.7847,-73.9559,0
40.7142,-74.0059,0
40.7513,-73.9978,0
40.6873,-73.9978,1
40.7447,-73.9755,0
40.7447,-73.9755,0
40.772,-73.9467,0
40.7741,-73.8721,3
40.7417,-73.9968,0
40.7676,-73.9841,0
40.6803,-73.9643,-1
40.7224,-74.0079,0
40.7682,-73.9819,0
40.7693,-73.9695,0
40.7227,-73.9873,0
40.7221,-74.0038,0
40.7586,-73.9635,0
40.7241,-73.9862,0
40.6938,-73.9498,-1
40.7174,-73.963,2
40.7391,-74.0012,0
40.7607,-73.9957,0
40.7488,-73.9917,0
40.7794,-73.9885,0
40.7447,-73.9717,0
40.7471,-73.9906,0
40.7009,-73.9829,0
40.776,-73.9474,0
40.7594,-73.9858,0
40.782,-73.9797,0
40.7251,-73.9949,0
40.7529,-74.004,0
40.7251,-73.9902,0
40.7959,-73.9744,0
40.7762,-73.9643,0
40.7447,-73.9949,0
40.7834,-73.9741,0
40.7816,-73.9484,0
40.7801,-73.977,0
40.7825,-73.9716,0
40.775,-73.9899,0
40.7242,-73.947,2
40.7242,-73.947,2
40.7745,-73.9655,0
40.6838,-73.9452,-1
40.7459,-74.0,0
40.7267,-73.9924,0
40.7182,-73.9866,0
40.7052,-74.0106,0
40.7218,-73.9936,0
40.7455,-73.9943,0
40.777,-73.9857,0
40.7902,-73.9727,0
40.7732,-73.8857,-1
40.7591,-73.9612,0
40.756,-73.9635,0
40.7681,-73.9589,0
40.7376,-74.0028,0
40.7566,-73.9811,0
40.7362,-73.9788,0
40.7648,-73.9842,0
40.6899,-73.9452,-1
40.7815,-73.9484,0
40.7815,-73.9484,0
40.7315,-73.9868,0
40.7762,-73.9794,0
40.7829,-73.9734,0
40.7339,-73.9529,2
40.7601,-73.9922,0
40.745,-73.9897,0
40.778,-73.9798,0
40.722,-73.9874,0
40.6961,-73.9661,-1
40.7196,-74.0103,0
40.7495,-73.9913,0
40.742,-73.9728,0
40.6885,-73.9849,1
40.708,-74.0143,0
40.7437,-73.959,-1
40.7368,-73.9866,0
40.7394,-73.9827,0
40.7885,-73.9761,0
40.737,-74.0037,0
40.737,-74.0037,0
40.637,-73.9715,-1
40.715,-74.0023,0
40.785,-73.9558,0
40.7234,-74.0792,-1
40.7693,-73.9518,0
40.7664,-73.9881,0
40.7272,-73.9897,0
40.7627,-73.9681,0
40.7111,-73.9522,2
40.7312,-73.9745,0
40.7341,-73.9911,0
40.7367,-74.0064,0
40.7732,-73.9482,0
40.7286,-73.9858,0
40.7815,-73.9461,0
40.7861,-73.9725,0
40.7053,-73.9392,-1
40.7366,-73.9786,0
40.7177,-74.0034,0
40.731,-73.9837,0
40.7718,-73.9552,0
40.719,-73.9869,0
40.7808,-73.9484,0
40.7788,-73.9579,0
40.7411,-73.9781,0
40.7469,-74.0019,0
40.7695,-73.9838,0
40.7809,-73.9467,0
40.7177,-73.9839,0
40.7766,-73.9793,0
40.7182,-74.0151,0
40.7472,-73.985,0
40.7345,-74.0059,0
40.7732,-73.8856,-1
40.7752,-73.9619,0
40.7639,-73.9886,0
40.7734,-73.99,0
40.7529,-74.0041,0
40.7772,-73.9889,0
40.7349,-73.9906,0
40.7738,-73.9499,0
40.729,-74.0026,0
40.723,-73.9974,0
40.726,-73.9499,2
40.7438,-74.0005,0
40.7667,-73.9827,0
40.7601,-73.9856,0
40.7273,-74.0005,0
40.7126,-73.8171,-1
40.7617,-74.0,0
40.7747,-73.9639,0
40.7959,-73.9707,0
40.7959,-73.9707,0
40.7606,-73.9935,0
40.755,-73.9627,0
40.7262,-73.9917,0
40.7706,-73.9626,0
40.7346,-74.0095,0
40.717,-73.9649,2
40.7621,-73.9873,0
40.7635,-73.9242,-1
40.73,-73.9748,0
40.7741,-73.9887,0
40.7461,-73.9881,0
40.7659,-73.9621,0
40.7858,-73.9725,0
40.7566,-73.9774,0
40.7419,-74.004,0
40.7735,-73.9892,0
40.7571,-73.9839,0
40.7581,-73.9599,0
40.7025,-73.9868,0
40.7223,-73.9862,0
40.7754,-73.9769,0
40.7289,-73.9849,0
40.7724,-73.9565,0
40.7828,-73.9554,0
40.7723,-73.9604,0
40.7882,-73.978,0
40.7308,-74.0044,0
40.7354,-73.9962,0
40.7462,-73.9948,0
40.7557,-73.9713,0
40.7557,-73.9713,0
40.7867,-73.972,0
40.735,-74.0001,0
40.7476,-73.9824,0
40.6413,-74.0757,-1
40.7217,-74.01,0
40.7177,-74.0057,0
40.722,-73.9854,0
40.7995,-73.9719,0
40.7559,-73.9782,0
40.7843,-73.9795,0
40.7269,-73.9798,0
40.7343,-73.9899,0
40.7667,-73.9863,0
40.7368,-73.9817,0
40.7398,-73.9845,0
40.7537,-73.9722,0
40.7537,-73.9722,0
40.7347,-74.0085,0
40.7269,-73.9947,0
40.7542,-73.9787,0
40.7748,-73.9844,0
40.772,-73.9629,0
40.7185,-73.9879,0
40.7475,-74.0032,0
40.7409,-74.0075,0
40.7449,-73.9843,0
40.7141,-74.0117,0
40.6849,-73.9244,-1
40.7492,-73.9916,0
40.786,-73.9425,0
40.7326,-74.0096,0
40.7614,-73.9998,0
40.6339,-74.0238,-1
40.7163,-74.0047,0
40.6886,-73.9892,1
40.718,-74.0067,0
40.7732,-73.9502,0
40.7651,-73.9679,0
40.7243,-73.985,0
40.7103,-73.9846,0
40.7823,-73.9806,0
40.7409,-74.0075,0
40.7736,-73.9514,0
40.748,-74.0029,0
40.7639,-73.9859,0
40.7639,-73.9859,0
40.7488,-73.9925,0
40.768,-73.9914,0
40.7541,-73.9863,0
40.7657,-73.9047,-1
40.7665,-73.9609,0
40.7392,-73.9829,0
40.7767,-73.9523,0
40.7767,-73.9523,0
40.7732,-73.945,0
40.7748,-73.9134,-1
40.7581,-73.9933,0
40.8331,-73.8282,-1
40.7822,-73.9809,0
40.7875,-73.9805,0
40.7666,-73.9854,0
40.7804,-73.9518,0
40.7825,-73.9812,0
40.7346,-74.0061,0
40.7556,-73.973,0
40.7616,-73.9789,0
40.7535,-73.979,0
40.7338,-73.9807,0
40.7739,-73.9571,0
40.78,-73.9788,0
40.7483,-73.9822,0
40.7425,-73.9779,0
40.7703,-73.9619,0
40.7703,-73.9619,0
40.7548,-73.9936,0
40.7282,-73.9866,0
40.7242,-73.8197,-1
40.7223,-74.0111,0
40.7805,-73.9839,0
40.7652,-73.9682,0
40.7855,-73.952,0
40.7209,-73.987,0
40.7268,-73.9768,0
40.7251,-73.9884,0
40.7212,-73.9815,0
40.7445,-73.9946,0
40.7241,-73.9806,0
40.7461,-73.9938,0
40.623,-74.0342,-1
40.7175,-73.9829,0
40.7532,-73.9964,0
40.7347,-74.0093,0
40.7347,-74.0093,0
40.7238,-74.0033,0
40.7157,-73.9601,2
40.7691,-73.982,0
40.7901,-73.9751,0
40.7164,-73.9902,0
40.7527,-73.9787,0
40.7396,-73.9824,0
40.7634,-73.9819,0
40.775,-73.9586,0
40.7825,-73.9805,0
40.7717,-73.9893,0
40.7242,-73.9908,0
40.7548,-73.9737,0
40.7643,-73.9658,0
40.7452,-73.9888,0
40.7363,-73.9789,0
40.7584,-73.9695,0
40.7584,-73.9695,0
40.7287,-73.9895,0
40.7434,-73.9729,0
40.7486,-74.0063,0
40.7613,-73.9893,0
40.7451,-73.9951,0
40.6378,-74.0329,-1
40.7708,-73.9917,0
40.7188,-73.9947,0
40.7365,-73.9803,0
40.7685,-73.8625,3
40.7801,-73.9878,0
40.7281,-73.9938,0
40.8322,-73.9411,-1
40.7645,-73.9952,0
40.7328,-73.9975,0
40.7406,-74.0019,0
40.7509,-73.9908,0
40.7472,-74.0026,0
40.8527,-73.8435,-1
40.7576,-73.9896,0
40.8047,-73.9478,-1
40.7274,-73.9811,0
40.7143,-73.9605,2
40.6963,-73.9971,1
40.7341,-74.0081,0
40.764,-73.9718,0
40.7252,-74.0075,0
40.7245,-73.9814,0
40.7352,-74.0093,0
40.7388,-74.0075,0
40.7766,-73.9485,0
40.7504,-73.9688,0
40.7207,-73.9978,0
40.7383,-74.0035,0
40.7869,-73.9773,0
40.7673,-73.9877,0
40.7154,-73.9625,2
40.712,-74.0061,0
40.7801,-73.9501,0
40.7765,-73.9597,0
40.6873,-73.9677,-1
40.7738,-73.8714,3
40.7578,-73.9754,0
40.7095,-74.0179,0
40.7376,-74.0033,0
40.7857,-73.9563,0
40.725,-73.981,0
40.7199,-74.0073,0
40.7455,-73.9533,-1
40.7407,-73.9797,0
40.7327,-73.978,0
40.7466,-73.9742,0
40.7642,-73.9739,0
40.7642,-73.9739,0
40.7201,-73.997,0
40.7552,-73.9793,0
40.7607,-73.9859,0
40.7044,-73.9867,0
40.7193,-73.9998,0
40.7619,-73.9859,0
40.7488,-73.9939,0
40.7326,-74.0091,0
40.7364,-73.9847,0
40.7346,-74.0094,0
40.7381,-73.9857,0
40.775,-73.949,0
40.7499,-73.9879,0
40.7739,-73.8717,3
40.7756,-73.9765,0
40.6828,-73.9631,-1
40.7361,-74.0043,0
40.731,-74.0045,0
40.7778,-73.9489,0
40.7815,-73.9555,0
40.7399,-73.9949,0
40.7866,-73.9688,0
40.7198,-73.9996,0
40.7346,-74.0069,0
40.714,-74.0125,0
40.6914,-73.9844,1
40.7165,-74.0077,0
40.7322,-73.9863,0
40.7754,-73.9635,0
40.7333,-74.0097,0
40.7664,-73.9917,0
40.7678,-73.9857,0
40.7166,-74.0041,0
40.7142,-73.95,2
40.7823,-73.981,0
40.7845,-73.9732,0
40.7451,-74.0039,0
40.7298,-74.0091,0
40.7179,-74.0029,0
40.7201,-74.0105,0
40.7682,-73.8621,3
40.7625,-73.9631,0
40.7696,-73.9807,0
40.763,-73.9965,0
40.7777,-73.975,0
40.7578,-73.9895,0
40.6808,-73.9984,1
40.78,-73.9607,0
40.676,-73.9693,-1
40.7204,-73.9965,0
40.7221,-74.0006,0
40.7781,-73.978,0
40.6528,-73.9648,-1
40.7393,-73.9739,0
40.7634,-73.9809,0
40.7634,-73.9809,0
40.7572,-73.9991,0
40.7296,-73.981,0
40.7243,-74.0021,0
40.7767,-73.9556,0
40.7419,-74.0037,0
40.7773,-73.952,0
40.7759,-73.99,0
40.7049,-74.0155,0
40.7216,-73.9837,0
40.7491,-73.9945,0
40.7325,-73.997,0
40.7681,-73.9915,0
40.7827,-73.9569,0
40.7456,-73.9912,0
40.7684,-73.8623,3
40.745,-74.0081,0
40.7796,-73.9525,0
40.7703,-73.8651,3
40.7434,-73.9806,0
40.7512,-73.9352,-1
40.7176,-73.9525,2
40.7513,-73.9753,0
40.7692,-73.9552,0
40.7719,-73.9479,0
40.6743,-73.9659,-1
40.7492,-73.9923,0
40.7505,-73.9808,0
40.7407,-74.0079,0
40.7693,-73.8799,3
40.7525,-73.9797,0
40.723,-73.9828,0
40.7761,-73.9616,0
40.7772,-73.9497,0
40.7681,-73.9579,0
40.7222,-73.9963,0
40.7338,-73.9808,0
40.6461,-74.0812,-1
40.7656,-73.972,0
40.6708,-73.9826,-1
40.7493,-73.9808,0
40.6956,-73.9957,1
40.7717,-73.9251,-1
40.7356,-73.9981,0
40.731,-74.0042,0
40.6692,-73.8634,-1
40.7428,-73.9919,0
40.7462,-73.9763,0
40.7303,-73.982,0
40.7145,-73.9818,0
40.7331,-73.9901,0
40.7711,-73.8661,3
40.7834,-73.9725,0
40.7703,-73.9557,0
40.7381,-73.9925,0
40.7229,-73.9815,0
40.771,-73.9873,0
40.7268,-73.8535,-1
40.7705,-73.9563,0
40.739,-73.9965,0
40.7515,-73.9932,0
40.7588,-73.9677,0
40.7715,-73.9842,0
40.7738,-73.9518,0
40.7463,-73.991,0
40.7463,-73.991,0
40.7828,-73.9555,0
40.6775,-73.9451,-1
40.7146,-74.0361,-1
40.756,-73.9688,0
40.7777,-73.9817,0
40.7112,-74.0057,0
40.6737,-73.9587,-1
40.7322,-73.9943,0
40.778,-73.9535,0
40.7368,-74.0043,0
40.7887,-73.9735,0
40.6946,-74.1003,-1
40.7738,-73.9559,0
40.7439,-73.9837,0
40.7419,-73.824,-1
40.7615,-73.9987,0
40.7198,-74.0086,0
40.7637,-73.9638,0
40.7253,-73.9908,0
40.7318,-73.9965,0
40.7306,-73.9577,2
40.7767,-73.9792,0
40.7479,-73.9767,0
40.7798,-73.9842,0
40.7586,-73.984,0
40.7261,-74.0026,0
40.7359,-73.9853,0
40.7795,-73.9488,0
40.7269,-74.0453,-1
40.7532,-73.9964,0
40.7017,-73.9516,2
40.7281,-73.9807,0
40.7523,-73.9842,0
40.7207,-74.0019,0
40.7324,-74.0053,0
40.7329,-73.9882,0
40.7149,-74.012,0
40.7769,-73.9781,0
40.7466,-73.9915,0
40.7674,-73.9611,0
40.6507,-73.9542,-1
40.7298,-73.9792,0
40.7831,-73.9528,0
40.7234,-73.9912,0
40.7834,-73.9789,0
40.8526,-73.8436,-1
40.7565,-73.9854,0
40.7472,-74.003,0
40.7789,-73.9541,0
40.7801,-73.9511,0
40.7495,-73.9835,0
40.7112,-74.0058,0
40.7558,-73.9912,0
40.7398,-73.983,0
40.7286,-73.9845,0
40.8184,-73.8908,-1
40.7549,-73.9738,0
40.7633,-73.9647,0
40.7739,-73.9516,0
40.7739,-73.9516,0
40.7511,-73.994,0
40.718,-74.0071,0
40.6841,-73.9369,-1
40.7225,-74.0105,0
40.7619,-73.9793,0
40.7503,-73.9944,0
40.72,-74.0092,0
40.7454,-73.9909,0
40.7709,-73.9487,0
40.6958,-73.9263,-1
40.7405,-73.9796,0
40.7628,-73.9788,0
40.7678,-73.9852,0
40.7473,-73.9561,0
40.6874,-73.9569,-1
40.7241,-73.9789,0
40.7241,-73.9789,0
40.7128,-73.9653,2
40.7186,-73.9474,2
40.7806,-73.9838,0
40.7585,-73.9928,0
40.6928,-73.9548,-1
40.7712,-73.8663,3
40.7917,-73.9734,0
40.74,-73.986,0
40.7439,-73.9763,0
40.7439,-73.9763,0
40.7673,-73.9844,0
40.7765,-73.9758,0
40.7412,-73.9942,0
40.7229,-73.9829,0
40.7279,-73.9824,0
40.7598,-73.9914,0
40.7712,-73.9306,-1
40.7334,-73.9758,0
40.7696,-73.9808,0
40.7635,-73.9773,0
40.7336,-73.9763,0
40.729,-73.9811,0
40.755,-73.9999,0
40.73,-74.0035,0
40.7414,-73.9964,0
40.6571,-73.974,-1
40.7883,-73.9766,0
40.7493,-73.9892,0
40.7683,-73.9578,0
40.742,-73.9538,-1
40.7425,-74.0036,0
40.6967,-73.9831,1
40.7346,-73.9884,0
40.7301,-73.9896,0
40.7331,-73.9751,0
40.7878,-73.9789,0
40.7438,-73.9932,0
40.7678,-73.9806,0
40.7587,-73.9894,0
40.7345,-74.0031,0
40.7345,-74.0031,0
40.7293,-73.9841,0
40.7127,-73.9516,2
40.743,-73.9965,0
40.7302,-73.9893,0
40.7745,-73.9542,0
40.7189,-74.0111,0
40.7739,-73.8713,3
40.7737,-73.9891,0
40.6758,-73.9435,-1
40.7808,-73.9578,0
40.7936,-73.9726,0
40.7356,-74.0082,0
40.7176,-74.0108,0
40.7839,-73.9816,0
40.7283,-73.9811,0
40.7271,-73.9894,0
40.8051,-73.9544,-1
40.8127,-73.9507,-1
40.7816,-73.952,0
40.7673,-73.9841,0
40.8066,-73.9612,0
40.7611,-73.9966,0
40.7033,-74.0116,0
40.7541,-73.8817,-1
40.7116,-74.0087,0
40.7936,-73.9692,0
40.7703,-73.9538,0
40.7633,-73.9698,0
40.7489,-73.9886,0
40.7516,-73.9378,-1
40.774,-73.8726,3
40.6838,-73.9806,1
40.7494,-73.9948,0
40.7787,-73.985,0
40.744,-73.9976,0
40.7606,-73.9867,0
40.712,-74.0124,0
40.712,-74.0124,0
40.7673,-73.9567,0
40.6934,-73.9679,-1
40.7237,-74.0027,0
40.7742,-73.9573,0
40.742,-74.0072,0
40.6392,-73.9991,-1
40.6392,-73.9991,-1
40.7461,-74.0076,0
40.6882,-73.9208,-1
40.7487,-73.979,0
40.7555,-73.9869,0
40.7717,-73.9505,0
40.721,-73.9554,2
40.7706,-73.8653,3
40.7156,-74.0032,0
40.838,-73.9714,-1
40.7831,-73.975,0
40.7517,-73.9477,0
40.7149,-73.9587,2
40.773,-73.9598,0
40.7706,-73.9481,0
40.8035,-73.9565,0
40.7709,-73.9875,0
40.6905,-73.9662,-1
40.744,-73.9969,0
40.7226,-73.9976,0
40.7474,-73.9776,0
40.7363,-73.9981,0
40.7713,-73.9508,0
40.7353,-74.0006,0
40.7589,-73.961,0
40.777,-73.9891,0
40.757,-73.9985,0
40.7674,-73.984,0
40.7325,-73.9936,0
40.7647,-73.9804,0
40.7084,-73.9475,2
40.7569,-73.9672,0
40.7455,-73.9944,0
40.7427,-73.9804,0
40.7635,-73.9599,0
40.7288,-73.9851,0
40.7757,-73.9605,0
40.7046,-74.0082,0
40.7451,-73.9568,-1
40.7277,-73.9799,0
40.7501,-73.9834,0
40.7685,-73.9855,0
40.7062,-74.0066,0
40.6552,-73.885,-1
40.7358,-74.0019,0
40.7834,-73.9745,0
40.6888,-73.985,1
40.7208,-74.0007,0
40.7312,-73.9813,0
40.7782,-73.9888,0
40.7581,-73.9141,-1
40.7694,-73.96,0
40.7612,-73.9778,0
40.7729,-73.9635,0
40.772,-73.9559,0
40.7478,-74.0005,0
40.6252,-73.975,-1
40.6877,-73.9578,-1
40.7956,-73.9657,0
40.7627,-73.9801,0
40.7107,-74.0064,0
40.7663,-73.98,0
40.7495,-73.9848,0
40.7375,-74.0051,0
40.7794,-73.9839,0
40.718,-74.0154,0
40.7402,-74.0023,0
40.7379,-73.9829,0
40.7525,-73.9937,0
40.737,-73.857,-1
40.737,-73.857,-1
40.7262,-74.0096,0
40.7459,-74.0054,0
40.7235,-74.0106,0
40.7121,-74.0098,0
40.7515,-73.9868,0
40.7515,-73.9868,0
40.7675,-73.9687,0
40.7238,-73.9799,0
40.7699,-73.9179,-1
40.7652,-73.9841,0
40.7932,-73.9746,0
40.7244,-74.0021,0
40.7319,-74.0028,0
40.7237,-74.0109,0
40.769,-73.963,0
40.7706,-73.957,0
40.7697,-73.9526,0
40.778,-73.9562,0
40.7183,-74.0148,0
40.7904,-73.9751,0
40.787,-73.9504,0
40.8136,-73.9447,-1
40.7563,-73.9728,0
40.7083,-74.0006,0
40.7882,-73.9811,0
40.7118,-73.958,2
40.825,-73.9516,-1
40.7609,-73.9965,0
40.7439,-74.0036,0
40.7612,-73.9723,0
40.7735,-73.9621,0
40.7201,-73.9841,0
40.744,-74.0065,0
40.725,-73.9942,0
40.6976,-73.9832,1
40.8018,-73.9429,-1
40.728,-73.8509,-1
40.7345,-74.0017,0
40.7683,-73.9541,0
40.7545,-73.974,0
40.6922,-73.987,1
40.7795,-73.9876,0
40.7335,-73.9901,0
40.7844,-73.9541,0
40.728,-74.0492,-1
40.7437,-73.9929,0
40.7162,-74.0163,0
40.623,-74.0345,-1
40.7271,-74.0067,0
40.676,-73.9814,-1
40.732,-74.0093,0
40.7778,-73.9566,0
40.722,-73.9992,0
40.7076,-74.0089,0
40.7685,-73.8625,3
40.7243,-73.9943,0
40.7411,-73.9799,0
40.7674,-73.9625,0
40.6869,-73.9248,-1
40.729,-73.9948,0
40.7414,-73.9976,0
40.705,-74.016,0
40.7499,-73.9887,0
40.7878,-73.9787,0
40.7832,-73.9821,0
40.7774,-73.9789,0
40.7367,-73.9805,0
40.8465,-73.9095,-1
40.7703,-73.9805,0
40.7439,-73.9765,0
40.6847,-73.9985,1
40.7644,-73.9798,0
40.7645,-73.9785,0
40.7335,-73.9868,0
40.7496,-73.9751,0
40.7462,-73.992,0
40.8076,-73.9508,-1
40.7571,-73.9803,0
40.7068,-74.0176,0
40.7068,-74.0176,0
40.6777,-73.9972,1
40.7699,-73.9515,0
40.663,-73.9842,-1
40.7838,-73.9741,0
40.7339,-73.954,2
40.7729,-73.946,0
40.7828,-73.9753,0
40.756,-73.9906,0
40.756,-73.9968,0
40.7559,-73.9661,0
40.7545,-73.9707,0
40.7442,-73.9878,0
40.7731,-73.9635,0
40.7432,-73.98,0
40.7357,-73.9794,0
40.7397,-73.9845,0
40.726,-73.992,0
40.7687,-73.9926,0
40.7731,-73.9543,0
40.7732,-73.9823,0
40.7019,-73.9898,0
40.7168,-74.005,0
40.7126,-73.9659,2
40.7333,-73.9899,0
40.7395,-73.9825,0
40.7382,-73.9923,0
40.7335,-74.0047,0
40.7551,-73.9757,0
40.6598,-73.9278,-1
40.7588,-73.9684,0
40.7412,-73.9943,0
40.7552,-73.9724,0
40.7504,-73.9851,0
40.7504,-73.9851,0
40.745,-73.9739,0
40.7693,-73.9588,0
40.7569,-73.9982,0
40.7388,-73.9875,0
40.7747,-73.9499,0
40.7411,-73.9925,0
40.7417,-73.9799,0
40.7548,-73.9662,0
40.7332,-73.9866,0
40.7735,-73.9892,0
40.7356,-74.0033,0
40.7703,-73.988,0
40.7261,-73.8497,-1
40.7281,-73.9828,0
40.7135,-74.0112,0
40.6948,-73.9943,1
40.7623,-73.9937,0
40.7448,-73.983,0
40.7513,-74.0033,0
40.6814,-73.9732,-1
40.733,-73.9942,0
40.7954,-73.9656,0
40.7684,-73.9852,0
40.7871,-73.9792,0
40.7129,-73.9401,2
40.7867,-73.9685,0
40.6435,-73.9688,-1
40.7681,-73.9645,0
40.7755,-73.9635,0
40.7522,-73.9715,0
40.7818,-73.9757,0
40.7791,-73.9482,0
40.7565,-73.9832,0
40.7917,-73.9759,0
40.764,-73.9807,0
40.7358,-74.002,0
40.7614,-73.9576,0
40.7842,-73.9555,0
40.7393,-73.9992,0
40.7099,-74.0168,0
40.7294,-73.9872,0
40.7261,-74.0055,0
40.7745,-73.9636,0
40.7862,-73.9782,0
40.7444,-73.9954,0
40.7524,-73.9864,0
40.7432,-73.9853,0
40.7466,-73.9914,0
40.7712,-73.9597,0
40.7722,-73.9469,0
40.7159,-73.9929,0
40.7639,-73.9717,0
40.7157,-74.0166,0
40.7612,-73.9776,0
40.6483,-73.9697,-1
40.7253,-73.9797,0
40.7484,-73.9805,0
40.7526,-73.9754,0
40.7692,-73.9631,0
40.7199,-74.0004,0
40.7559,-73.9916,0
40.765,-73.962,0
40.7381,-74.009,0
40.7464,-73.9726,0
40.7264,-73.8526,-1
40.7261,-73.9981,0
40.6844,-74.0001,1
40.7079,-73.9465,2
40.7766,-73.9497,0
40.7841,-73.9711,0
40.7255,-73.9521,2
40.7427,-73.9998,0
40.7832,-73.9641,0
40.7301,-73.9806,0
40.7741,-73.9792,0
40.7292,-73.9843,0
40.78,-73.9583,0
40.7385,-73.9853,0
40.7176,-73.8393,-1
40.7644,-73.973,0
40.7581,-73.9604,0
40.7653,-73.9768,0
40.7544,-73.974,0
40.7519,-73.9802,0
40.7189,-73.9513,2
40.7189,-73.9513,2
40.7217,-74.0063,0
40.7769,-73.9771,0
40.7199,-74.0001,0
40.7939,-73.9695,0
40.7685,-73.9578,0
40.705,-74.0165,0
40.7653,-73.9804,0
40.7486,-74.0072,0
40.7434,-73.9881,0
40.7568,-73.976,0
40.7787,-73.9515,0
40.79,-73.9522,0
40.7803,-73.9847,0
40.7783,-73.9524,0
40.782,-73.9487,0
40.774,-73.9597,0
40.7771,-73.9754,0
40.7928,-73.9735,0
40.7689,-73.9605,0
40.7428,-73.992,0
40.7212,-74.0054,0
40.7706,-73.957,0
40.7268,-73.9917,0
40.7499,-73.9925,0
40.7561,-73.9909,0
40.7731,-73.9502,0
40.8218,-73.9474,-1
40.7617,-73.9743,0
40.7424,-73.9991,0
40.7424,-73.9991,0
40.7706,-73.8654,3
40.7246,-73.9894,0
40.6526,-73.9507,-1
40.7752,-73.9552,0
40.7525,-73.9826,0
40.7682,-73.8622,3
40.732,-74.0093,0
40.7172,-73.9466,2
40.7669,-73.9535,0
40.748,-74.0037,0
40.7777,-73.9775,0
40.759,-73.9942,0
40.723,-74.0104,0
40.7339,-73.9929,0
40.7501,-73.994,0
40.7244,-73.9804,0
40.7559,-73.9908,0
40.7218,-73.9581,2
40.774,-73.8725,3
40.7504,-73.9746,0
40.7277,-73.9911,0
40.7963,-73.9711,0
40.736,-73.9858,0
40.7774,-73.9768,0
40.7433,-73.9729,0
40.7572,-73.9657,0
40.6926,-73.9859,1
40.7778,-73.9888,0
40.7612,-73.9869,0
40.7278,-73.9821,0
40.745,-73.9827,0
40.7628,-73.9825,0
40.7592,-73.9854,0
40.7868,-73.9728,0
40.7626,-73.9867,0
40.746,-74.0053,0
40.7786,-73.9481,0
40.78,-73.9769,0
40.7747,-73.9561,0
40.7615,-73.9708,0
40.7532,-73.9202,-1
40.6787,-74.0042,-1
40.7775,-73.9506,0
40.7395,-73.9954,0
40.7253,-73.989,0
40.7622,-73.9799,0
40.7553,-73.9711,0
40.7455,-73.9935,0
40.7411,-74.0003,0
40.7205,-73.9968,0
40.7409,-74.0076,0
40.7243,-74.0088,0
40.7592,-73.9944,0
40.7592,-73.9916,0
40.7093,-74.06,-1
40.7605,-73.9949,0
40.7376,-74.0033,0
40.7515,-73.9937,0
40.7757,-73.9561,0
40.6846,-73.9584,-1
40.6687,-73.9767,-1
40.7875,-73.9721,0
40.6769,-73.975,-1
40.7333,-73.9753,0
40.7748,-73.9611,0
40.7755,-73.9465,0
40.7769,-73.9596,0
40.7632,-73.9693,0
40.7704,-73.8651,3
40.7031,-73.9851,0
40.7639,-73.9785,0
40.6915,-73.9895,1
40.6823,-74.004,-1
40.696,-73.965,-1
40.7325,-73.9879,0
40.6755,-74.0116,-1
40.7216,-73.9822,0
40.7781,-73.954,0
40.7385,-74.0065,0
40.7307,-74.0044,0
40.7185,-73.9836,0
40.7326,-74.0578,-1
40.7651,-73.9699,0
40.785,-73.9538,0
40.7814,-73.9559,0
40.7367,-73.989,0
40.7486,-73.987,0
40.7212,-73.9469,2
40.7474,-73.974,0
40.7807,-73.9545,0
40.7836,-73.9794,0
40.8259,-73.9454,-1
40.7612,-73.9757,0
40.7584,-73.9602,0
40.6748,-73.9784,-1
40.6632,-73.9861,-1
40.7058,-73.944,2
40.7163,-73.9508,2
40.7149,-74.0103,0
40.7216,-73.9993,0
40.6627,-73.9849,-1
40.7797,-73.9837,0
40.7531,-73.9869,0
40.7341,-73.9986,0
40.756,-73.9829,0
40.756,-73.9829,0
40.7826,-73.9573,0
40.7205,-74.0021,0
40.7184,-73.9584,2
40.725,-74.0028,0
40.76,-73.9961,0
40.7636,-73.9963,0
40.7208,-74.0041,0
40.7214,-74.0103,0
40.7571,-73.9937,0
40.6923,-73.9545,-1
40.7576,-73.9847,0
40.7043,-73.9867,0
40.7367,-73.9892,0
40.7678,-73.9917,0
40.7262,-73.9931,0
40.732,-73.9822,0
40.7234,-73.9995,0
40.7468,-73.9962,0
40.7234,-73.9995,0
40.7558,-73.9928,0
40.7353,-73.9826,0
40.6906,-73.9704,-1
40.7951,-73.9694,0
40.7431,-73.972,0
40.7431,-73.972,0
40.7769,-73.9463,0
40.7759,-73.979,0
40.7634,-73.9814,0
40.7474,-73.9709,0
40.7678,-73.956,0
40.6965,-73.9834,1
40.7648,-73.9843,0
40.757,-73.9632,0
40.7652,-73.9618,0
40.7749,-73.9604,0
40.7189,-73.9638,2
40.7401,-74.0077,0
40.7446,-73.9914,0
40.7638,-73.9602,0
40.7707,-73.9571,0
40.7463,-74.0031,0
40.742,-74.004,0
40.742,-74.004,0
40.7762,-73.9875,0
40.7582,-73.9735,0
40.7419,-73.9761,0
40.7123,-73.9571,2
40.7123,-73.9571,2
40.7926,-73.9752,0
40.7754,-73.9904,0
40.7413,-74.0021,0
40.7645,-73.9741,0
40.677,-73.9521,-1
40.7134,-74.0123,0
40.7461,-74.0033,0
40.6757,-74.016,-1
40.7466,-73.974,0
40.7466,-73.974,0
40.7515,-73.977,0
40.7235,-73.9939,0
40.7318,-73.9902,0
40.7376,-74.0094,0
40.7339,-73.9919,0
40.7686,-73.9497,0
40.7305,-73.9806,0
40.7775,-73.9512,0
40.7733,-73.9783,0
40.742,-74.0038,0
40.7828,-73.9571,0
40.733,-73.9815,0
40.7237,-74.0095,0
40.7202,-73.9844,0
40.7202,-73.9844,0
40.7366,-74.0019,0
40.7303,-73.9864,0
40.7639,-73.956,0
40.7154,-73.8363,-1
40.7148,-73.9911,0
40.7295,-73.9859,0
40.7213,-73.9949,0
40.7712,-73.866,3
40.7497,-73.9779,0
40.7446,-73.981,0
40.7304,-73.9894,0
40.7473,-73.9966,0
40.7778,-73.9889,0
40.7816,-73.9831,0
40.7389,-74.0086,0
40.7113,-74.0054,0
40.7507,-73.9978,0
40.7507,-73.9978,0
40.7247,-73.985,0
40.7297,-73.9919,0
40.7603,-73.9851,0
40.6971,-73.9949,1
40.7501,-73.9709,0
40.7458,-73.9722,0
40.7525,-73.9763,0
40.7338,-73.987,0
40.7666,-73.9602,0
40.7305,-74.0075,0
40.7483,-73.996,0
40.7483,-73.996,0
40.7197,-73.9645,2
40.7562,-73.9905,0
40.7758,-73.9533,0
40.7266,-73.9796,0
40.7269,-74.0021,0
40.7236,-73.9397,2
40.7688,-73.9845,0
40.78,-73.9575,0
40.6961,-73.9678,-1
40.781,-73.9462,0
40.7714,-73.9566,0
40.7592,-73.9943,0
40.7522,-73.9676,0
40.7765,-73.9642,0
40.7523,-73.9784,0
40.7711,-73.9817,0
40.8288,-73.9376,-1
40.7868,-73.979,0
40.7482,-73.9707,0
40.7323,-74.0005,0
40.766,-73.9611,0
40.7438,-74.0063,0
40.7475,-73.9929,0
40.7724,-73.9607,0
40.7155,-74.0159,0
40.7947,-73.9664,0
40.7417,-73.9895,0
40.7735,-73.9578,0
40.7892,-73.9758,0
40.747,-73.9772,0
40.7444,-73.9809,0
40.7305,-73.9863,0
40.7951,-73.9716,0
40.7883,-73.9742,0
40.7344,-73.9782,0
40.775,-73.9653,0
40.7453,-73.9723,0
40.7901,-73.9745,0
40.7363,-74.0028,0
40.8093,-73.9518,-1
40.7748,-73.9809,0
40.7646,-73.9834,0
40.7186,-73.9473,2
40.7594,-73.9885,0
40.7296,-73.9806,0
40.7479,-74.0042,0
40.723,-73.9853,0
40.7366,-73.9777,0
40.7554,-73.9715,0
40.6806,-73.9745,-1
40.6801,-73.9193,-1
40.7039,-73.9008,-1
40.7839,-73.9785,0
40.7304,-74.0024,0
40.7225,-74.0111,0
40.7598,-73.9579,0
40.7598,-73.9579,0
40.7139,-73.963,2
40.6859,-74.0003,1
40.6919,-73.9707,-1
40.7483,-73.975,0
40.7324,-74.0009,0
40.7994,-73.9395,-1
40.7593,-73.9786,0
40.7539,-73.9746,0
40.7474,-73.9816,0
40.7422,-73.9949,0
40.7367,-73.9818,0
40.7285,-74.0036,0
40.8073,-73.9552,-1
40.7755,-73.9783,0
40.6727,-73.9868,-1
40.7366,-73.989,0
40.7578,-73.9708,0
40.7736,-73.9451,0
40.7171,-73.9607,2
40.6851,-73.9341,-1
40.6851,-73.9341,-1
40.7459,-73.9784,0
40.6848,-73.9816,1
40.7589,-73.9924,0
40.7843,-73.9765,0
40.725,-74.0094,0
40.7719,-73.9827,0
40.754,-73.9792,0
40.7842,-73.9798,0
40.7249,-73.9814,0
40.7209,-74.0042,0
40.7602,-73.958,0
40.774,-73.9616,0
40.7405,-73.9966,0
40.7861,-73.98,0
40.7726,-73.9524,0
40.759,-74.0235,-1
40.787,-73.9683,0
40.7712,-73.9617,0
40.7267,-73.9525,2
40.779,-73.9559,0
40.744,-73.9837,0
40.7156,-74.0093,0
40.6834,-73.9988,1
40.7885,-73.974,0
40.6704,-73.9422,-1
40.7137,-74.0111,0
40.7574,-73.9787,0
40.8246,-73.8628,-1
40.7536,-73.9862,0
40.7536,-73.9862,0
40.7328,-73.9836,0
40.778,-73.9487,0
40.7564,-73.9943,0
40.7356,-73.9348,-1
40.7096,-74.0168,0
40.7506,-74.0353,-1
40.6892,-73.9582,-1
40.7693,-73.952,0
40.7785,-73.9578,0
40.7366,-73.9853,0
40.7366,-73.9853,0
40.7689,-73.9547,0
40.7124,-73.9575,2
40.6926,-73.9697,-1
40.7723,-73.9633,0
40.7583,-73.9654,0
40.7345,-73.9997,0
40.7468,-73.9563,0
40.7627,-73.9933,0
40.7389,-74.0058,0
40.7386,-73.9864,0
40.7583,-73.9669,0
40.7296,-73.9948,0
40.7564,-73.9942,0
40.7159,-73.9505,2
40.7483,-74.0049,0
40.7774,-73.9624,0
40.6915,-73.99,1
40.789,-73.9666,0
40.6925,-73.9861,1
40.7233,-74.0052,0
40.7885,-73.9747,0
40.7466,-73.99,0
40.732,-74.0078,0
40.7455,-73.9715,0
40.7084,-74.0054,0
40.7576,-73.9722,0
40.7944,-73.968,0
40.717,-73.9403,2
40.7603,-73.9653,0
40.7111,-74.0053,0
40.7379,-74.0082,0
40.7732,-73.9782,0
40.7766,-73.9529,0
40.7593,-73.9613,0
40.7168,-73.9447,2
40.7168,-73.9447,2
40.7411,-73.9787,0
40.7271,-73.9782,0
40.6796,-73.9817,1
40.749,-73.9926,0
40.7246,-73.9905,0
40.7345,-73.9801,0
40.6808,-73.9984,1
40.7464,-73.9955,0
40.7164,-74.013,0
40.7436,-73.9733,0
40.7455,-73.9716,0
40.7037,-73.9906,0
40.7212,-73.988,0
40.7414,-73.9976,0
40.782,-73.977,0
40.7502,-73.9917,0
40.7408,-73.9912,0
40.7364,-73.9979,0
40.722,-74.0042,0
40.7351,-73.986,0
40.7165,-73.9401,2
40.6754,-73.982,-1
40.7736,-73.9477,0
40.8457,-73.8452,-1
40.6765,-73.9987,-1
40.7451,-73.9757,0
40.7308,-73.9836,0
40.7679,-73.9913,0
40.7167,-74.0042,0
40.7517,-73.9934,0
40.7619,-73.9757,0
40.8033,-73.9449,-1
40.7423,-73.9972,0
40.7256,-73.9824,0
40.7554,-73.9864,0
40.7404,-73.8856,-1
40.7044,-74.0079,0
40.7564,-73.9725,0
40.7716,-73.9825,0
40.7725,-73.9469,0
40.7649,-73.977,0
40.7426,-74.0071,0
40.7226,-74.0043,0
40.7438,-74.0063,0
40.7187,-74.0067,0
40.6912,-73.9845,1
40.7715,-73.9824,0
40.6887,-73.9911,1
40.7669,-73.9865,0
40.7331,-73.9865,0
40.8045,-73.9673,0
40.7225,-73.9975,0
40.7046,-74.0068,0
40.7697,-73.956,0
40.769,-73.9248,-1
40.769,-73.9248,-1
40.7533,-73.9716,0
40.773,-73.9518,0
40.7516,-74.0031,0
40.7612,-73.9872,0
40.7252,-74.0014,0
40.7252,-74.0014,0
40.7374,-73.979,0
40.7401,-73.9903,0
40.7717,-73.8941,-1
40.7244,-73.9815,0
40.7442,-73.954,-1
40.7748,-73.9913,0
40.7457,-73.9844,0
40.6783,-73.9851,1
40.6788,-73.9847,1
40.752,-73.9913,0
40.7716,-73.953,0
40.8075,-73.9494,-1
40.7324,-74.0006,0
40.7785,-73.9791,0
40.7552,-73.9719,0
40.7661,-73.9807,0
40.6848,-73.9493,-1
40.8076,-73.9664,0
40.7678,-73.9533,0
40.7791,-73.9463,0
40.7309,-73.9829,0
40.7706,-73.9504,0
40.7721,-73.947,0
40.723,-73.9834,0
40.7227,-73.998,0
40.77,-73.9571,0
40.7732,-73.9647,0
40.7475,-74.0033,0
40.742,-74.0036,0
40.7437,-73.9834,0
40.7589,-73.9746,0
40.7795,-73.9535,0
40.752,-74.0014,0
40.7782,-73.9127,-1
40.7141,-73.9513,2
40.7234,-74.0008,0
40.7234,-74.0008,0
40.7837,-73.9504,0
40.7307,-73.9924,0
40.8508,-73.9646,-1
40.7348,-74.0032,0
40.7347,-74.0095,0
40.7891,-73.9743,0
40.7865,-73.9761,0
40.6895,-73.977,1
40.783,-73.9571,0
40.6675,-73.9389,-1
40.7487,-73.9732,0
40.7328,-73.9998,0
40.6714,-73.9824,-1
40.773,-73.9479,0
40.7615,-73.9989,0
40.708,-74.006,0
40.7986,-73.9731,0
40.7752,-73.9592,0
40.7206,-73.9842,0
40.7678,-73.9622,0
40.7261,-73.9835,0
40.7303,-74.003,0
40.7221,-74.004,0
40.7095,-74.018,0
40.7129,-74.0094,0
40.7393,-73.9919,0
40.7706,-73.8655,3
40.7762,-73.9538,0
40.7219,-74.0044,0
40.7292,-73.9777,0
40.731,-73.9821,0
40.7526,-73.9934,0
40.735,-73.9887,0
40.7655,-73.9526,0
40.7503,-73.9892,0
40.7354,-73.9795,0
40.7743,-73.9296,-1
40.7538,-73.9712,0
40.7226,-73.983,0
40.7245,-74.0045,0
40.7427,-73.9866,0
40.7201,-74.0051,0
40.7365,-73.9965,0
40.7413,-73.9756,0
40.7413,-73.9756,0
40.7533,-73.9655,0
40.7556,-73.9643,0
40.7518,-73.9938,0
40.7621,-73.9933,0
40.7589,-73.9853,0
40.7138,-73.9993,0
40.7667,-73.9788,0
40.7805,-73.9873,0
40.7718,-73.9887,0
40.7762,-73.9799,0
40.7409,-73.9078,-1
40.7198,-74.0103,0
40.7647,-73.9778,0
40.7216,-73.9837,0
40.7893,-73.9757,0
40.778,-73.978,0
40.7826,-73.9729,0
40.6887,-73.9942,1
40.7507,-73.9727,0
40.707,-74.0165,0
40.7598,-73.9745,0
40.7447,-73.9829,0
40.7624,-73.9747,0
40.7842,-73.9826,0
40.6888,-73.9889,1
40.7252,-73.9795,0
40.7435,-73.9726,0
40.7463,-74.0083,0
40.723,-74.0023,0
40.7449,-73.9442,-1
40.7202,-74.0039,0
40.7292,-73.9813,0
40.7363,-73.9789,0
40.721,-73.9905,0
40.7552,-73.992,0
40.7275,-73.9456,2
40.7912,-73.9733,0
40.7209,-74.0042,0
40.7184,-73.9495,2
40.7748,-73.9135,-1
40.7421,-73.9808,0
40.7525,-73.9842,0
40.7525,-73.9842,0
40.727,-73.9783,0
40.7461,-73.98,0
40.7332,-73.9899,0
40.7882,-73.9674,0
40.7335,-73.9893,0
40.7297,-73.9849,0
40.7521,-73.9683,0
40.7447,-73.9909,0
40.7504,-73.9946,0
40.7273,-73.9462,2
40.7592,-73.976,0
40.721,-73.9787,0
40.6566,-74.0035,-1
40.7407,-74.0056,0
40.7349,-73.9795,0
40.8153,-73.827,-1
40.777,-73.9518,0
40.777,-73.9518,0
40.7289,-73.9846,0
40.6815,-73.9521,-1
40.7604,-73.9992,0
40.7301,-73.9833,0
40.754,-73.9921,0
40.7725,-73.9607,0
40.7345,-74.0094,0
40.7244,-73.9942,0
40.7429,-73.9893,0
40.7736,-73.9518,0
40.7193,-73.9899,0
40.7241,-73.9824,0
40.7241,-73.9824,0
40.7219,-74.0042,0
40.6636,-73.9844,-1
40.7642,-73.9259,-1
40.7607,-73.9949,0
40.7035,-73.9896,0
40.7273,-73.9527,2
40.8577,-73.8866,-1
40.7522,-73.9792,0
40.7243,-73.9512,2
40.6683,-73.9619,-1
40.7843,-73.983,0
40.7889,-73.9667,0
40.7551,-73.9881,0
40.7551,-73.9881,0
40.7493,-73.9923,0
40.7441,-73.9939,0
40.7619,-73.9855,0
40.6332,-73.9719,-1
40.7523,-73.9723,0
40.743,-73.9998,0
40.6944,-73.9991,1
40.7484,-73.996,0
40.7349,-74.0078,0
40.7131,-73.9622,2
40.7131,-73.9622,2
40.6845,-73.992,1
40.7626,-73.9777,0
40.7434,-73.9962,0
40.758,-73.9603,0
40.7706,-73.9543,0
40.7305,-73.9921,0
40.73,-74.0019,0
40.7521,-73.9934,0
40.7678,-73.9829,0
40.7606,-73.9934,0
40.7756,-73.984,0
40.7468,-73.9833,0
40.7888,-73.9551,0
40.7298,-73.9777,0
40.7168,-74.002,0
40.7436,-73.9726,0
40.7579,-73.9894,0
40.7693,-73.9811,0
40.7432,-73.8259,-1
40.7807,-73.9821,0
40.7505,-74.0356,-1
40.7493,-74.0031,0
40.6884,-73.9598,-1
40.7665,-73.9701,0
40.6903,-73.9943,1
40.7146,-74.0099,0
40.7359,-73.9937,0
40.6883,-73.9588,-1
40.7906,-73.9734,0
40.7614,-73.9996,0
40.7168,-73.8443,-1
40.676,-73.9794,-1
40.7056,-73.8345,-1
40.751,-73.9824,0
40.7761,-73.9557,0
40.716,-74.0152,0
40.7247,-73.9804,0
40.7806,-73.9816,0
40.7793,-73.9535,0
40.6777,-73.9554,-1
40.7212,-73.9879,0
40.733,-73.9924,0
40.7586,-73.9787,0
40.7831,-73.9779,0
40.7299,-73.979,0
40.7774,-73.9545,0
40.7316,-73.9873,0
40.7755,-73.9598,0
40.7486,-74.0062,0
40.7608,-73.9987,0
40.7241,-73.9902,0
40.682,-73.9362,-1
40.715,-73.8114,-1
40.6703,-73.9763,-1
40.7512,-73.9936,0
40.7748,-73.9911,0
40.7802,-73.9753,0
40.7303,-73.9841,0
40.7444,-73.9744,0
40.7203,-73.9845,0
40.7399,-73.9987,0
40.7085,-73.9577,2
40.7244,-74.007,0
40.7377,-74.0032,0
40.7764,-73.9895,0
40.7804,-73.9612,0
40.7454,-73.9723,0
40.7319,-74.0031,0
40.7762,-73.9575,0
40.7405,-73.9999,0
40.7382,-74.0009,0
40.7253,-73.9398,2
40.776,-73.9835,0
40.7215,-73.9936,0
40.7444,-73.9957,0
40.7445,-73.98,0
40.7689,-73.9614,0
40.7195,-74.0092,0
40.7972,-73.9702,0
40.7972,-73.9702,0
40.7442,-73.9956,0
40.7706,-73.8655,3
40.7806,-73.9854,0
40.7414,-73.9855,0
40.7941,-73.963,0
40.7334,-73.9778,0
40.7781,-73.9479,0
40.729,-74.0035,0
40.7381,-74.0083,0
40.7534,-73.9666,0
40.7697,-73.9561,0
40.7567,-73.9939,0
40.7232,-73.9955,0
40.7407,-73.982,0
40.7134,-73.9904,0
40.7778,-73.975,0
40.735,-73.9932,0
40.7373,-73.9864,0
40.7638,-73.9652,0
40.6723,-73.9876,-1
40.7294,-73.9841,0
40.7482,-74.005,0
40.745,-73.9912,0
40.7708,-73.9902,0
40.7313,-73.9787,0
40.6749,-73.9529,-1
40.7972,-73.9694,0
40.6884,-73.993,1
40.7092,-74.0162,0
40.7368,-73.9889,0
40.7227,-73.9908,0
40.7773,-73.9171,-1
40.7733,-73.8855,-1
40.7981,-73.9679,0
40.7252,-73.9813,0
40.7773,-73.9753,0
40.7434,-73.9802,0
40.7434,-73.9802,0
40.7778,-73.9771,0
40.7778,-73.9771,0
40.7535,-73.9699,0
40.7555,-73.9682,0
40.7636,-73.9651,0
40.7349,-73.9813,0
40.7615,-73.973,0
40.7102,-74.0147,0
40.7292,-73.9797,0
40.7662,-73.9637,0
40.7298,-73.9791,0
40.7502,-73.9736,0
40.7615,-73.9871,0
40.7609,-73.9965,0
40.7376,-74.0083,0
40.7284,-73.9835,0
40.721,-73.9913,0
40.7655,-73.9149,-1
40.7768,-73.96,0
40.7318,-74.0081,0
40.7705,-73.9914,0
40.7472,-73.9898,0
40.6902,-73.9943,1
40.7187,-74.0006,0
40.7263,-73.9878,0
40.674,-73.9645,-1
40.7149,-73.965,2
40.6541,-74.0038,-1
40.7293,-73.9816,0
40.7773,-73.9223,-1
40.7253,-73.9891,0
40.7097,-74.0065,0
40.7097,-74.0065,0
40.7567,-73.9721,0
40.6764,-73.9761,-1
40.7376,-74.0039,0
40.7405,-73.9811,0
40.7357,-73.9865,0
40.7305,-74.009,0
40.7202,-73.9875,0
40.7401,-73.9876,0
40.7455,-73.9785,0
40.7261,-73.9919,0
40.7423,-73.9237,-1
40.7715,-73.9547,0
40.755,-73.9879,0
40.6897,-73.9394,-1
40.7313,-73.9966,0
40.7772,-73.9519,0
40.792,-73.9771,0
40.7242,-73.9974,0
40.7667,-73.9819,0
40.7703,-73.9595,0
40.7022,-73.9828,0
40.7467,-73.986,0
40.767,-73.9902,0
40.7705,-73.9581,0
40.731,-73.9782,0
40.7329,-74.0001,0
40.7644,-73.9853,0
40.7265,-73.9847,0
40.7321,-74.0077,0
40.7589,-73.9726,0
40.7416,-73.9978,0
40.7741,-73.8726,3
40.7672,-73.9625,0
40.793,-73.9732,0
40.7573,-73.9642,0
40.7512,-73.9692,0
40.7823,-73.9568,0
40.7388,-74.0087,0
40.6882,-73.9471,-1
40.7409,-74.0075,0
40.7715,-73.8921,-1
40.6643,-73.9311,-1
40.7367,-73.9907,0
40.7065,-74.0092,0
40.77,-73.9514,0
40.7335,-74.0073,0
40.7354,-74.0097,0
40.7504,-73.9917,0
40.7244,-73.9463,2
40.7244,-73.9463,2
40.7169,-73.9545,2
40.6856,-73.9987,1
40.7486,-74.0059,0
40.7744,-73.9636,0
40.7275,-73.9935,0
40.7165,-74.0051,0
40.7807,-73.9524,0
40.7432,-73.9912,0
40.712,-73.9526,2
40.7735,-73.9489,0
40.7671,-73.9902,0
40.7671,-73.9902,0
40.8335,-73.9396,-1
40.637,-73.9695,-1
40.7525,-73.9768,0
40.7308,-74.008,0
40.78,-73.9445,0
40.7509,-73.9923,0
40.7528,-73.9675,0
40.7767,-73.9642,0
40.6828,-73.9615,-1
40.765,-73.962,0
40.7625,-74.0003,0
40.7631,-73.9938,0
40.7241,-73.9479,2
40.7558,-73.9782,0
40.7729,-73.9537,0
40.6524,-73.9555,-1
40.7518,-74.003,0
40.7369,-73.9776,0
40.7169,-73.9935,0
40.7277,-73.9933,0
40.7325,-73.9761,0
40.6778,-73.9645,-1
40.7338,-74.0005,0
40.7166,-73.9888,0
40.7614,-74.0,0
40.7081,-73.9653,2
40.7799,-73.9818,0
40.7732,-73.9547,0
40.7395,-73.996,0
40.706,-73.9198,-1
40.7257,-74.002,0
40.7758,-73.9628,0
40.7357,-74.0069,0
40.7673,-73.9897,0
40.7253,-73.9796,0
40.756,-73.9632,0
40.7571,-73.9821,0
40.7324,-73.9989,0
40.7559,-73.9964,0
40.745,-73.9975,0
40.7692,-73.9847,0
40.7498,-73.9801,0
40.7952,-73.9733,0
40.7689,-73.9606,0
40.7161,-73.9391,2
40.7717,-73.9905,0
40.6963,-73.9248,-1
40.741,-73.9764,0
40.6995,-73.9298,-1
40.7087,-73.9627,2
40.7659,-73.9882,0
40.7693,-73.9833,0
40.7536,-73.9663,0
40.6949,-73.9832,1
40.7664,-73.9548,0
40.73,-73.9854,0
40.7639,-73.9659,0
40.7383,-73.9856,0
40.6221,-73.9362,-1
40.7782,-73.9749,0
40.7454,-73.9773,0
40.7351,-73.9855,0
40.722,-73.9811,0
40.6852,-73.9775,-1
40.7438,-73.9881,0
40.7559,-73.9922,0
40.7953,-73.9622,0
40.6737,-73.9669,-1
40.7353,-74.0003,0
40.7684,-73.8622,3
40.6994,-73.9206,-1
40.7255,-74.0098,0
40.7709,-73.8887,-1
40.7808,-73.9838,0
40.7315,-74.0033,0
40.7829,-73.9799,0
40.7172,-74.0098,0
40.7176,-73.9799,0
40.7332,-73.9969,0
40.7455,-73.9717,0
40.7284,-73.9788,0
40.756,-73.9728,0
40.7818,-73.9811,0
40.7582,-73.9647,0
40.6868,-73.9961,1
40.7239,-73.9413,2
40.7261,-73.9917,0
40.7418,-73.9821,0
40.666,-73.978,-1
40.6813,-73.9972,1
40.7309,-73.9954,0
40.7756,-73.9535,0
40.7402,-73.925,-1
40.7187,-73.8137,-1
40.7679,-73.9545,0
40.7105,-74.0046,0
40.7307,-74.0037,0
40.8015,-73.9476,-1
40.7546,-73.9696,0
40.7584,-73.9626,0
40.7645,-73.9882,0
40.7545,-73.9771,0
40.7206,-73.9842,0
40.6879,-73.9954,1
40.6852,-73.9776,-1
40.7908,-73.9665,0
40.7403,-73.9792,0
40.732,-73.9982,0
40.6838,-73.971,-1
40.7634,-73.9853,0
40.7583,-73.9923,0
40.7363,-74.0027,0
40.7421,-74.0076,0
40.7685,-73.9572,0
40.7268,-74.002,0
40.6948,-73.9672,-1
40.7246,-73.9914,0
40.7697,-73.9809,0
40.7469,-74.0023,0
40.7162,-74.0045,0
40.7331,-73.9751,0
40.7887,-73.9793,0
40.7365,-74.0063,0
40.7658,-73.981,0
40.7438,-74.0065,0
40.6741,-73.9458,-1
40.7215,-73.9922,0
40.7249,-74.0007,0
40.7249,-74.0007,0
40.7363,-74.0078,0
40.7155,-74.0113,0
40.655,-73.9598,-1
40.7734,-73.9545,0
40.7264,-74.0018,0
40.7731,-73.9553,0
40.7963,-73.972,0
40.7264,-74.0089,0
40.7906,-73.9777,0
40.7796,-73.9617,0
40.7732,-73.9664,0
40.7277,-73.9837,0
40.761,-73.9976,0
40.728,-73.9909,0
40.7528,-73.9651,0
40.763,-73.9707,0
40.7211,-73.9965,0
40.7287,-74.0113,0
40.7447,-73.9973,0
40.7874,-73.9743,0
40.7031,-73.9861,0
40.7571,-73.9692,0
40.7861,-73.9761,0
40.7356,-73.9966,0
40.7165,-74.0344,-1
40.7325,-73.9872,0
40.7806,-73.9462,0
40.8438,-73.9242,-1
40.7203,-74.0022,0
40.791,-73.9749,0
40.7687,-73.9851,0
40.7501,-73.9983,0
40.7921,-73.9677,0
40.7684,-73.8624,3
40.7463,-73.9862,0
40.7187,-73.8137,-1
40.7597,-73.9722,0
40.7176,-74.0154,0
40.7614,-73.966,0
40.7724,-73.953,0
40.6937,-73.9507,-1
40.7746,-73.9815,0
40.7035,-73.9894,0
40.7401,-74.0059,0
40.6874,-73.9919,1
40.7336,-74.001,0
40.7771,-73.9782,0
40.7401,-73.9857,0
40.7227,-74.0083,0
40.732,-74.0025,0
40.725,-74.003,0
40.6959,-73.8433,-1
40.7642,-73.9776,0
40.7642,-73.9776,0
40.7777,-73.9786,0
40.7822,-73.9559,0
40.7484,-74.0019,0
40.7484,-74.0019,0
40.7353,-74.0032,0
40.6777,-73.9816,-1
40.7639,-73.9936,0
40.7919,-73.9528,0
40.7609,-73.996,0
40.7574,-73.988,0
40.7559,-73.9908,0
40.7382,-74.0072,0
40.7183,-73.9864,0
40.6756,-73.9746,-1
40.745,-73.9871,0
40.7684,-73.8624,3
40.7862,-73.9687,0
40.7706,-73.9878,0
40.7366,-73.9992,0
40.7584,-73.975,0
40.7311,-73.9757,0
40.7177,-73.9838,0
40.759,-73.9609,0
40.7608,-73.9871,0
40.7315,-73.9971,0
40.7414,-74.0066,0
40.8047,-73.9571,0
40.7218,-73.9873,0
40.7874,-73.9744,0
40.7475,-73.9965,0
40.7699,-73.961,0
40.7255,-73.9516,2
40.7173,-74.0092,0
40.765,-73.961,0
40.7223,-74.0109,0
40.7731,-73.9892,0
40.7616,-73.9999,0
40.7232,-73.9913,0
40.7667,-73.965,0
40.7601,-73.9743,0
40.7444,-73.9924,0
40.7518,-73.9986,0
40.7342,-73.9973,0
40.7778,-73.9754,0
40.7538,-73.9891,0
40.7123,-74.0099,0
40.7123,-74.0099,0
40.7861,-73.9712,0
40.7246,-73.9846,0
40.7246,-73.9846,0
40.7776,-73.949,0
40.7961,-73.9724,0
40.7802,-73.8412,-1
40.7509,-73.9944,0
40.7697,-73.9691,0
40.7168,-74.0022,0
40.7788,-73.9779,0
40.7529,-73.995,0
40.7372,-73.9986,0
40.749,-73.9755,0
40.7303,-73.986,0
40.7803,-73.946,0
40.725,-73.9811,0
40.7753,-73.9904,0
40.7745,-73.9811,0
40.7655,-73.982,0
40.748,-73.993,0
40.7615,-73.9642,0
40.7678,-73.8676,3
40.7235,-74.0104,0
40.7501,-73.9948,0
40.7608,-73.998,0
40.7142,-73.948,2
40.8151,-73.9432,-1
40.7333,-73.9855,0
40.7248,-73.9991,0
40.7978,-73.9731,0
40.7832,-73.9552,0
40.7363,-73.9892,0
40.7314,-73.991,0
40.7521,-73.9854,0
40.7335,-74.0082,0
40.7783,-73.9456,0
40.7823,-73.9521,0
40.7756,-73.9608,0
40.7784,-73.9585,0
40.7891,-73.9761,0
40.7117,-73.9512,2
40.7467,-73.9859,0
40.731,-73.9547,2
40.7323,-74.0056,0
40.7447,-73.9888,0
40.7246,-73.9837,0
40.72,-74.0083,0
40.7234,-74.0029,0
40.7273,-74.0016,0
40.7407,-74.0045,0
40.7472,-74.0071,0
40.7167,-74.01,0
40.7493,-73.984,0
40.7182,-73.9552,2
40.7514,-73.9939,0
40.7738,-73.8717,3
40.7254,-73.8493,-1
40.7838,-73.9779,0
40.7663,-73.954,0
40.7599,-73.9878,0
40.7716,-73.9826,0
40.7452,-73.9903,0
40.6704,-73.9478,-1
40.7572,-73.9641,0
40.7326,-73.9814,0
40.7197,-73.9947,0
40.7684,-73.8624,3
40.7782,-73.9458,0
40.756,-73.9904,0
40.7767,-73.9631,0
40.7432,-73.9875,0
40.7729,-73.9474,0
40.727,-73.9835,0
40.7292,-73.9529,2
40.7183,-74.0104,0
40.7161,-74.0152,0
40.7079,-74.0056,0
40.7542,-73.992,0
40.7204,-73.9633,2
40.7892,-73.9756,0
40.7745,-73.9615,0
40.7691,-73.9694,0
40.7435,-73.9747,0
40.6262,-73.9683,-1
40.7391,-73.9836,0
40.732,-73.992,0
40.7199,-74.0,0
40.7093,-74.0161,0
40.7036,-73.9846,0
40.778,-73.9855,0
40.7369,-73.9804,0
40.7825,-73.9516,0
40.7849,-73.9558,0
40.7687,-73.9845,0
40.7166,-74.0164,0
40.7559,-73.9707,0
40.7052,-73.9303,-1
40.7441,-73.9733,0
40.7441,-73.9915,0
40.7417,-74.0046,0
40.7258,-74.0054,0
40.7232,-73.9915,0
40.7393,-74.0027,0
40.737,-73.9742,0
40.787,-73.9788,0
40.7866,-73.9408,0
40.7269,-73.9857,0
40.7673,-73.9539,0
40.7464,-73.9952,0
40.7558,-73.9629,0
40.7433,-73.98,0
40.774,-73.9497,0
40.7298,-73.985,0
40.7696,-73.9681,0
40.7078,-73.966,2
40.7161,-74.0151,0
40.7427,-73.9806,0
40.7403,-74.002,0
40.7325,-73.9771,0
40.7657,-73.9547,0
40.7224,-73.984,0
40.774,-73.9516,0
40.7178,-74.0074,0
40.7341,-74.0003,0
40.7162,-73.9876,0
40.7268,-73.9871,0
40.7291,-73.9498,2
40.7249,-73.9883,0
40.8116,-73.9444,-1
40.7326,-73.9847,0
40.7708,-73.9859,0
40.7397,-73.9866,0
40.7434,-73.9921,0
40.7505,-73.9741,0
40.766,-73.9945,0
40.7326,-74.0038,0
40.7196,-73.9638,2
40.7731,-73.9665,0
40.7738,-73.9565,0
40.7274,-73.9952,0
40.7639,-73.9754,0
40.7211,-74.0036,0
40.78,-73.9486,0
40.7301,-73.9889,0
40.7638,-73.9799,0
40.8102,-73.943,-1
40.763,-73.9799,0
40.7347,-74.006,0
40.7055,-74.0078,0
40.7785,-73.9791,0
40.7365,-73.9886,0
40.7304,-73.98,0
40.7083,-73.9414,2
40.7241,-73.9902,0
40.7386,-73.9802,0
40.7067,-74.0093,0
40.7323,-73.9868,0
40.664,-73.9873,-1
40.7254,-73.984,0
40.7281,-73.9825,0
40.8091,-73.9574,-1
40.7268,-74.0021,0
40.7355,-73.9982,0
40.7707,-73.9546,0
40.7881,-73.9673,0
40.7493,-73.9919,0
40.7203,-73.9873,0
40.7674,-73.9846,0
40.7189,-74.0112,0
40.7312,-74.0031,0
40.7245,-73.9953,0
40.775,-73.9626,0
40.7257,-73.9847,0
40.7333,-73.9812,0
40.7797,-73.9497,0
40.7595,-73.9851,0
40.7694,-73.9679,0
40.7137,-73.9405,2
40.7175,-74.016,0
40.7739,-73.8717,3
40.6733,-73.9842,-1
40.7113,-73.9512,2
40.7593,-73.9943,0
40.7457,-73.9795,0
40.7698,-73.9585,0
40.7341,-73.9806,0
40.7232,-74.002,0
40.7536,-73.9845,0
40.7663,-73.9779,0
40.8116,-73.9519,-1
40.7178,-73.9927,0
40.7327,-73.9746,0
40.7487,-73.9781,0
40.7815,-73.9524,0
40.7406,-73.9797,0
40.7196,-73.9017,-1
40.7773,-73.9521,0
40.7208,-73.9954,0
40.7041,-73.9866,0
40.7889,-73.955,0
40.7707,-73.9859,0
40.7741,-73.8723,3
40.7425,-74.0069,0
40.6934,-73.9473,-1
40.8162,-73.9412,-1
40.7518,-73.9934,0
40.775,-73.9768,0
40.7699,-73.9565,0
40.7661,-73.9467,0
40.7559,-73.9631,0
40.6755,-74.0129,-1
40.7709,-73.9833,0
40.7187,-74.0079,0
40.7915,-73.9759,0
40.7269,-73.9855,0
40.7762,-73.9764,0
40.7277,-73.9838,0
40.7215,-73.9806,0
40.7639,-73.9936,0
40.8082,-73.9903,-1
40.7765,-73.976,0
40.7982,-73.9733,0
40.7305,-73.9831,0
40.7773,-73.9891,0
40.7564,-73.9741,0
40.7095,-74.0139,0
40.7657,-73.9829,0
40.6665,-73.9911,-1
40.7759,-73.9764,0
40.7535,-73.9724,0
40.7206,-73.9967,0
40.7701,-73.9869,0
40.7558,-73.9834,0
40.7573,-73.9896,0
40.7234,-73.9946,0
40.6968,-73.8437,-1
40.7205,-73.9544,2
40.7329,-73.9922,0
40.7469,-73.9906,0
40.7434,-73.9762,0
40.734,-73.9806,0
40.7273,-73.9765,0
40.7443,-73.9901,0
40.7719,-73.9892,0
40.7652,-73.9611,0
40.7357,-74.0024,0
40.7697,-73.9584,0
40.7717,-73.9654,0
40.7762,-73.9762,0
40.7068,-73.953,2
40.775,-73.9771,0
40.7775,-73.9461,0
40.7719,-73.9794,0
40.7243,-74.0056,0
40.7166,-74.0082,0
40.7643,-73.9958,0
40.6762,-73.9629,-1
40.7263,-74.0021,0
40.7696,-73.9602,0
40.7617,-73.9785,0
40.8169,-73.9525,-1
40.7726,-73.9887,0
40.7346,-74.0095,0
40.7074,-74.0115,0
40.729,-73.9885,0
40.7685,-73.8624,3
40.7514,-74.0033,0
40.8101,-73.965,0
40.736,-73.9858,0
40.7271,-74.0003,0
40.6957,-73.9939,1
40.7184,-73.9884,0
40.7312,-73.984,0
40.7672,-73.9562,0
40.7722,-73.9524,0
40.6923,-73.9536,-1
40.7215,-73.993,0
40.7759,-73.9896,0
40.7233,-73.9912,0
40.7862,-73.9426,0
40.7275,-73.9868,0
40.7219,-73.9975,0
40.7182,-73.9864,0
40.76,-73.9686,0
40.7031,-73.9859,0
40.7202,-74.0085,0
40.7177,-73.9799,0
40.7193,-73.9641,2
40.7588,-73.9615,0
40.6957,-73.9972,1
40.6818,-73.9502,-1
40.7291,-73.9989,0
40.7227,-74.0088,0
40.7729,-73.9562,0
40.7444,-73.9982,0
40.7609,-73.9965,0
40.7515,-73.9938,0
40.7575,-73.9787,0
40.7377,-73.9996,0
40.7294,-73.9776,0
40.7294,-73.9776,0
40.6772,-73.9404,-1
40.7394,-73.9935,0
40.7112,-74.0054,0
40.7333,-74.0048,0
40.7341,-74.0082,0
40.7365,-73.9814,0
40.7844,-73.9494,0
40.7267,-74.0055,0
40.6922,-73.9866,1
40.7909,-73.9762,0
40.7899,-73.9804,0
40.7791,-73.9828,0
40.734,-73.9888,0
40.7524,-73.9705,0
40.7763,-73.9761,0
40.7608,-73.9993,0
40.7309,-73.9932,0
40.672,-73.9902,-1
40.6923,-73.9445,-1
40.7585,-73.9781,0
40.7702,-73.9615,0
40.766,-73.989,0
40.7723,-73.9462,0
40.8527,-73.8435,-1
40.7684,-73.9825,0
40.7253,-73.9921,0
40.7462,-73.9942,0
40.7356,-73.9969,0
40.7692,-73.9813,0
40.7166,-73.9908,0
40.7683,-73.9928,0
40.7221,-73.9888,0
40.7745,-73.9798,0
40.7669,-73.9594,0
40.7214,-73.9877,0
40.716,-74.0122,0
40.7801,-73.9571,0
40.6862,-73.9907,1
40.7389,-74.0091,0
40.7332,-73.9755,0
40.6857,-73.9857,1
40.7381,-73.9806,0
40.7301,-73.9776,0
40.7392,-74.0027,0
40.7326,-73.9816,0
40.7822,-73.9764,0
40.713,-73.9585,2
40.7824,-73.9487,0
40.7682,-73.8621,3
40.7597,-73.9742,0
40.7536,-73.9901,0
40.7494,-73.9793,0
40.7249,-73.9897,0
40.7752,-73.9892,0
40.7259,-73.846,-1
40.7378,-73.9933,0
40.7446,-73.9762,0
40.8407,-73.945,-1
40.7752,-73.9629,0
40.7661,-73.989,0
40.733,-73.9838,0
40.7615,-73.9994,0
40.7358,-74.0099,0
40.7578,-73.9891,0
40.7365,-73.9989,0
40.74,-73.9757,0
40.7367,-73.9888,0
40.7247,-73.9921,0
40.7719,-73.9491,0
40.777,-73.9889,0
40.7293,-74.0024,0
40.7717,-73.9563,0
40.7213,-74.0033,0
40.744,-73.9716,0
40.7226,-73.983,0
40.8138,-73.9461,-1
40.7394,-74.0089,0
40.7314,-73.9814,0
40.7442,-73.9858,0
40.758,-73.9929,0
40.758,-73.9929,0
40.7112,-73.9675,0
40.751,-73.9938,0
40.7652,-73.9627,0
40.673,-73.9554,-1
40.7552,-73.9737,0
40.7372,-73.9959,0
40.7522,-73.9953,0
40.7382,-73.9946,0
40.7432,-73.9862,0
40.7745,-73.9535,0
40.68,-73.978,-1
40.7559,-73.9631,0
40.7065,-73.9519,2
40.764,-73.9733,0
40.7026,-73.9865,0
40.788,-73.9717,0
40.7338,-73.9808,0
40.7338,-73.9808,0
40.7811,-73.9833,0
40.7698,-73.9584,0
40.7418,-73.9969,0
40.7352,-73.9932,0
40.7487,-73.8934,-1
40.6924,-73.9215,-1
40.7764,-73.9895,0
40.7251,-73.9781,0
40.7444,-74.0056,0
40.7253,-74.0101,0
40.7414,-73.9779,0
40.747,-73.9926,0
40.7222,-73.9888,0
40.7448,-73.9888,0
40.7817,-73.9489,0
40.6845,-74.0003,1
40.7238,-74.0004,0
40.7488,-73.9425,-1
40.7499,-73.9834,0
40.7638,-73.9858,0
40.7239,-73.9928,0
40.7231,-73.989,0
40.7756,-73.9473,0
40.7465,-73.9936,0
40.7683,-73.8624,3
40.7822,-73.9597,0
40.7746,-73.9458,0
40.7235,-73.9957,0
40.7468,-73.9089,-1
40.7925,-73.9747,0
40.7205,-73.9846,0
40.7796,-73.9575,0
40.7285,-73.9875,0
40.7301,-73.9754,0
40.7761,-73.9817,0
40.7098,-74.0096,0
40.7744,-73.9792,0
40.7648,-73.9792,0
40.7617,-73.9999,0
40.7428,-73.9566,-1
40.7358,-73.9979,0
40.7688,-73.9585,0
40.6864,-73.9167,-1
40.7211,-73.9789,0
40.7495,-74.0064,0
40.6963,-73.9486,-1
40.7881,-73.954,0
40.7428,-73.8259,-1
40.7335,-73.9755,0
40.7205,-73.985,0
40.7994,-73.9707,0
40.7618,-73.9785,0
40.7633,-73.9619,0
40.7692,-73.9532,0
40.7159,-74.0066,0
40.7428,-73.9964,0
40.7928,-73.9771,0
40.771,-73.964,0
40.7756,-73.9838,0
40.7682,-73.9895,0
40.7805,-73.9475,0
40.7322,-74.0077,0
40.7233,-74.0062,0
40.7756,-73.9863,0
40.6243,-74.0231,-1
40.7143,-73.9607,2
40.7786,-73.9496,0
40.7002,-73.9287,-1
40.7806,-73.958,0
40.777,-73.9596,0
40.724,-73.9877,0
40.7402,-73.9819,0
40.691,-73.9248,-1
40.7225,-73.9915,0
40.7178,-73.9904,0
40.7898,-73.9769,0
40.758,-73.9893,0
40.7901,-73.9769,0
40.7456,-73.972,0
40.7407,-73.9979,0
40.7203,-73.9849,0
40.7737,-73.9548,0
40.6995,-73.9868,0
40.7238,-73.9779,0
40.7298,-73.985,0
40.8044,-73.9513,-1
40.6924,-73.9863,1
40.7112,-74.0058,0
40.7546,-73.9775,0
40.7766,-73.9525,0
40.7845,-73.9517,0
40.7336,-73.9764,0
40.7765,-73.9525,0
40.7345,-74.0055,0
40.7737,-73.9597,0
40.7941,-73.966,0
40.7704,-73.8651,3
40.7506,-73.9735,0
40.7263,-74.0018,0
40.7332,-74.0095,0
40.748,-73.9762,0
40.7479,-73.9731,0
40.7218,-73.9844,0
40.7253,-73.9998,0
40.7315,-73.9906,0
40.7779,-73.9558,0
40.7856,-73.9802,0
40.7518,-74.004,0
40.7518,-74.004,0
40.7887,-73.9793,0
40.7202,-73.9824,0
40.7289,-73.9512,2
40.6374,-73.9521,-1
40.7713,-73.9641,0
40.7381,-73.9804,0
40.745,-73.9915,0
40.7564,-73.9976,0
40.6933,-73.9672,-1
40.7232,-74.0016,0
40.8553,-73.9303,-1
40.7766,-73.9892,0
40.7579,-73.989,0
40.7583,-73.9629,0
40.7097,-74.0181,0
40.7585,-73.9895,0
40.7223,-73.9861,0
40.7527,-73.9816,0
40.7158,-74.0073,0
40.7267,-73.9848,0
40.7641,-73.9917,0
40.7758,-73.9762,0
40.7469,-73.985,0
40.8126,-73.9387,-1
40.7402,-74.0035,0
40.6952,-73.9662,-1
40.7407,-74.0076,0
40.7409,-73.9933,0
40.7417,-74.0013,0
40.7351,-73.9584,2
40.7588,-73.9866,0
40.7261,-73.9918,0
40.7589,-73.9941,0
40.7339,-74.0027,0
40.6502,-73.9749,-1
40.7641,-73.9588,0
40.7077,-73.9471,2
40.7653,-73.9674,0
40.7439,-73.9877,0
40.7741,-73.9658,0
40.7361,-73.9366,-1
40.6863,-73.9912,1
40.714,-74.0094,0
40.7481,-73.9736,0
40.7748,-73.9483,0
40.7361,-73.9852,0
40.7481,-74.0045,0
40.7782,-73.9584,0
40.6313,-73.9675,-1
40.7813,-73.9777,0
40.7632,-73.9939,0
40.7461,-73.994,0
40.7339,-73.9806,0
40.742,-74.0038,0
40.7457,-73.9778,0
40.7503,-73.9946,0
40.7695,-73.9548,0
40.6318,-73.9475,-1
40.7832,-73.971,0
40.7603,-73.9784,0
40.7741,-73.9595,0
40.7306,-73.9831,0
40.726,-73.9919,0
40.7102,-73.963,2
40.779,-73.9851,0
40.7831,-73.9781,0
40.7339,-74.0029,0
40.7323,-74.0077,0
40.7603,-73.9695,0
40.7208,-73.9936,0
40.7895,-73.9808,0
40.7513,-74.0065,0
40.7506,-73.9859,0
40.7692,-73.9813,0
40.7094,-74.0133,0
40.7241,-73.9825,0
40.6487,-73.8826,-1
40.7962,-73.9715,0
40.7267,-73.9447,2
40.7818,-73.9519,0
40.7637,-73.9738,0
40.7686,-73.8627,3
40.7686,-73.8627,3
40.775,-73.963,0
40.7889,-73.9797,0
40.8242,-73.9452,-1
40.7522,-73.9931,0
40.7644,-73.9633,0
40.7487,-73.9857,0
40.7783,-73.9852,0
40.7566,-73.9926,0
40.7588,-73.9779,0
40.7289,-73.9844,0
40.7133,-74.0087,0
40.7613,-73.9795,0
40.7745,-73.9594,0
40.7026,-73.9888,0
40.7346,-73.9922,0
40.7346,-73.9922,0
40.7585,-73.9926,0
40.6914,-73.9454,-1
40.7212,-73.9877,0
40.7961,-73.9324,-1
40.7719,-73.9904,0
40.7498,-73.972,0
40.7313,-73.9917,0
40.741,-73.907,-1
40.7369,-73.9897,0
40.7984,-73.9688,0
40.7207,-73.9879,0
40.7247,-73.9936,0
40.7322,-74.002,0
40.7777,-73.9489,0
40.7687,-73.9819,0
40.7559,-73.9921,0
40.7451,-73.9196,-1
40.7522,-73.9748,0
40.7741,-73.9807,0
40.7284,-73.989,0
40.7584,-73.9924,0
40.7303,-74.0069,0
40.8247,-73.9406,-1
40.7234,-73.9883,0
40.7751,-73.9898,0
40.6715,-73.9711,-1
40.7716,-73.9893,0
40.6757,-73.9548,-1
40.7796,-73.9835,0
40.7929,-73.9717,0
40.7287,-73.9953,0
40.7529,-73.9932,0
40.7275,-74.0085,0
40.7876,-73.9748,0
40.7752,-73.9537,0
40.7686,-73.8627,3
40.7349,-74.007,0
40.7275,-73.9794,0
40.7076,-74.0055,0
40.7709,-73.9488,0
40.7568,-73.9852,0
40.7412,-73.9788,0
40.7625,-73.9942,0
40.7876,-73.9712,0
40.7522,-73.9931,0
40.7522,-73.9931,0
40.7528,-73.9815,0
40.7404,-73.9794,0
40.7568,-73.9925,0
40.7734,-73.9621,0
40.767,-73.9627,0
40.7686,-73.8626,3
40.7507,-74.0022,0
40.766,-73.9177,-1
40.7076,-73.94,2
40.7255,-73.9936,0
40.7894,-73.9432,0
40.7707,-73.9818,0
40.777,-73.9631,0
40.7341,-73.9891,0
40.7684,-73.9636,0
40.7772,-73.9616,0
40.7444,-73.9557,-1
40.7252,-74.0015,0
40.7252,-74.0015,0
40.7894,-73.9755,0
40.772,-73.95,0
40.7652,-73.9777,0
40.7563,-73.8534,-1
40.7256,-73.9882,0
40.7106,-73.947,2
40.7726,-73.9455,0
40.7511,-73.9847,0
40.7507,-73.9869,0
40.7357,-73.9794,0
40.7074,-73.9675,2
40.7635,-73.924,-1
40.7769,-73.9769,0
40.7513,-73.9876,0
40.7602,-73.967,0
40.7398,-74.0062,0
40.7479,-73.9908,0
40.7613,-73.9577,0
40.7613,-73.9577,0
40.7379,-73.9827,0
40.7276,-74.0014,0
40.7559,-73.9828,0
40.7575,-73.973,0
40.7437,-73.9715,0
40.7613,-73.9669,0
40.7795,-73.9556,0
40.7362,-74.009,0
40.6602,-73.9984,-1
40.768,-73.9544,0
40.7227,-74.0036,0
40.734,-73.9889,0
40.6835,-73.955,-1
40.7577,-73.9695,0
40.7265,-74.0024,0
40.7351,-74.0016,0
40.7624,-73.9825,0
40.7444,-73.9804,0
40.7194,-74.0087,0
40.7728,-73.9477,0
40.778,-73.954,0
40.7595,-73.9943,0
40.7241,-73.9825,0
40.6828,-73.9421,-1
40.7877,-73.9678,0
40.7237,-74.0006,0
40.7652,-73.9615,0
40.7408,-74.0045,0
40.7356,-73.9794,0
40.7123,-73.9942,0
40.7386,-73.9976,0
40.72,-73.9875,0
40.7415,-74.0041,0
40.716,-74.0152,0
40.7664,-73.9782,0
40.7491,-73.9924,0
40.729,-73.9849,0
40.7323,-74.0078,0
40.7077,-73.9668,2
40.7368,-73.9889,0
40.7643,-73.9689,0
40.7933,-73.9404,0
40.7319,-73.9596,2
40.7368,-73.9787,0
40.7213,-73.9455,2
40.775,-73.9823,0
40.7645,-73.9784,0
40.7113,-74.0057,0
40.7299,-74.0068,0
40.7664,-73.9785,0
40.7293,-73.9798,0
40.7108,-73.9488,2
40.7197,-74.0001,0
40.7326,-73.9901,0
40.774,-73.8716,3
40.7265,-73.9844,0
40.8334,-73.9406,-1
40.7299,-73.9808,0
40.7685,-73.9617,0
40.8509,-73.9383,-1
40.7832,-73.9478,0
40.7826,-73.9554,0
40.7546,-73.9795,0
40.7084,-74.0047,0
40.7366,-73.9868,0
40.7584,-73.9863,0
40.7238,-73.9775,0
40.7552,-73.9812,0
40.7684,-73.9554,0
40.7453,-73.9839,0
40.7434,-73.98,0
40.7679,-73.9914,0
40.7638,-73.981,0
40.7704,-73.8651,3
40.7667,-73.9688,0
40.7386,-73.9915,0
40.7083,-73.9411,2
40.7721,-73.9555,0
40.7513,-73.9692,0
40.7715,-73.9637,0
40.7312,-73.9784,0
40.7746,-73.9581,0
40.7165,-74.0043,0
40.7362,-73.9934,0
40.7368,-73.8564,-1
40.6541,-73.9412,-1
40.742,-73.9827,0
40.745,-73.9787,0
40.779,-73.9519,0
40.7136,-73.9853,0
40.7105,-73.9658,2
40.7023,-74.0119,0
40.788,-73.9678,0
40.7778,-73.989,0
40.7493,-73.9788,0
40.7387,-74.0085,0
40.7609,-73.9866,0
40.7264,-73.9893,0
40.7904,-73.9675,0
40.7628,-73.9567,0
40.6994,-73.9204,-1
40.7172,-74.0121,0
40.7215,-73.9858,0
40.7059,-74.0105,0
40.715,-74.016,0
40.7629,-73.9702,0
40.755,-73.9979,0
40.7757,-73.9564,0
40.7152,-73.981,0
40.7395,-73.9955,0
40.7273,-73.9498,2
40.7756,-73.9838,0
40.7446,-73.973,0
40.7812,-73.9478,0
40.7261,-73.9917,0
40.7748,-73.99,0
40.7292,-74.0035,0
40.6717,-73.9718,-1
40.7791,-73.9539,0
40.6919,-73.9427,-1
40.7758,-73.9463,0
40.7818,-73.9531,0
40.7745,-73.9533,0
40.7442,-73.9745,0
40.7705,-73.9539,0
40.7263,-73.9841,0
40.7271,-73.9836,0
40.7655,-73.9624,0
40.7106,-73.9581,2
40.7218,-73.958,2
40.7332,-74.0099,0
40.7958,-73.9728,0
40.756,-73.9896,0
40.7378,-74.0082,0
40.7394,-73.9827,0
40.7774,-73.9752,0
40.7328,-74.0045,0
40.7309,-74.0048,0
40.7898,-73.9769,0
40.7614,-74.0,0
40.7547,-73.9896,0
40.695,-73.9309,-1
40.6963,-73.9962,1
40.7669,-73.9873,0
40.7817,-73.9791,0
40.7686,-73.8625,3
40.7733,-73.9542,0
40.7865,-73.9722,0
40.7116,-73.9537,2
40.7804,-73.9474,0
40.7478,-73.9894,0
40.7105,-73.9656,2
40.7456,-73.9935,0
40.7429,-73.9948,0
40.746,-73.9882,0
40.7793,-73.9476,0
40.7806,-73.9539,0
40.7008,-73.9932,0
40.7718,-73.9498,0
40.6477,-73.9695,-1
40.7413,-73.9848,0
40.7844,-73.9731,0
40.7856,-73.9727,0
40.7768,-73.9021,-1
40.7511,-73.9848,0
40.7346,-74.0092,0
40.7737,-73.9879,0
40.7605,-73.9837,0
40.6663,-73.9817,-1
40.734,-74.0043,0
40.7357,-73.9916,0
40.7227,-73.999,0
40.7303,-73.9759,0
40.7776,-73.9887,0
40.7255,-73.9894,0
40.7654,-73.995,0
40.7229,-73.994,0
40.7592,-73.986,0
40.7574,-73.9714,0
40.7096,-74.0178,0
40.7717,-73.9889,0
40.7354,-74.0084,0
40.7384,-73.9861,0
40.7328,-73.9938,0
40.7039,-74.0099,0
40.7923,-73.9752,0
40.7435,-73.9859,0
40.7461,-74.0076,0
40.7232,-73.9913,0
40.7484,-73.9924,0
40.8432,-73.9351,-1
40.7346,-74.0094,0
40.7488,-74.0026,0
40.7694,-73.9691,0
40.748,-73.9748,0
40.7195,-73.9888,0
40.6733,-73.9913,-1
40.774,-73.8719,3
40.7514,-74.0039,0
40.7685,-73.9658,0
40.7336,-73.9972,0
40.714,-74.0106,0
40.7545,-73.9954,0
40.7471,-74.0022,0
40.7618,-73.9788,0
40.7305,-73.9824,0
40.7701,-73.9673,0
40.7355,-74.0091,0
40.7686,-73.985,0
40.7731,-73.9542,0
40.7047,-74.007,0
40.7715,-73.9877,0
40.7222,-73.9839,0
40.7226,-73.9886,0
40.722,-73.9874,0
40.7822,-73.9579,0
40.7659,-73.9692,0
40.7164,-74.0166,0
40.7592,-73.9723,0
40.7536,-73.9865,0
40.7843,-73.9543,0
40.7185,-74.0105,0
40.7185,-74.0105,0
40.7631,-73.9791,0
40.6687,-73.9906,-1
40.7202,-74.0103,0
40.7198,-73.9622,2
40.7608,-73.9976,0
40.7759,-73.9472,0
40.7418,-74.0032,0
40.7625,-73.9651,0
40.7378,-73.9901,0
40.7229,-73.9881,0
40.7825,-73.9485,0
40.7688,-73.8672,3
40.6914,-73.9846,1
40.7784,-73.9744,0
40.7741,-73.9489,0
40.7585,-73.8344,-1
40.7841,-73.9738,0
40.7838,-73.9802,0
40.727,-73.9799,0
40.7615,-73.9702,0
40.7224,-74.0012,0
40.7401,-73.9946,0
40.7594,-73.9841,0
40.7846,-73.9478,0
40.7774,-73.9516,0
40.7006,-73.8968,-1
40.7768,-73.9597,0
40.7603,-73.968,0
40.7732,-73.9548,0
40.7599,-73.9964,0
40.718,-73.9896,0
40.7295,-73.9782,0
40.7256,-73.993,0
40.7278,-73.9461,2
40.7327,-73.9814,0
40.7763,-73.9502,0
40.7254,-74.0712,-1
40.7646,-73.9799,0
40.775,-73.9839,0
40.7466,-73.9844,0
40.7034,-73.9907,0
40.7458,-73.972,0
40.7472,-73.9828,0
40.7739,-73.9879,0
40.7431,-73.9913,0
40.7205,-73.9854,0
40.7933,-73.9673,0
40.8044,-73.9514,-1
40.7643,-73.9787,0
40.7284,-73.9819,0
40.7741,-73.9529,0
40.7325,-73.9798,0
40.7178,-74.0033,0
40.7383,-73.9837,0
40.7741,-73.9595,0
40.7784,-73.9457,0
40.7541,-73.9862,0
40.7324,-74.0076,0
40.7472,-73.9772,0
40.7072,-74.0072,0
40.7915,-73.9524,0
40.737,-73.9867,0
40.7631,-73.9936,0
40.7107,-73.9655,2
40.7224,-73.9981,0
40.7219,-73.9865,0
40.7457,-73.9988,0
40.7421,-74.0046,0
40.7612,-73.9989,0
40.7723,-73.9068,-1
40.7836,-73.9502,0
40.7219,-74.0041,0
40.7821,-73.9811,0
40.7206,-73.9945,0
40.7173,-74.0092,0
40.724,-73.9911,0
40.7672,-73.9558,0
40.6655,-73.986,-1
40.6578,-73.9513,-1
40.7295,-74.0044,0
40.6933,-73.9709,-1
40.7523,-73.9933,0
40.7846,-73.9699,0
40.6727,-73.9653,-1
40.7604,-73.9849,0
40.744,-74.0048,0
40.7196,-73.998,0
40.7591,-73.9943,0
40.7468,-73.9844,0
40.7318,-73.9875,0
40.7555,-73.9917,0
40.7608,-73.9939,0
40.7241,-73.9824,0
40.7676,-73.9925,0
40.7532,-73.9872,0
40.7257,-73.947,2
40.76,-73.9941,0
40.7594,-73.9869,0
40.756,-73.9919,0
40.727,-73.9781,0
40.8026,-73.9667,0
40.7833,-73.9746,0
40.7804,-73.9455,0
40.723,-73.9974,0
40.6837,-74.0028,1
40.7816,-73.9714,0
40.7703,-73.9914,0
40.7677,-73.992,0
40.7411,-73.9836,0
40.724,-73.9783,0
40.7099,-74.0069,0
40.6775,-73.9994,-1
40.7274,-73.8781,-1
40.7413,-73.9999,0
40.6856,-73.9562,-1
40.7665,-73.9784,0
40.7831,-73.9509,0
40.7237,-74.0108,0
40.7207,-73.9888,0
40.7591,-73.9858,0
40.7132,-73.9557,2
40.7701,-73.9631,0
40.7301,-73.9865,0
40.7598,-73.9765,0
40.7668,-73.9872,0
40.7911,-73.9756,0
40.7485,-74.0055,0
40.7585,-73.9918,0
40.7651,-73.9888,0
40.7752,-73.9773,0
40.7774,-73.9631,0
40.7391,-73.9972,0
40.7747,-73.9903,0
40.8333,-73.9407,-1
40.8027,-73.9396,-1
40.7664,-73.9684,0
40.7305,-74.0091,0
40.7022,-73.9273,-1
40.7658,-73.9629,0
40.7467,-73.9809,0
40.7307,-74.0006,0
40.7382,-74.0032,0
40.7537,-73.9785,0
40.7464,-73.9711,0
40.7237,-73.9838,0
40.7609,-73.9985,0
40.6935,-73.9462,-1
40.6333,-74.0241,-1
40.7164,-73.8451,-1
40.7669,-73.9819,0
40.764,-73.9848,0
40.7698,-73.9599,0
40.7525,-73.9896,0
40.7472,-73.9801,0
40.6887,-73.9851,1
40.7865,-73.9781,0
40.742,-73.9829,0
40.7284,-73.9835,0
40.7158,-74.0029,0
40.7249,-73.9806,0
40.774,-73.8726,3
40.7361,-73.9981,0
40.7405,-73.993,0
40.7247,-73.9945,0
40.7261,-74.0094,0
40.6881,-73.9672,-1
40.7754,-73.9539,0
40.7216,-74.0022,0
40.7572,-73.98,0
40.7147,-73.9568,2
40.6926,-73.9548,-1
40.7439,-73.9926,0
40.7777,-73.9888,0
40.7261,-74.0056,0
40.7238,-73.9414,2
40.7238,-73.9414,2
40.7379,-73.9964,0
40.7572,-73.9718,0
40.7397,-73.9867,0
40.6729,-73.9664,-1
40.6287,-73.988,-1
40.7649,-73.9815,0
40.732,-73.9865,0
40.6622,-73.9422,-1
40.7884,-73.9689,0
40.7244,-73.9943,0
40.7345,-74.0013,0
40.7168,-73.9894,0
40.7182,-73.998,0
40.7052,-74.0075,0
40.7244,-74.0021,0
40.724,-74.0032,0
40.762,-74.0006,0
40.7191,-73.9914,0
40.8121,-73.9513,-1
40.7639,-73.985,0
40.7611,-73.9283,-1
40.7829,-73.946,0
40.7787,-73.9779,0
40.7683,-73.968,0
40.7691,-73.985,0
40.7559,-73.9825,0
40.7386,-74.0034,0
40.7657,-73.9707,0
40.7957,-73.9693,0
40.7166,-74.0167,0
40.7567,-73.9669,0
40.7643,-73.9762,0
40.7722,-73.9799,0
40.7257,-73.9898,0
40.7164,-74.0079,0
40.7222,-73.9769,0
40.755,-73.9869,0
40.7649,-73.9783,0
40.7324,-73.9804,0
40.7415,-74.0049,0
40.7474,-73.9563,0
40.7707,-73.9567,0
40.678,-73.9613,-1
40.7368,-73.9889,0
40.7437,-73.9997,0
40.7021,-73.9847,0
40.7458,-73.9568,0
40.7154,-74.0104,0
40.7474,-73.9724,0
40.781,-73.9553,0
40.7599,-73.9226,-1
40.7645,-73.9814,0
40.7619,-73.9723,0
40.763,-73.992,0
40.7405,-73.9961,0
40.6848,-73.9158,-1
40.7377,-73.9801,0
40.8161,-73.9453,-1
40.7717,-73.9509,0
40.7166,-74.0148,0
40.6336,-73.9732,-1
40.7702,-73.9553,0
40.724,-73.9789,0
40.6807,-73.9979,1
40.7193,-74.0069,0
40.7647,-73.9833,0
40.7548,-73.8538,-1
40.7513,-73.994,0
40.7589,-73.9299,-1
40.7619,-73.9758,0
40.7662,-73.9607,0
40.7443,-73.9922,0
40.7182,-74.003,0
40.7182,-74.003,0
40.7741,-73.9453,0
40.7156,-73.9664,0
40.754,-73.9882,0
40.732,-74.0053,0
40.7217,-73.9874,0
40.7666,-73.9883,0
40.7341,-73.9779,0
40.7779,-73.9568,0
40.7665,-73.9713,0
40.7707,-73.9627,0
40.7693,-73.96,0
40.7833,-73.9818,0
40.7783,-73.949,0
40.7697,-73.984,0
40.7051,-74.0076,0
40.7248,-74.0006,0
40.7525,-73.978,0
40.7379,-74.0056,0
40.7613,-73.9993,0
40.7928,-73.9193,-1
40.7957,-73.9742,0
40.7307,-74.0033,0
40.7171,-73.984,0
40.7839,-73.9741,0
40.7246,-73.9821,0
40.7489,-73.9843,0
40.7616,-73.9924,0
40.7738,-73.9496,0
40.7759,-73.9763,0
40.7843,-73.9737,0
40.7036,-74.013,0
40.7411,-74.0022,0
40.7429,-74.0006,0
40.7169,-73.998,0
40.7898,-73.9772,0
40.7202,-73.9854,0
40.7358,-74.0008,0
40.7271,-73.9797,0
40.7358,-74.0008,0
40.7264,-74.0021,0
40.7516,-74.0033,0
40.7641,-73.9816,0
40.7407,-73.9819,0
40.765,-73.975,0
40.7586,-73.9926,0
40.7776,-73.975,0
40.7077,-73.9396,-1
40.7555,-73.9955,0
40.7329,-73.984,0
40.6831,-74.0036,-1
40.7726,-73.951,0
40.6873,-73.9978,1
40.7566,-73.9939,0
40.712,-74.0082,0
40.7584,-73.9652,0
40.7733,-73.9892,0
40.7528,-73.9773,0
40.7903,-73.9675,0
40.7605,-73.9638,0
40.7677,-73.9916,0
40.7786,-73.9511,0
40.6616,-73.9892,-1
40.771,-73.866,3
40.8156,-73.9384,-1
40.771,-73.866,3
40.7869,-73.9683,0
40.712,-73.9591,2
40.7733,-73.9624,0
40.7178,-74.0025,0
40.7607,-73.99,0
40.7833,-73.9551,0
40.7448,-73.9949,0
40.7451,-73.9892,0
40.7247,-73.9915,0
40.7634,-73.924,-1
40.7653,-73.9976,0
40.7652,-73.9917,0
40.7544,-73.9657,0
40.7778,-73.951,0
40.7634,-73.9924,0
40.675,-73.9977,-1
40.737,-73.9891,0
40.7463,-73.9719,0
40.7289,-73.9809,0
40.7438,-73.9714,0
40.7673,-73.9823,0
40.7343,-73.9803,0
40.7459,-73.9906,0
40.7771,-73.922,-1
40.7283,-73.9528,2
40.7452,-73.9956,0
40.7208,-73.9803,0
40.7645,-73.9699,0
40.765,-73.9888,0
40.7678,-73.9911,0
40.7255,-73.9896,0
40.7349,-73.9811,0
40.7532,-74.0038,0
40.724,-73.991,0
40.6837,-73.9789,1
40.7335,-74.0008,0
40.6819,-74.0041,-1
40.7157,-74.0094,0
40.7366,-74.0061,0
40.8048,-73.9413,-1
40.68,-73.9782,-1
40.7257,-73.9948,0
40.7717,-73.9893,0
40.7752,-73.961,0
40.7821,-73.9559,0
40.7661,-73.9777,0
40.7688,-73.9583,0
40.7554,-73.9949,0
40.7431,-73.9866,0
40.664,-73.9416,-1
40.7353,-74.001,0
40.7685,-73.8624,3
40.7139,-73.9418,2
40.7304,-73.9863,0
40.7156,-74.0157,0
40.7427,-73.9888,0
40.7219,-74.0072,0
40.7547,-73.9995,0
40.7112,-73.9617,2
40.7786,-73.9743,0
40.7789,-73.9541,0
40.7758,-73.9533,0
40.7215,-73.9988,0
40.6811,-74.0008,1
40.6949,-73.9475,-1
40.7546,-73.9831,0
40.7666,-73.952,0
40.758,-73.9793,0
40.6943,-73.9103,-1
40.7602,-73.9964,0
40.759,-73.9891,0
40.7367,-73.9974,0
40.7692,-73.983,0
40.6786,-73.9862,1
40.7266,-74.0037,0
40.7206,-73.9979,0
40.7451,-73.998,0
40.726,-73.9472,2
40.7425,-73.9995,0
40.6903,-73.912,-1
40.6436,-73.9687,-1
40.7254,-73.999,0
40.7216,-73.9845,0
40.7829,-73.9517,0
40.776,-73.9898,0
40.7306,-73.9832,0
40.7784,-73.9831,0
40.72,-74.0108,0
40.7257,-74.0054,0
40.7301,-73.9834,0
40.7106,-73.9877,0
40.7434,-73.9729,0
40.7692,-73.9814,0
40.7559,-73.9773,0
40.7676,-73.9927,0
40.764,-73.9587,0
40.7217,-73.9875,0
40.763,-73.9782,0
40.7325,-74.0077,0
40.7192,-73.9642,2
40.774,-73.8726,3
40.6723,-73.9788,-1
40.7969,-73.9738,0
40.7738,-73.8716,3
40.7671,-73.9877,0
40.7409,-73.9764,0
40.7468,-73.9961,0
40.7252,-73.9477,2
40.7796,-73.9499,0
40.6838,-73.9756,-1
40.7632,-73.9135,-1
40.6889,-73.9889,1
40.7569,-73.9824,0
40.7264,-73.9842,0
40.7299,-73.9792,0
40.7802,-73.9771,0
40.7631,-73.9919,0
40.798,-73.9712,0
40.7419,-73.9979,0
40.771,-73.8659,3
40.7398,-73.9922,0
40.7132,-73.9928,0
40.6867,-73.9845,1
40.7751,-73.9633,0
40.7152,-73.9565,2
40.7301,-73.9807,0
40.7479,-73.9811,0
40.7512,-73.994,0
40.7603,-73.9948,0
40.7628,-73.9823,0
40.7739,-73.8723,3
40.6338,-73.967,-1
40.776,-73.9528,0
40.7268,-73.983,0
40.7494,-73.9945,0
40.7614,-73.9713,0
40.7552,-73.9704,0
40.7917,-73.9784,0
40.7683,-73.984,0
40.74,-74.0023,0
40.7201,-73.9894,0
40.7501,-73.9917,0
40.7558,-73.9842,0
40.7659,-73.9888,0
40.7585,-73.9752,0
40.7603,-73.9613,0
40.7189,-73.9886,0
40.7427,-73.9598,-1
40.7451,-74.0039,0
40.7035,-74.0115,0
40.7056,-74.013,0
40.7158,-74.0061,0
40.7284,-73.9836,0
40.7819,-73.9813,0
40.7614,-73.9241,-1
40.7655,-73.9721,0
40.7091,-74.0162,0
40.7278,-74.0038,0
40.7564,-73.9942,0
40.7484,-74.0018,0
40.7534,-73.9872,0
40.724,-74.0033,0
40.8009,-73.9665,0
40.7303,-73.9805,0
40.7225,-74.004,0
40.768,-73.959,0
40.7404,-74.0039,0
40.7632,-73.9879,0
40.7748,-73.991,0
40.7472,-74.003,0
40.7264,-73.996,0
40.7732,-73.9783,0
40.7401,-73.9797,0
40.7896,-73.9774,0
40.7527,-73.9814,0
40.6925,-73.9599,-1
40.737,-73.9742,0
40.7465,-73.9972,0
40.7238,-74.0112,0
40.7771,-73.9595,0
40.778,-73.9802,0
40.7642,-73.9791,0
40.7495,-73.9798,0
40.7712,-73.8655,3
40.7551,-73.8725,-1
40.7615,-73.9944,0
40.7534,-73.9663,0
40.8158,-73.945,-1
40.7348,-73.999,0
40.7754,-73.9518,0
40.7209,-74.0102,0
40.7759,-73.9487,0
40.7026,-73.9939,0
40.7493,-73.9701,0
40.7413,-73.9845,0
40.7111,-73.9421,2
40.697,-73.9969,1
40.7208,-73.9889,0
40.7392,-73.9932,0
40.717,-74.0124,0
40.732,-74.0075,0
40.6979,-73.9678,-1
40.6806,-73.9746,-1
40.7122,-73.9639,2
40.7241,-73.9826,0
40.6604,-73.9843,-1
40.7469,-73.9962,0
40.7406,-74.0042,0
40.7738,-73.8718,3
40.7474,-74.0103,0
40.7388,-73.9876,0
40.6311,-74.0261,-1
40.7245,-73.8541,-1
40.7362,-73.998,0
40.7627,-73.9821,0
40.7753,-73.9768,0
40.7246,-74.0077,0
40.7499,-73.8909,-1
40.7747,-73.9583,0
40.7874,-73.974,0
40.7686,-73.8627,3
40.7567,-73.9722,0
40.7023,-73.9896,0
40.7685,-73.9886,0
40.7768,-73.989,0
40.7663,-73.9603,0
40.7663,-73.9603,0
40.7205,-73.9948,0
40.7263,-73.9899,0
40.7335,-74.0045,0
40.692,-73.9839,1
40.7216,-73.9977,0
40.7786,-73.9832,0
40.7436,-73.9887,0
40.7833,-73.9723,0
40.7329,-73.9814,0
40.7772,-73.9521,0
40.7535,-73.9833,0
40.7762,-73.9833,0
40.774,-73.9616,0
40.7427,-73.9566,-1
40.745,-73.9914,0
40.7522,-73.9992,0
40.7679,-73.9059,-1
40.7759,-73.9547,0
40.7757,-73.9563,0
40.7779,-73.9887,0
40.677,-73.9976,1
40.7716,-73.9565,0
40.7351,-74.0023,0
40.7602,-73.9833,0
40.7083,-73.9529,2
40.7327,-74.0092,0
40.7777,-73.9517,0
40.733,-74.0069,0
40.7512,-73.9907,0
40.7855,-73.9521,0
40.7741,-73.9596,0
40.7325,-73.9873,0
40.7325,-73.9873,0
40.7846,-73.9542,0
40.7488,-73.9801,0
40.78,-73.977,0
40.7926,-73.9752,0
40.7202,-73.9791,0
40.7367,-73.9889,0
40.7219,-73.9772,0
40.7617,-73.9575,0
40.7779,-73.9836,0
40.8256,-73.9412,-1
40.7111,-74.0058,0
40.7718,-73.9574,0
40.7558,-73.9719,0
40.7553,-73.9341,-1
40.7847,-73.9485,0
40.7359,-73.9852,0
40.7468,-73.9959,0
40.7249,-74.0017,0
40.7309,-73.9815,0
40.7624,-73.9854,0
40.7698,-73.9879,0
40.755,-73.9146,-1
40.782,-73.9559,0
40.7826,-73.9729,0
40.7454,-73.977,0
40.7323,-74.0079,0
40.7512,-73.9927,0
40.7531,-73.9813,0
40.741,-73.9959,0
40.6913,-73.9449,-1
40.7302,-74.0002,0
40.7717,-73.989,0
40.7726,-73.9454,0
40.799,-73.9405,-1
40.7256,-73.9825,0
40.722,-73.9873,0
40.7864,-73.9688,0
40.7151,-73.9813,0
40.6634,-73.9399,-1
40.7689,-73.9696,0
40.7107,-73.9671,2
40.7645,-73.9616,0
40.7914,-73.9738,0
40.7442,-73.9742,0
40.7301,-73.957,2
40.7505,-73.9946,0
40.7341,-73.9807,0
40.7327,-74.0033,0
40.7321,-74.0077,0
40.7516,-73.9939,0
40.7203,-73.9846,0
40.734,-73.9878,0
40.7654,-73.9641,0
40.7212,-73.9793,0
40.7464,-74.0027,0
40.7407,-73.989,0
40.7734,-73.9547,0
40.7252,-73.9547,2
40.7329,-73.99,0
40.7732,-73.8855,-1
40.7717,-73.9489,0
40.7338,-73.9806,0
40.7074,-74.0072,0
40.736,-73.9937,0
40.6226,-74.0279,-1
40.7216,-73.9929,0
40.764,-73.9886,0
40.7706,-73.9566,0
40.7676,-73.9594,0
40.73,-73.9852,0
40.7181,-73.8814,-1
40.7789,-73.985,0
40.7137,-74.0068,0
40.7651,-73.9629,0
40.7665,-73.9863,0
40.7272,-73.9498,2
40.7234,-73.9956,0
40.7743,-73.963,0
40.731,-73.9781,0
40.7255,-73.9896,0
40.7151,-73.99,0
40.7167,-74.0044,0
40.7428,-73.9983,0
40.7797,-73.9554,0
40.7412,-74.0014,0
40.7257,-73.9029,-1
40.7279,-73.9857,0
40.7031,-73.9852,0
40.7623,-73.97,0
40.7185,-73.9831,0
40.7436,-73.9507,-1
40.7604,-74.0029,0
40.7124,-73.8903,-1
40.716,-74.0151,0
40.7183,-73.9572,2
40.7821,-73.9791,0
40.7246,-74.0078,0
40.7317,-73.9902,0
40.7786,-73.9573,0
40.7792,-73.9826,0
40.7204,-73.9844,0
40.7234,-73.9956,0
40.7685,-73.8625,3
40.7479,-73.993,0
40.7167,-73.9635,2
40.7235,-74.0108,0
40.7891,-73.974,0
40.7565,-73.9895,0
40.7782,-73.9588,0
40.7738,-73.9548,0
40.7735,-73.949,0
40.714,-74.0102,0
40.7422,-73.9745,0
40.8128,-73.9436,-1
40.7777,-73.9518,0
40.7309,-74.0016,0
40.7581,-73.9891,0
40.778,-73.9588,0
40.7803,-73.9593,0
40.756,-73.9839,0
40.7358,-73.9926,0
40.7327,-73.9838,0
40.7327,-73.9838,0
40.7663,-73.9186,-1
40.714,-74.0145,0
40.7195,-73.9973,0
40.7297,-73.9809,0
40.7187,-73.9532,2
40.7628,-73.9809,0
40.7077,-74.007,0
40.6704,-73.9836,-1
40.7572,-73.977,0
40.7717,-73.9489,0
40.7807,-73.946,0
40.7596,-73.9945,0
40.7571,-73.985,0
40.7182,-74.0151,0
40.7805,-73.9475,0
40.7783,-73.9808,0
40.7239,-73.9911,0
40.7439,-74.0064,0
40.7777,-73.9888,0
40.731,-73.9889,0
40.7753,-73.9839,0
40.7798,-73.9739,0
40.7437,-73.9852,0
40.7299,-73.9792,0
40.7165,-74.0161,0
40.7151,-74.0066,0
40.7657,-73.9757,0
40.7642,-73.9585,0
40.7849,-73.9706,0
40.7256,-74.0056,0
40.7376,-74.0093,0
40.7358,-73.9794,0
40.7164,-74.0083,0
40.7312,-73.9819,0
40.6715,-73.9892,-1
40.708,-74.0101,0
40.7551,-73.9942,0
40.7147,-73.9382,2
40.779,-73.9561,0
40.7211,-74.0027,0
40.7306,-73.9805,0
40.7614,-73.9999,0
40.7659,-73.963,0
40.7684,-73.8623,3
40.7364,-73.9552,2
40.7783,-73.9485,0
40.7137,-73.9632,2
40.7504,-73.9831,0
40.7747,-73.9912,0
40.7481,-73.9807,0
40.7413,-74.0013,0
40.7485,-74.0058,0
40.7529,-73.9672,0
40.762,-73.9748,0
40.6901,-73.9494,-1
40.7268,-73.9957,0
40.7757,-73.9455,0
40.7697,-73.9681,0
40.761,-73.9985,0
40.7741,-73.8724,3
40.6977,-73.9309,-1
40.7172,-74.0047,0
40.7432,-73.986,0
40.6885,-73.9631,-1
40.7382,-73.9984,0
40.7227,-74.0088,0
40.7261,-73.9917,0
40.7375,-74.0053,0
40.7866,-73.9762,0
40.7324,-73.9969,0
40.7328,-73.9814,0
40.7031,-73.985,0
40.7763,-73.9878,0
40.7481,-74.0026,0
40.7485,-73.9384,-1
40.7169,-74.0123,0
40.7848,-73.9563,0
40.6954,-73.8429,-1
40.7344,-73.9918,0
40.7564,-73.983,0
40.8518,-73.9279,-1
40.77,-73.9591,0
40.7152,-73.9564,2
40.7828,-73.9554,0
40.746,-74.0053,0
40.7331,-73.9797,0
40.7767,-73.9436,0
40.7327,-73.9849,0
40.7782,-73.9782,0
40.7153,-73.9945,0
40.8522,-73.935,-1
40.7536,-73.9968,0
40.7185,-73.9853,0
40.7287,-73.9878,0
40.7287,-73.9878,0
40.7668,-73.9788,0
40.7475,-73.9744,0
40.7929,-73.9756,0
40.7142,-73.8413,-1
40.6796,-74.0103,-1
40.7415,-73.9938,0
40.7333,-74.0007,0
40.7595,-73.9872,0
40.7673,-73.9688,0
40.7276,-74.001,0
40.7684,-73.8623,3
40.7475,-73.9721,0
40.7322,-74.0021,0
40.7408,-73.9797,0
40.7609,-73.9802,0
40.7219,-73.9964,0
40.7159,-73.9932,0
40.6941,-73.9832,1
40.7746,-73.9883,0
40.7243,-73.9877,0
40.7546,-73.9718,0
40.7644,-73.9665,0
40.7395,-73.9959,0
40.7473,-74.0077,0
40.7403,-74.0013,0
40.7371,-73.9888,0
40.7742,-73.9615,0
40.7641,-73.9632,0
40.7651,-73.9752,0
40.712,-73.9415,2
40.7574,-73.9972,0
40.7683,-73.9593,0
40.7078,-74.0013,0
40.766,-73.9871,0
40.7565,-73.975,0
40.7783,-73.9768,0
40.7928,-73.9649,0
40.771,-73.9884,0
40.7415,-73.9872,0
40.7074,-74.0058,0
40.7407,-73.9795,0
40.7302,-73.9818,0
40.7801,-73.975,0
40.7522,-73.9899,0
40.7228,-74.0018,0
40.758,-73.9893,0
40.7557,-73.9753,0
40.7653,-73.9817,0
40.7364,-73.9988,0
40.7684,-73.9552,0
40.76,-73.9667,0
40.7747,-73.951,0
40.7804,-73.9766,0
40.7635,-73.9947,0
40.7704,-73.9573,0
40.8472,-73.9395,-1
40.7302,-73.992,0
40.7191,-73.9831,0
40.7516,-74.0035,0
40.7949,-73.9646,0
40.7438,-73.9837,0
40.747,-73.9224,-1
40.7435,-73.9585,-1
40.7505,-73.9792,0
40.7867,-73.9724,0
40.7686,-73.9695,0
40.7581,-73.9798,0
40.7308,-73.9807,0
40.7898,-73.9755,0
40.7312,-73.9913,0
40.7201,-73.9884,0
40.7761,-73.947,0
40.7711,-73.8661,3
40.6872,-73.91,-1
40.7188,-73.9534,2
40.7415,-74.0011,0
40.723,-73.9974,0
40.7546,-73.9991,0
40.745,-73.9859,0
40.745,-73.9859,0
40.7224,-73.9878,0
40.7678,-73.9916,0
40.7213,-73.9797,0
40.7179,-74.0058,0
40.6997,-73.9134,-1
40.74,-73.98,0
40.7389,-74.0089,0
40.7168,-73.9635,2
40.7189,-73.9925,0
40.7744,-73.9631,0
40.752,-73.9694,0
40.7315,-74.0068,0
40.7387,-73.9807,0
40.7443,-73.9937,0
40.7224,-73.9823,0
40.7459,-73.9571,0
40.759,-73.9942,0
40.7399,-74.006,0
40.7506,-73.8892,-1
40.7393,-73.9804,0
40.7511,-73.9786,0
40.7546,-73.9694,0
40.7739,-73.9611,0
40.7182,-73.9938,0
40.7253,-73.9834,0
40.7278,-73.9799,0
40.7766,-73.9606,0
40.765,-73.9782,0
40.738,-73.9886,0
40.782,-73.9817,0
40.7557,-73.9926,0
40.787,-73.9731,0
40.7369,-74.0095,0
40.7402,-73.9838,0
40.7617,-73.9854,0
40.7631,-73.9662,0
40.7279,-73.9849,0
40.7251,-73.981,0
40.7458,-73.9878,0
40.7766,-73.9567,0
40.7429,-73.9948,0
40.7793,-73.9471,0
40.7609,-73.9921,0
40.7204,-74.0085,0
40.7514,-73.9701,0
40.7322,-73.9798,0
40.761,-73.9991,0
40.7826,-73.9493,0
40.7495,-73.9945,0
40.7476,-73.9825,0
40.7412,-73.9997,0
40.7438,-74.0063,0
40.7382,-74.008,0
40.755,-73.9869,0
40.7302,-73.9929,0
40.7735,-73.9704,0
40.824,-73.8995,-1
40.7865,-73.9718,0
40.7824,-73.9849,0
40.7368,-74.0066,0
40.7733,-73.9466,0
40.7626,-73.97,0
40.7262,-73.9843,0
40.744,-73.9963,0
40.7843,-73.9532,0
40.7268,-73.9798,0
40.7304,-73.9863,0
40.7052,-74.0173,0
40.7273,-73.9788,0
40.6937,-73.9889,1
40.7484,-73.9997,0
40.793,-73.9675,0
40.7687,-73.9562,0
40.7504,-73.9737,0
40.7799,-73.9846,0
40.7798,-73.9763,0
40.735,-73.9971,0
40.7231,-73.8495,-1
40.7391,-73.9994,0
40.7282,-73.9791,0
40.7206,-74.0021,0
40.7635,-73.9631,0
40.7234,-74.0092,0
40.7462,-73.9799,0
40.7218,-73.9581,2
40.714,-73.9621,2
40.7562,-73.9865,0
40.7732,-73.9587,0
40.6921,-73.9956,1
40.7334,-74.0009,0
40.7592,-73.973,0
40.7782,-73.9556,0
40.7388,-74.0026,0
40.7671,-73.9786,0
40.7422,-73.9988,0
40.7152,-74.0159,0
40.7282,-73.9955,0
40.7779,-73.9887,0
40.7905,-73.9734,0
40.7366,-73.9888,0
40.765,-73.9917,0
40.7439,-73.9838,0
40.7692,-73.9548,0
40.7914,-73.9774,0
40.7331,-73.9755,0
40.7739,-73.8722,3
40.7388,-73.998,0
40.7791,-73.9578,0
40.7748,-73.9613,0
40.7562,-73.9712,0
40.7192,-74.0066,0
40.7356,-73.9753,0
40.758,-73.9621,0
40.7757,-73.9465,0
40.7407,-73.9814,0
40.7169,-74.0144,0
40.7786,-73.9478,0
40.739,-73.9833,0
40.7404,-73.9867,0
40.7587,-73.991,0
40.7645,-73.9688,0
40.7606,-73.9836,0
40.7365,-73.9969,0
40.7429,-73.9808,0
40.7311,-73.9904,0
40.7749,-73.9784,0
40.7116,-73.987,0
40.7327,-73.9937,0
40.7746,-73.9592,0
40.6918,-73.9716,-1
40.7356,-74.0029,0
40.7497,-73.9107,-1
40.6771,-74.0132,-1
40.7357,-74.0083,0
40.7843,-73.9739,0
40.7298,-73.9931,0
40.7782,-73.9782,0
40.7779,-73.9747,0
40.7632,-73.9807,0
40.7395,-74.0277,-1
40.7395,-74.0277,-1
40.742,-73.9909,0
40.7923,-73.9644,0
40.6897,-73.9655,-1
40.756,-73.9634,0
40.7861,-73.9784,0
40.7251,-73.9774,0
40.7246,-73.9925,0
40.7645,-73.9475,0
40.7255,-74.0057,0
40.6776,-73.9482,-1
40.777,-73.9863,0
40.7632,-73.9779,0
40.7487,-74.0034,0
40.7376,-73.9895,0
40.759,-73.9727,0
40.757,-73.9819,0
40.7266,-74.0026,0
40.7237,-74.0109,0
40.7581,-73.9773,0
40.7653,-73.9754,0
40.7658,-73.9719,0
40.7369,-73.9867,0
40.7719,-73.9558,0
40.7553,-73.9779,0
40.7622,-73.9715,0
40.7722,-73.9523,0
40.7471,-74.0045,0
40.6747,-73.9631,-1
40.7547,-73.9717,0
40.7417,-73.9839,0
40.7163,-73.9904,0
40.718,-74.007,0
40.7461,-73.9181,-1
40.7619,-74.0206,-1
40.7683,-73.9147,-1
40.773,-73.9764,0
40.7791,-73.9823,0
40.7344,-73.9823,0
40.7417,-73.9746,0
40.7811,-73.9553,0
40.7653,-73.9752,0
40.7628,-73.9827,0
40.7196,-73.9898,0
40.6475,-74.0098,-1
40.7928,-73.9673,0
40.7262,-73.9917,0
40.7506,-73.9726,0
40.7672,-73.9534,0
40.7568,-73.9928,0
40.7717,-73.9794,0
40.7349,-73.989,0
40.7719,-73.9525,0
40.738,-73.9921,0
40.7287,-73.9935,0
40.7708,-73.963,0
40.7522,-73.9852,0
40.7527,-73.9796,0
40.7705,-73.8653,3
40.7474,-73.9779,0
40.7323,-73.9966,0
40.7679,-73.9312,-1
40.6672,-73.9879,-1
40.7528,-73.9659,0
40.7342,-73.9754,0
40.7502,-73.9949,0
40.7064,-73.9337,-1
40.7703,-73.9621,0
40.7978,-73.9711,0
40.7197,-74.0101,0
40.7161,-74.0102,0
40.7642,-73.9888,0
40.7325,-73.9951,0
40.6941,-73.9834,1
40.7582,-73.9921,0
40.7644,-73.9632,0
40.7296,-73.9863,0
40.7335,-74.001,0
40.752,-73.9732,0
40.7232,-73.9912,0
40.7062,-74.0163,0
40.7449,-74.0015,0
40.7456,-73.9945,0
40.7319,-74.0051,0
40.7797,-73.9482,0
40.7641,-73.9804,0
40.7235,-73.9849,0
40.788,-73.9766,0
40.7153,-74.0073,0
40.7559,-73.9728,0
40.7747,-73.9582,0
40.7279,-73.9882,0
40.7674,-73.9611,0
40.7301,-73.9558,2
40.7507,-73.9738,0
40.7559,-73.992,0
40.7744,-73.981,0
40.7695,-73.9648,0
40.7557,-73.9729,0
40.7555,-73.9688,0
40.726,-73.9982,0
40.6973,-73.9926,1
40.7137,-74.0119,0
40.7506,-73.974,0
40.7499,-73.972,0
40.7394,-73.9901,0
40.726,-74.0008,0
40.7166,-74.0146,0
40.7105,-74.0175,0
40.7782,-73.9126,-1
40.7764,-73.9761,0
40.7639,-73.9795,0
40.7317,-74.0071,0
40.6961,-73.9678,-1
40.7694,-73.9812,0
40.7282,-73.9832,0
40.7077,-74.0136,0
40.716,-73.9913,0
40.7632,-73.9921,0
40.7371,-74.0022,0
40.7664,-73.9621,0
40.7949,-73.9718,0
40.7151,-74.0021,0
40.7912,-73.9516,0
40.7296,-73.975,0
40.7268,-73.9834,0
40.7305,-73.9761,0
40.7944,-73.9713,0
40.7253,-73.9994,0
40.7249,-73.9397,2
40.774,-73.8725,3
40.7318,-73.9901,0
40.7213,-73.9818,0
40.7745,-73.9795,0
40.7628,-73.982,0
40.7807,-73.9784,0
40.7758,-73.9604,0
40.7619,-73.9796,0
40.7542,-73.9958,0
40.7612,-73.9779,0
40.7565,-73.9815,0
40.8061,-73.9426,-1
40.7595,-73.9956,0
40.7259,-74.0052,0
40.7118,-74.0068,0
40.746,-73.9841,0
40.7481,-73.9914,0
40.7274,-74.0016,0
40.7326,-73.9936,0
40.7408,-74.0077,0
40.7615,-73.9697,0
40.7325,-73.9801,0
40.7468,-73.9787,0
40.7325,-73.9992,0
40.8003,-73.9591,0
40.8025,-73.9645,0
40.7307,-73.9778,0
40.7423,-73.9526,-1
40.7741,-73.8725,3
40.7357,-74.0028,0
40.7304,-73.9797,0
40.7334,-74.005,0
40.721,-73.9976,0
40.7244,-73.9997,0
40.6669,-73.9815,-1
40.7653,-73.9712,0
40.7741,-73.8722,3
40.676,-73.9563,-1
40.6328,-73.9786,-1
40.7306,-73.9802,0
40.7638,-73.9813,0
40.7638,-73.9813,0
40.7402,-73.9805,0
40.7541,-73.9763,0
40.6352,-74.034,-1
40.7739,-73.8722,3
40.7774,-73.9885,0
40.7506,-73.9739,0
40.7766,-73.9486,0
40.715,-74.0063,0
40.7765,-73.9796,0
40.6963,-73.9832,1
40.6714,-73.9597,-1
40.7125,-73.8515,-1
40.7663,-73.9859,0
40.6657,-73.9807,-1
40.7836,-73.9842,0
40.7351,-73.9891,0
40.7561,-73.9694,0
40.7251,-73.9874,0
40.7325,-73.9828,0
40.7641,-73.9153,-1
40.788,-73.9777,0
40.7214,-74.0088,0
40.7578,-73.9751,0
40.7325,-73.9762,0
40.7615,-74.0,0
40.7645,-73.9831,0
40.7788,-73.9878,0
40.7381,-74.0058,0
40.7553,-73.991,0
40.7795,-73.9878,0
40.7163,-74.0149,0
40.7617,-73.984,0
40.7613,-73.9988,0
40.705,-74.008,0
40.7376,-73.9799,0
40.7269,-73.9836,0
40.7448,-73.9952,0
40.7169,-73.9577,2
40.7827,-73.9813,0
40.721,-74.0099,0
40.7429,-74.0077,0
40.7493,-73.9943,0
40.7666,-73.9882,0
40.7282,-73.9849,0
40.7238,-73.9964,0
40.7699,-73.9631,0
40.6635,-73.9893,-1
40.7951,-73.966,0
40.7973,-73.9605,0
40.7494,-74.0301,-1
40.6641,-73.9844,-1
40.7682,-73.9835,0
40.7679,-73.9915,0
40.655,-73.9585,-1
40.7346,-73.9938,0
40.7322,-73.9923,0
40.7347,-73.9997,0
40.765,-73.9783,0
40.7856,-73.9696,0
40.7661,-73.9888,0
40.6736,-73.9665,-1
40.6945,-73.9961,1
40.7472,-74.0044,0
40.7286,-73.9857,0
40.7174,-73.9982,0
40.787,-73.9793,0
40.7426,-73.9806,0
40.7355,-73.9982,0
40.7679,-73.9915,0
40.7797,-73.9576,0
40.7556,-73.986,0
40.7552,-73.9775,0
40.7291,-74.0452,-1
40.7383,-74.0096,0
40.7389,-74.0088,0
40.7491,-73.9918,0
40.726,-73.9889,0
40.7333,-74.0086,0
40.7641,-73.9795,0
40.7861,-73.981,0
40.7653,-73.9627,0
40.7326,-74.0096,0
40.7451,-73.9548,-1
40.6734,-73.9746,-1
40.7654,-73.9183,-1
40.768,-73.9916,0
40.7665,-73.9784,0
40.6856,-73.9693,-1
40.7681,-73.9856,0
40.7111,-74.0063,0
40.7511,-73.9683,0
40.74,-73.9824,0
40.775,-73.9897,0
40.7586,-73.9867,0
40.6877,-73.9701,-1
40.7708,-73.9917,0
40.7154,-74.0093,0
40.7596,-73.9853,0
40.7141,-73.9596,2
40.7787,-73.9624,0
40.7385,-73.995,0
40.7449,-74.0025,0
40.7406,-73.982,0
40.7597,-73.9855,0
40.729,-73.9884,0
40.6742,-74.0126,-1
40.6612,-73.8318,-1
40.7741,-73.9625,0
40.7404,-73.9863,0
40.7818,-73.981,0
40.7879,-73.9769,0
40.6956,-73.9563,-1
40.7472,-73.9897,0
40.7326,-73.9813,0
40.7673,-73.9901,0
40.7611,-73.9908,0
40.7485,-73.9891,0
40.6972,-73.9923,1
40.787,-73.9735,0
40.7637,-73.9851,0
40.7342,-73.9775,0
40.6943,-73.9519,-1
40.7683,-73.9569,0
40.7851,-73.9728,0
40.7851,-73.9728,0
40.7319,-73.9579,2
40.7302,-73.9865,0
40.7255,-73.9928,0
40.6253,-73.9208,-1
40.7476,-73.9823,0
40.7162,-73.9991,0
40.7285,-73.9997,0
40.7456,-74.0084,0
40.7059,-74.0084,0
40.7148,-73.9649,2
40.7703,-73.9517,0
40.7848,-73.9821,0
40.7369,-73.9804,0
40.7671,-73.9839,0
40.7461,-73.9786,0
40.7378,-73.981,0
40.7246,-73.9815,0
40.7247,-74.01,0
40.6717,-73.9724,-1
40.7623,-73.9722,0
40.7023,-73.9932,0
40.7229,-73.9833,0
40.7451,-74.0,0
40.7741,-73.8726,3
40.7651,-73.9889,0
40.7677,-73.9533,0
40.7335,-73.9907,0
40.7739,-73.8726,3
40.7396,-74.0026,0
40.7505,-73.9808,0
40.6756,-74.0003,-1
40.7544,-73.9927,0
40.7524,-73.9674,0
40.7451,-73.9977,0
40.7732,-73.952,0
40.7642,-73.9632,0
40.737,-74.0037,0
40.7514,-73.9834,0
40.767,-73.9893,0
40.6777,-73.9601,-1
40.7831,-73.9489,0
40.7739,-73.9659,0
40.7171,-74.0141,0
40.7783,-73.9467,0
40.7577,-73.982,0
40.771,-73.9832,0
40.718,-73.9903,0
40.7802,-73.9817,0
40.7677,-73.9927,0
40.7157,-74.0152,0
40.6454,-73.9697,-1
40.7452,-73.9883,0
40.7297,-73.9807,0
40.7718,-73.9512,0
40.7847,-73.9541,0
40.7168,-73.9513,2
40.6469,-73.978,-1
40.7305,-74.0095,0
40.7838,-73.9567,0
40.6816,-73.9577,-1
40.7706,-73.9856,0
40.7784,-73.9817,0
40.72,-73.9879,0
40.6876,-73.9845,1
40.7733,-73.9664,0
40.6724,-73.94,-1
40.7842,-73.9703,0
40.7612,-73.9691,0
40.6371,-73.9695,-1
40.7071,-74.017,0
40.7478,-73.9851,0
40.7305,-73.9585,2
40.6735,-73.973,-1
40.7954,-73.976,0
40.6653,-73.9229,-1
40.8008,-73.9693,0
40.676,-73.9774,-1
40.7579,-73.9167,-1
40.7679,-73.9916,0
40.7768,-73.9598,0
40.7026,-73.989,0
40.7474,-73.9811,0
40.7327,-73.9836,0
40.7693,-73.9846,0
40.718,-73.9639,2
40.7114,-74.0054,0
40.7466,-73.9916,0
40.7561,-73.8254,-1
40.7718,-73.9512,0
40.7472,-73.9779,0
40.7704,-73.8651,3
40.7825,-73.9595,0
40.7651,-73.9782,0
40.7666,-73.9784,0
40.7292,-73.9518,2
40.7475,-74.0007,0
40.6551,-73.975,-1
40.708,-74.0081,0
40.7687,-73.8628,3
40.7747,-73.9601,0
40.7601,-73.9964,0
40.7857,-73.9785,0
40.7375,-74.0572,-1
40.7602,-73.9697,0
40.7678,-73.9916,0
40.7402,-73.9946,0
40.7422,-73.9989,0
40.7587,-73.9911,0
40.6919,-73.992,1
40.7128,-73.9513,2
40.7758,-73.9829,0
40.7233,-73.9913,0
40.7236,-73.9881,0
40.7242,-74.0033,0
40.7222,-73.9838,0
40.7298,-73.9778,0
40.779,-73.9826,0
40.772,-73.9557,0
40.7587,-73.9869,0
40.7154,-74.0073,0
40.7537,-73.9927,0
40.7843,-73.9767,0
40.7663,-73.9916,0
40.7484,-74.0055,0
40.7646,-73.9956,0
40.7324,-73.9947,0
40.7757,-73.9809,0
40.7741,-74.0412,-1
40.7607,-73.9665,0
40.7306,-74.0091,0
40.7679,-73.9914,0
40.7203,-74.0,0
40.7772,-73.9499,0
40.7583,-73.9601,0
40.7575,-73.974,0
40.7459,-73.9922,0
40.7605,-73.973,0
40.7525,-73.9745,0
40.7648,-73.9781,0
40.7325,-73.9769,0
40.7267,-73.9832,0
40.7537,-73.981,0
40.727,-73.9783,0
40.7571,-73.9629,0
40.7311,-73.982,0
40.6733,-73.9825,-1
40.6605,-73.9802,-1
40.7841,-73.9825,0
40.7752,-73.9591,0
40.773,-73.9522,0
40.7312,-73.9755,0
40.6743,-73.9618,-1
40.7784,-73.9587,0
40.7417,-73.976,0
40.6949,-73.9831,1
40.7506,-73.9859,0
40.7025,-73.9942,0
40.7443,-73.9833,0
40.7829,-73.9555,0
40.7769,-73.9513,0
40.7401,-74.0033,0
40.742,-73.9907,0
40.7444,-73.9751,0
40.7304,-73.9577,2
40.7908,-73.9724,0
40.7505,-73.986,0
40.7558,-73.9717,0
40.7558,-73.9717,0
40.7646,-73.9828,0
40.7901,-73.9752,0
40.7507,-73.9717,0
40.7209,-73.9791,0
40.7857,-73.9804,0
40.7272,-73.9796,0
40.7203,-73.9633,2
40.7926,-73.951,0
40.7451,-73.9785,0
40.7825,-73.9766,0
40.7243,-74.0014,0
40.7627,-73.9783,0
40.7257,-73.9388,2
40.6748,-73.9742,-1
40.7201,-74.0,0
40.7604,-73.9804,0
40.7585,-73.9863,0
40.7925,-73.9735,0
40.7178,-73.9904,0
40.7658,-73.9705,0
40.7206,-73.9834,0
40.6816,-73.962,-1
40.7431,-73.9925,0
40.7591,-73.9641,0
40.775,-73.9608,0
40.7324,-73.9878,0
40.748,-73.985,0
40.7732,-73.9646,0
40.7569,-73.9814,0
40.6514,-73.9637,-1
40.716,-73.9982,0
40.7524,-73.9934,0
40.72,-74.0002,0
40.7706,-73.8654,3
40.7565,-73.9675,0
40.6945,-73.9671,-1
40.7347,-73.9863,0
40.7649,-73.968,0
40.7865,-73.9758,0
40.7479,-74.0067,0
40.7429,-73.9808,0
40.7044,-74.0089,0
40.7504,-73.9856,0
40.6913,-73.9896,1
40.7097,-74.0082,0
40.6965,-73.9584,-1
40.7306,-73.9922,0
40.7524,-73.9674,0
40.7432,-73.9718,0
40.7198,-74.0029,0
40.6725,-73.986,-1
40.7748,-73.9884,0
40.7137,-73.9791,0
40.7637,-73.9695,0
40.7706,-73.8671,3
40.7798,-73.9763,0
40.7812,-73.9567,0
40.7434,-73.9575,-1
40.7172,-73.9628,2
40.7302,-73.9758,0
40.7658,-73.9908,0
40.7465,-73.9911,0
40.7256,-73.988,0
40.7462,-73.972,0
40.7701,-73.8647,3
40.7776,-73.9511,0
40.7273,-73.9843,0
40.7072,-74.0067,0
40.7467,-73.9917,0
40.7434,-73.9819,0
40.7401,-74.0059,0
40.7394,-73.9974,0
40.6851,-73.9776,-1
40.7134,-74.0069,0
40.7842,-73.9788,0
40.746,-74.0018,0
40.7622,-73.9821,0
40.7289,-73.9844,0
40.7337,-73.9771,0
40.7433,-74.0064,0
40.7241,-74.0094,0
40.7026,-74.0133,0
40.765,-73.9634,0
40.7236,-74.0108,0
40.7444,-73.9751,0
40.7516,-73.9901,0
40.7547,-73.9637,0
40.7428,-74.0038,0
40.7277,-73.9833,0
40.7646,-73.9804,0
40.7579,-73.9894,0
40.7398,-73.9952,0
40.7583,-73.989,0
40.7376,-73.9804,0
40.7198,-74.0102,0
40.7879,-73.9675,0
40.7506,-73.9986,0
40.7776,-73.9769,0
40.7094,-74.0139,0
40.7715,-73.9563,0
40.6932,-73.9999,1
40.8087,-73.9522,-1
40.7716,-73.9888,0
40.7812,-73.946,0
40.736,-73.9996,0
40.774,-73.8725,3
40.706,-74.0088,0
40.7807,-73.9542,0
40.7899,-73.946,0
40.7286,-73.984,0
40.7991,-73.9406,-1
40.7252,-73.9889,0
40.6667,-73.9416,-1
40.7255,-73.9896,0
40.7602,-73.9951,0
40.7743,-73.9484,0
40.6939,-73.9915,1
40.7452,-73.9785,0
40.7616,-73.9998,0
40.7805,-73.9465,0
40.7583,-73.9602,0
40.7736,-73.9815,0
40.7346,-73.9834,0
40.738,-73.9964,0
40.7288,-73.9806,0
40.7075,-74.0012,0
40.7584,-73.959,0
40.7262,-73.9928,0
40.7301,-73.9554,2
40.7253,-74.0092,0
40.7306,-74.0005,0
40.7387,-73.9977,0
40.7713,-73.9877,0
40.7762,-73.9477,0
40.7775,-73.9808,0
40.6568,-73.9621,-1
40.7287,-73.9953,0
40.7591,-73.9948,0
40.7333,-73.991,0
40.7245,-73.9819,0
40.7519,-74.0018,0
40.7552,-73.9737,0
40.7739,-73.8714,3
40.7506,-74.0033,0
40.8146,-73.9591,-1
40.7264,-74.0049,0
40.7747,-73.9499,0
40.7664,-73.9783,0
40.6794,-73.9384,-1
40.7356,-74.0036,0
40.7321,-74.0013,0
40.7528,-73.9815,0
40.7482,-74.0039,0
40.7805,-73.9528,0
40.7725,-73.9813,0
40.7363,-73.9829,0
40.775,-73.9033,-1
40.7163,-73.9878,0
40.7331,-73.9958,0
40.7646,-73.8719,3
40.7355,-74.0006,0
40.7218,-73.9836,0
40.6847,-74.0012,1
40.721,-74.0042,0
40.7406,-73.9796,0
40.7506,-73.9921,0
40.7217,-73.9993,0
40.7164,-73.9475,2
40.7051,-74.0081,0
40.7437,-73.9724,0
40.7638,-73.9888,0
40.7783,-73.9789,0
40.7468,-73.9961,0
40.6545,-73.9443,-1
40.7556,-73.982,0
40.7418,-73.9561,-1
40.7418,-73.9561,-1
40.7564,-73.994,0
40.7057,-74.0094,0
40.7157,-73.9913,0
40.6915,-73.9845,1
40.7963,-73.9498,0
40.7784,-73.953,0
40.7752,-73.9633,0
40.7511,-74.0039,0
40.7349,-73.9799,0
40.7249,-73.9919,0
40.7269,-73.9505,2
40.7253,-74.0507,-1
40.7476,-73.9769,0
40.7316,-74.0049,0
40.7378,-73.9937,0
40.7435,-73.9799,0
40.6915,-73.9841,1
40.7702,-73.9553,0
40.7328,-74.0079,0
40.7626,-73.9964,0
40.7659,-73.9871,0
40.7692,-73.9829,0
40.7779,-73.9568,0
40.7368,-73.9859,0
40.764,-73.974,0
40.7706,-73.8654,3
40.7449,-74.0025,0
40.7521,-73.9891,0
40.7552,-73.9943,0
40.7434,-73.9786,0
40.757,-73.9725,0
40.7233,-73.9955,0
40.7804,-73.985,0
40.787,-73.9778,0
40.7349,-74.0075,0
40.7651,-73.9614,0
40.7449,-73.9988,0
40.7299,-73.9748,0
40.7498,-73.9791,0
40.7192,-73.985,0
40.7076,-73.9614,2
40.7331,-73.9754,0
40.767,-73.9837,0
40.7104,-74.0054,0
40.6381,-74.0339,-1
40.7067,-74.0069,0
40.7445,-73.9842,0
40.7606,-74.0028,0
40.7776,-73.9768,0
40.7071,-74.0165,0
40.6572,-73.9742,-1
40.7415,-73.9974,0
40.7664,-73.923,-1
40.7678,-73.966,0
40.7336,-73.9901,0
40.7641,-73.9585,0
40.7495,-73.9829,0
40.8009,-73.9652,0
40.7142,-73.9623,2
40.7407,-74.0054,0
40.6765,-73.9585,-1
40.7273,-74.0062,0
40.6686,-73.978,-1
40.7717,-73.9793,0
40.7717,-73.9793,0
40.7436,-73.9884,0
40.7218,-73.958,2
40.7136,-73.9774,0
40.6914,-73.9875,1
40.7365,-73.9785,0
40.7674,-73.9537,0
40.7227,-73.9982,0
40.7748,-73.9644,0
40.7769,-73.9552,0
40.7368,-73.9931,0
40.7071,-74.013,0
40.7776,-73.9463,0
40.6735,-73.9726,-1
40.7367,-73.9891,0
40.7435,-73.9577,-1
40.8079,-73.9535,-1
40.6666,-73.9606,-1
40.7274,-73.981,0
40.7185,-73.9977,0
40.7283,-73.9869,0
40.684,-74.0056,-1
40.7311,-73.988,0
40.7779,-73.9892,0
40.777,-73.9823,0
40.6806,-73.9496,-1
40.7525,-73.9929,0
40.7428,-74.0076,0
40.7123,-73.9458,2
40.7405,-74.004,0
40.6839,-73.932,-1
40.7099,-74.0146,0
40.7146,-73.9384,2
40.7678,-73.9915,0
40.7193,-73.9938,0
40.7746,-73.964,0
40.7373,-73.9793,0
40.727,-74.0032,0
40.709,-74.013,0
40.7674,-73.9902,0
40.6913,-73.9555,-1
40.7765,-73.9898,0
40.7616,-73.9686,0
40.7728,-73.9475,0
40.7021,-74.0117,0
40.7707,-73.9527,0
40.7689,-73.952,0
40.731,-73.9914,0
40.7133,-74.0114,0
40.7658,-73.971,0
40.7388,-74.0027,0
40.7559,-73.9827,0
40.7466,-73.9917,0
40.7483,-74.0035,0
40.7568,-73.9976,0
40.7423,-73.9952,0
40.707,-74.0053,0
40.729,-73.985,0
40.7903,-73.9751,0
40.7696,-73.9872,0
40.7874,-73.9789,0
40.7544,-73.9772,0
40.7595,-73.9857,0
40.7482,-73.9741,0
40.7438,-73.9776,0
40.7279,-74.0019,0
40.7495,-73.9794,0
40.7753,-73.9768,0
40.735,-73.9867,0
40.7679,-73.9914,0
40.7241,-73.9882,0
40.7544,-73.9925,0
40.774,-73.8724,3
40.8018,-73.9651,0
40.7566,-73.974,0
40.7271,-73.9785,0
40.7647,-73.9647,0
40.7698,-73.864,3
40.7625,-73.978,0
40.6613,-73.955,-1
40.7439,-73.9742,0
40.7631,-73.9881,0
40.6925,-73.931,-1
40.6815,-73.9812,1
40.7106,-73.9665,2
40.7801,-73.944,0
40.764,-73.9812,0
40.7288,-73.9884,0
40.7331,-73.9754,0
40.7788,-73.9881,0
40.7597,-73.9228,-1
40.7773,-73.9461,0
40.7681,-73.9545,0
40.7754,-73.9797,0
40.7171,-74.0047,0
40.7713,-73.9563,0
40.7459,-73.9724,0
40.7416,-73.9972,0
40.751,-73.9799,0
40.7741,-73.872,3
40.77,-73.8646,3
40.7581,-73.9598,0
40.6961,-73.9962,1
40.761,-73.9832,0
40.6863,-73.9701,-1
40.7744,-73.9634,0
40.7203,-74.0005,0
40.7699,-73.8645,3
40.7369,-74.0036,0
40.7228,-73.9941,0
40.774,-73.8723,3
40.6893,-73.9992,1
40.7689,-73.952,0
40.7573,-73.9842,0
40.7571,-73.9282,-1
40.7193,-73.9878,0
40.7687,-73.9935,0
40.7712,-73.9521,0
40.7191,-73.9907,0
40.7652,-73.9618,0
40.7358,-73.9872,0
40.7991,-73.9594,0
40.7268,-73.9963,0
40.734,-73.9882,0
40.7742,-73.8714,3
40.7351,-73.9943,0
40.7279,-73.984,0
40.7257,-73.9976,0
40.7676,-73.9926,0
40.7406,-74.0004,0
40.8097,-73.9513,-1
40.8052,-73.9548,-1
40.7917,-73.9758,0
40.7558,-73.9761,0
40.6603,-73.9479,-1
40.7383,-73.997,0
40.7229,-73.9827,0
40.7273,-73.9886,0
40.7024,-73.9854,0
40.7742,-73.9554,0
40.7367,-73.9885,0
40.7715,-73.9821,0
40.7197,-74.0003,0
40.767,-73.9536,0
40.7465,-73.9717,0
40.6554,-73.9606,-1
40.7269,-73.9546,2
40.7438,-73.9883,0
40.758,-73.9658,0
40.7436,-74.0065,0
40.7899,-73.9784,0
40.7381,-74.0034,0
40.7329,-73.9756,0
40.757,-73.9731,0
40.7361,-73.9805,0
40.7274,-74.0055,0
40.7209,-74.0051,0
40.7348,-74.0039,0
40.7154,-73.9634,2
40.7869,-73.9726,0
40.7079,-74.0103,0
40.7586,-73.9863,0
40.7572,-73.9833,0
40.729,-73.9991,0
40.7634,-73.9804,0
40.7577,-73.9722,0
40.7669,-73.9824,0
40.6817,-73.9767,-1
40.7034,-73.9896,0
40.7497,-73.9855,0
40.7512,-73.9941,0
40.7284,-73.9996,0
40.7702,-73.9804,0
40.7702,-73.9804,0
40.7268,-73.9888,0
40.6853,-73.9865,1
40.634,-74.035,-1
40.6839,-73.9315,-1
40.7323,-73.999,0
40.7219,-74.0072,0
40.7686,-73.8625,3
40.7675,-73.9673,0
40.723,-73.9974,0
40.7493,-73.9925,0
40.7917,-73.9707,0
40.7286,-73.9856,0
40.7437,-74.0064,0
40.7257,-74.0053,0
40.7754,-73.9557,0
40.6644,-73.9888,-1
40.6873,-73.9977,1
40.7221,-74.0104,0
40.7201,-73.9956,0
40.756,-73.9728,0
40.7375,-74.005,0
40.7373,-73.9851,0
40.7354,-74.0093,0
40.7125,-73.9518,2
40.7644,-73.9688,0
40.7654,-73.9792,0
40.7236,-74.0015,0
40.8115,-73.9445,-1
40.678,-73.9655,-1
40.7122,-73.9945,0
40.6691,-73.9413,-1
40.7022,-73.9828,0
40.7581,-73.9729,0
40.7741,-73.8714,3
40.721,-73.9911,0
40.7716,-73.9628,0
40.7183,-74.0148,0
40.7639,-73.956,0
40.7868,-73.9725,0
40.8509,-73.9278,-1
40.7538,-73.9897,0
40.7543,-73.9923,0
40.7633,-73.921,-1
40.7627,-73.9654,0
40.7505,-73.9947,0
40.7122,-74.0086,0
40.7813,-73.9592,0
40.7152,-74.0159,0
40.7444,-73.956,-1
40.7547,-73.9826,0
40.7626,-73.9629,0
40.7402,-73.9835,0
40.7741,-73.8717,3
40.7298,-73.9787,0
40.7034,-73.9146,-1
40.7638,-73.9147,-1
40.7806,-73.9611,0
40.7417,-74.0039,0
40.7406,-73.9891,0
40.7439,-73.951,-1
40.7729,-73.8856,-1
40.7555,-73.9818,0
40.7522,-73.9954,0
40.7137,-73.96,2
40.7606,-73.9674,0
40.743,-73.8795,-1
40.7331,-74.0039,0
40.779,-73.9845,0
40.7185,-74.0027,0
40.8095,-73.9434,-1
40.7402,-73.9836,0
40.7603,-73.995,0
40.7397,-73.9928,0
40.6469,-73.978,-1
40.7472,-73.9737,0
40.7578,-73.9595,0
40.7221,-73.9854,0
40.7636,-73.9816,0
40.7631,-73.9938,0
40.7199,-74.0002,0
40.7686,-73.9497,0
40.6846,-73.9864,1
40.7233,-73.9738,0
40.7785,-73.9523,0
40.7912,-73.9524,0
40.7388,-74.0092,0
40.6547,-73.9128,-1
40.7659,-73.9693,0
40.7469,-73.996,0
40.7342,-74.0032,0
40.7367,-73.9971,0
40.7018,-73.9205,-1
40.7835,-73.9589,0
40.7808,-73.9525,0
40.7555,-73.993,0
40.7249,-73.9813,0
40.7533,-73.9889,0
40.7622,-73.9783,0
40.7797,-73.9499,0
40.7791,-73.9824,0
40.7229,-73.9975,0
40.7171,-73.9625,2
40.6881,-73.9608,-1
40.6838,-74.0009,1
40.6647,-73.9833,-1
40.7646,-73.9791,0
40.773,-73.9898,0
40.7568,-73.9901,0
40.7445,-73.981,0
40.7376,-74.0096,0
40.7182,-73.9552,2
40.7627,-73.9673,0
40.7218,-73.9836,0
40.6769,-74.0008,-1
40.6573,-73.9742,-1
40.7152,-74.0117,0
40.7779,-73.9554,0
40.738,-74.0098,0
40.7769,-73.9778,0
40.7122,-73.9659,2
40.7541,-73.9724,0
40.7283,-73.9832,0
40.7388,-74.0087,0
40.8003,-73.962,0
40.7751,-73.9471,0
40.7715,-73.894,-1
40.7359,-73.9958,0
40.7486,-73.9739,0
40.7423,-73.9948,0
40.7626,-73.9786,0
40.7685,-73.9849,0
40.7244,-73.9831,0
40.7537,-73.9775,0
40.7253,-73.9842,0
40.7361,-74.0019,0
40.7739,-73.8719,3
40.7336,-73.9563,2
40.7117,-73.9431,2
40.725,-73.9808,0
40.7696,-73.9648,0
40.7952,-73.9334,-1
40.7237,-73.9796,0
40.7297,-73.9984,0
40.7832,-73.9843,0
40.7375,-74.0065,0
40.7543,-73.9928,0
40.7704,-73.9517,0
40.7084,-73.9401,2
40.7256,-73.9826,0
40.7272,-73.9526,2
40.7452,-74.0058,0
40.7685,-73.8625,3
40.7592,-73.9943,0
40.7218,-73.9874,0
40.7825,-73.9803,0
40.744,-73.9779,0
40.7632,-73.9881,0
40.7704,-73.9874,0
40.7386,-73.9958,0
40.7582,-73.9602,0
40.7646,-73.9893,0
40.7561,-73.969,0
40.766,-73.9691,0
40.7197,-74.0102,0
40.7519,-73.9855,0
40.7287,-74.0002,0
40.7231,-73.9948,0
40.785,-73.9548,0
40.662,-73.9945,-1
40.7629,-73.9582,0
40.7257,-74.0055,0
40.7796,-73.9879,0
40.7442,-73.9914,0
40.6922,-73.9853,1
40.7194,-73.9971,0
40.6787,-73.9863,1
40.7786,-73.978,0
40.7178,-73.9905,0
40.7249,-73.9806,0
40.687,-73.9444,-1
40.7369,-73.9743,0
40.754,-73.9878,0
40.7645,-73.983,0
40.7238,-73.9994,0
40.7813,-73.9573,0
40.6968,-73.9831,1
40.6916,-73.9843,1
40.7122,-73.9616,2
40.762,-73.9936,0
40.724,-74.0032,0
40.6752,-73.9694,-1
40.7226,-73.9967,0
40.7757,-73.9583,0
40.6322,-74.0303,-1
40.7282,-73.9793,0
40.6413,-73.9673,-1
40.7335,-74.001,0
40.7472,-73.9899,0
40.7259,-73.9835,0
40.6652,-73.9886,-1
40.752,-74.0025,0
40.722,-73.992,0
40.722,-73.992,0
40.7668,-73.9784,0
40.6893,-73.9365,-1
40.677,-73.9395,-1
40.7567,-73.9668,0
40.7765,-73.9481,0
40.6608,-73.9802,-1
40.714,-73.9405,2
40.7765,-73.9897,0
40.7067,-73.9482,2
40.7478,-73.9567,0
40.7219,-74.0043,0
40.7284,-74.0037,0
40.7639,-73.9955,0
40.7758,-73.9607,0
40.7296,-73.981,0
40.7377,-73.9744,0
40.7186,-74.0041,0
40.7273,-73.9855,0
40.7428,-73.9914,0
40.7429,-73.9919,0
40.7373,-73.9798,0
40.7047,-74.008,0
40.7548,-73.9821,0
40.7349,-74.0061,0
40.7297,-73.9807,0
40.7591,-73.9945,0
40.7554,-73.9773,0
40.7774,-73.978,0
40.7256,-73.9879,0
40.6788,-74.0045,-1
40.7624,-73.9962,0
40.7822,-73.979,0
40.7264,-73.9893,0
40.7683,-73.8624,3
40.7789,-73.9619,0
40.7457,-73.9943,0
40.6568,-73.9622,-1
40.7321,-73.9921,0
40.729,-73.985,0
40.745,-73.9975,0
40.7747,-73.9611,0
40.7683,-73.9669,0
40.7568,-73.9692,0
40.7309,-74.0053,0
40.695,-73.9832,1
40.7672,-73.9548,0
40.7213,-73.9987,0
40.6729,-73.9832,-1
40.7753,-73.9905,0
40.659,-73.9896,-1
40.6996,-73.9924,0
40.7231,-73.9986,0
40.7614,-73.9915,0
40.7728,-73.9535,0
40.7118,-73.9501,2
40.7985,-73.935,-1
40.7652,-73.9618,0
40.7151,-74.0161,0
40.7196,-74.0103,0
40.6769,-74.0135,-1
40.6953,-73.9962,1
40.6878,-73.9738,-1
40.7206,-74.0019,0
40.7369,-74.0033,0
40.6869,-73.9568,-1
40.7542,-73.9704,0
40.7664,-73.9551,0
40.6736,-73.9826,-1
40.7154,-73.9522,2
40.7323,-73.993,0
40.7151,-74.0165,0
40.7412,-73.998,0
40.6767,-73.9726,-1
40.7003,-73.9934,0
40.7758,-73.9526,0
40.7168,-74.0125,0
40.7351,-73.9893,0
40.7626,-73.9826,0
40.7597,-73.9916,0
40.7211,-73.9792,0
40.7836,-73.9795,0
40.7529,-73.9792,0
40.774,-73.8716,3
40.7845,-73.9497,0
40.8095,-73.9454,-1
40.7746,-73.9884,0
40.7458,-73.9023,-1
40.759,-73.9593,0
40.7597,-73.9817,0
40.7687,-73.9622,0
40.7682,-73.9348,-1
40.7386,-73.9975,0
40.7154,-73.9568,2
40.7283,-73.9832,0
40.7029,-73.9298,-1
40.7781,-73.978,0
40.6753,-73.9832,-1
40.7166,-74.0135,0
40.7506,-73.9945,0
40.7527,-73.9274,-1
40.7398,-73.9811,0
40.7321,-73.8689,-1
40.7511,-74.0044,0
40.6699,-73.9773,-1
40.7936,-73.9745,0
40.7701,-73.9534,0
40.7319,-74.0051,0
40.7734,-73.9816,0
40.7235,-73.983,0
40.7502,-73.9945,0
40.7643,-73.9634,0
40.7401,-74.0059,0
40.7725,-73.9263,-1
40.7374,-74.0004,0
40.7771,-73.9774,0
40.7665,-73.9608,0
40.735,-73.9815,0
40.7175,-73.9932,0
40.7287,-73.9952,0
40.7559,-73.9806,0
40.7324,-73.9817,0
40.7457,-73.9897,0
40.7212,-73.9878,0
40.7486,-73.9728,0
40.7728,-73.9559,0
40.6805,-73.8427,-1
40.7257,-74.0019,0
40.6858,-73.9566,-1
40.719,-73.9406,2
40.7622,-73.973,0
40.6869,-73.9644,-1
40.7721,-73.964,0
40.7155,-74.0119,0
40.7368,-73.9804,0
40.7476,-73.988,0
40.7527,-73.9705,0
40.6684,-73.9837,-1
40.7364,-74.0535,-1
40.7458,-74.0018,0
40.6398,-73.9287,-1
40.7218,-74.01,0
40.7905,-73.9656,0
40.7524,-73.9931,0
40.7163,-73.9878,0
40.6942,-73.9918,1
40.7704,-73.9856,0
40.6847,-73.9681,-1
40.8476,-73.9338,-1
40.8091,-73.9518,-1
40.7686,-73.987,0
40.6591,-73.9564,-1
40.7525,-73.9783,0
40.7555,-73.9815,0
40.766,-73.9561,0
40.7088,-74.0094,0
40.7339,-73.9993,0
40.748,-73.9885,0
40.6793,-74.0041,-1
40.7881,-73.9544,0
40.8189,-73.9543,-1
40.7276,-74.0025,0
40.7576,-73.9609,0
40.7735,-73.9548,0
40.7421,-73.9829,0
40.7325,-73.9816,0
40.725,-73.9827,0
40.7788,-73.9561,0
40.7766,-73.9444,0
40.7465,-73.9802,0
40.7157,-74.0062,0
40.7741,-73.9029,-1
40.7159,-73.9868,0
40.6855,-73.975,-1
40.7647,-73.9781,0
40.7228,-73.9767,0
40.729,-73.9866,0
40.7884,-73.955,0
40.7684,-73.8623,3
40.6955,-73.9635,-1
40.7248,-73.9984,0
40.7202,-73.9952,0
40.7166,-74.0145,0
40.7439,-73.9951,0
40.7262,-73.9782,0
40.7557,-73.979,0
40.7514,-73.9767,0
40.7179,-74.0032,0
40.7224,-73.9831,0
40.7685,-73.9574,0
40.733,-74.0064,0
40.7255,-73.9822,0
40.7748,-73.9913,0
40.7817,-73.9539,0
40.7172,-74.0108,0
40.7304,-73.9936,0
40.7452,-74.0039,0
40.7411,-73.9827,0
40.7448,-73.9719,0
40.7231,-73.945,2
40.7154,-73.9898,0
40.7958,-73.9745,0
40.7358,-73.9562,2
40.7576,-73.9671,0
40.7672,-73.9669,0
40.7585,-73.9634,0
40.6699,-73.9587,-1
40.7342,-73.9751,0
40.7381,-74.0031,0
40.794,-73.9667,0
40.7169,-74.0056,0
40.7447,-73.9888,0
40.7617,-73.9665,0
40.7232,-74.0105,0
40.7435,-73.9578,-1
40.7216,-73.9806,0
40.7074,-73.9502,2
40.6385,-73.9167,-1
40.7182,-73.9918,0
40.774,-73.8732,3
40.7188,-73.9637,2
40.6568,-73.9621,-1
40.714,-73.9904,0
40.7754,-73.9906,0
40.7281,-73.9844,0
40.7808,-73.9546,0
40.7401,-74.0033,0
40.7288,-73.9807,0
40.7472,-73.9933,0
40.7257,-73.9438,2
40.7741,-73.8724,3
40.7189,-73.9832,0
40.7634,-73.979,0
40.7784,-73.9456,0
40.7324,-73.98,0
40.7677,-73.9851,0
40.7325,-73.98,0
40.7437,-73.9865,0
40.7707,-73.8656,3
40.7557,-73.9782,0
40.7548,-73.8538,-1
40.7487,-73.9803,0
40.7511,-73.9784,0
40.7204,-73.985,0
40.7656,-73.9629,0
40.7733,-73.9549,0
40.7886,-73.9778,0
40.7516,-73.9762,0
40.748,-74.0001,0
40.73,-74.0006,0
40.7658,-73.9687,0
40.7891,-73.9785,0
40.7529,-73.9831,0
40.7786,-73.9886,0
40.743,-74.0039,0
40.7795,-73.9573,0
40.7233,-73.995,0
40.7324,-73.9545,2
40.7237,-74.0109,0
40.7286,-74.0001,0
40.7342,-74.0013,0
40.7173,-74.0091,0
40.6812,-73.976,-1
40.7586,-73.9851,0
40.7155,-73.9938,0
40.779,-73.9764,0
40.7591,-73.9944,0
40.7347,-74.0095,0
40.749,-73.9922,0
40.7035,-73.9895,0
40.7474,-74.002,0
40.624,-74.0258,-1
40.7787,-73.9583,0
40.7783,-73.9522,0
40.7909,-73.9745,0
40.7774,-73.975,0
40.7255,-74.0058,0
40.7589,-73.9068,-1
40.7165,-74.013,0
40.7718,-73.9086,-1
40.7545,-73.9932,0
40.7493,-73.9772,0
40.7254,-73.9892,0
40.7075,-73.9449,2
40.7448,-74.0049,0
40.7798,-73.9764,0
40.7055,-74.0051,0
40.7538,-73.9678,0
40.6942,-73.973,-1
40.7953,-73.9733,0
40.7461,-73.9905,0
40.7458,-73.9879,0
40.7174,-73.9604,2
40.7365,-73.9789,0
40.8553,-73.8687,-1
40.7291,-73.9937,0
40.728,-73.9937,0
40.7252,-74.0031,0
40.7554,-73.9711,0
40.7256,-73.9843,0
40.7483,-73.9394,-1
40.7484,-74.0058,0
40.71,-73.968,0
40.7241,-73.9921,0
40.7739,-73.8726,3
40.7577,-73.9716,0
40.7243,-73.9792,0
40.7292,-73.9812,0
40.727,-73.9768,0
40.7355,-74.004,0
40.7334,-73.9798,0
40.7277,-73.9883,0
40.8105,-73.94,-1
40.7686,-73.9588,0
40.7712,-73.9495,0
40.7779,-73.9784,0
40.7499,-73.9846,0
40.7197,-74.0,0
40.7648,-73.9817,0
40.7827,-73.9836,0
40.7387,-74.008,0
40.7747,-73.99,0
40.6775,-73.9635,-1
40.7773,-73.9753,0
40.7819,-73.9558,0
40.7271,-73.9785,0
40.7335,-73.9875,0
40.7641,-73.9832,0
40.7567,-73.9668,0
40.7567,-73.9668,0
40.7675,-73.996,0
40.7236,-73.9972,0
40.7595,-73.9854,0
40.736,-74.0044,0
40.7893,-73.9778,0
40.7266,-73.9072,-1
40.7141,-73.9443,2
40.7269,-73.8282,-1
40.7433,-74.0,0
40.7643,-73.9597,0
40.7684,-73.9904,0
40.714,-73.9853,0
40.7798,-73.9803,0
40.7835,-73.9531,0
40.7858,-73.9546,0
40.7372,-73.9965,0
40.6606,-73.9921,-1
40.78,-73.9486,0
40.7237,-74.0005,0
40.7741,-73.8729,3
40.7494,-74.0311,-1
40.7279,-73.9841,0
40.6851,-73.9662,-1
40.7332,-73.991,0
40.7303,-73.9795,0
40.7166,-73.9636,2
40.7136,-74.0361,-1
40.7422,-73.9909,0
40.7793,-73.983,0
40.692,-73.998,1
40.7077,-74.0138,0
40.7355,-74.0034,0
40.7517,-74.0013,0
40.7937,-73.9675,0
40.6551,-73.9552,-1
40.7841,-73.9767,0
40.7336,-74.0079,0
40.7439,-74.0063,0
40.7412,-73.9961,0
40.7792,-73.951,0
40.7107,-73.9867,0
40.7674,-73.9538,0
40.7318,-74.0087,0
40.7055,-73.9301,-1
40.7751,-73.963,0
40.7448,-73.9842,0
40.726,-73.9945,0
40.7673,-73.9612,0
40.7729,-73.958,0
40.7685,-73.9596,0
40.7051,-73.9161,-1
40.7989,-73.9364,-1
40.6727,-73.9954,-1
40.7141,-73.9495,2
40.7849,-73.9536,0
40.7866,-73.9683,0
40.7715,-73.9886,0
40.7199,-73.9833,0
40.7279,-74.0014,0
40.7307,-74.0036,0
40.7377,-73.9804,0
40.7459,-73.9845,0
40.7418,-73.9821,0
40.7558,-73.9271,-1
40.7165,-73.9402,2
40.7234,-73.9967,0
40.7017,-73.9894,0
40.696,-73.9375,-1
40.7346,-73.9861,0
40.6915,-73.9605,-1
40.689,-73.96,-1
40.7371,-73.9742,0
40.7743,-73.8727,3
40.6645,-73.9786,-1
40.7931,-73.9746,0
40.729,-73.985,0
40.7706,-73.8656,3
40.8081,-73.96,-1
40.7969,-73.9711,0
40.7302,-73.9553,2
40.7368,-73.9867,0
40.7224,-74.0111,0
40.7188,-73.9986,0
40.7829,-73.9758,0
40.7819,-73.9474,0
40.7399,-73.9854,0
40.7508,-73.9698,0
40.8036,-73.9454,-1
40.6899,-73.9796,1
40.7369,-73.9887,0
40.7604,-73.9677,0
40.6823,-73.9646,-1
40.7131,-73.9459,2
40.771,-73.8659,3
40.7935,-73.9731,0
40.6832,-73.9609,-1
40.7415,-73.9955,0
40.762,-73.98,0
40.7142,-73.9633,2
40.7671,-73.9839,0
40.7699,-73.8644,3
40.7237,-74.0108,0
40.7593,-73.9857,0
40.733,-73.9961,0
40.6913,-73.9899,1
40.7459,-73.9709,0
40.7213,-73.9925,0
40.7975,-73.9708,0
40.7649,-73.9609,0
40.754,-73.9645,0
40.7738,-73.8716,3
40.7812,-73.9833,0
40.7675,-73.9554,0
40.7116,-73.9668,2
40.7561,-73.998,0
40.7742,-73.9085,-1
40.7288,-73.9763,0
40.7227,-73.987,0
40.7636,-73.9774,0
40.7665,-73.9784,0
40.751,-73.9789,0
40.7378,-74.0003,0
40.7239,-73.9924,0
40.7371,-73.996,0
40.7017,-74.0127,0
40.6737,-73.976,-1
40.6806,-73.9415,-1
40.7819,-73.956,0
40.7884,-73.9744,0
40.6878,-73.9568,-1
40.7419,-73.9924,0
40.7173,-74.0161,0
40.728,-74.0073,0
40.7441,-73.9915,0
40.7666,-73.9183,-1
40.7551,-73.9923,0
40.7838,-73.9837,0
40.736,-73.9837,0
40.7802,-73.9815,0
40.7405,-74.002,0
40.7165,-73.9885,0
40.7193,-74.0046,0
40.774,-73.9889,0
40.774,-73.9889,0
40.7279,-73.9913,0
40.7618,-73.9577,0
40.6262,-73.9448,-1
40.7441,-73.9717,0
40.7395,-73.9807,0
40.7712,-73.9811,0
40.7367,-73.9867,0
40.7455,-73.995,0
40.7621,-73.982,0
40.7819,-73.946,0
40.7594,-73.9958,0
40.7874,-73.9762,0
40.7501,-73.9949,0
40.7726,-73.9532,0
40.7825,-74.0065,-1
40.7947,-73.9663,0
40.7595,-73.9861,0
40.7511,-73.9943,0
40.7505,-73.9913,0
40.7235,-73.9848,0
40.7268,-73.9963,0
40.7513,-73.974,0
40.7758,-73.9898,0
40.7722,-73.9564,0
40.709,-73.9509,2
40.7558,-73.9631,0
40.778,-73.9781,0
40.7481,-73.9825,0
40.7848,-73.9539,0
40.7857,-73.9702,0
40.7184,-73.9617,2
40.7415,-73.9811,0
40.7615,-73.9696,0
40.7592,-73.9744,0
40.7569,-73.9788,0
40.7627,-73.983,0
40.7431,-73.9767,0
40.7746,-73.9639,0
40.7227,-73.9916,0
40.7328,-74.0044,0
40.7306,-74.009,0
40.71,-74.015,0
40.7863,-73.9777,0
40.7576,-73.9986,0
40.6856,-73.9673,-1
40.7736,-73.9595,0
40.7545,-73.9633,0
40.7235,-74.0104,0
40.7726,-73.9652,0
40.7187,-73.9908,0
40.6234,-74.0262,-1
40.7371,-73.9928,0
40.7574,-73.9624,0
40.749,-73.9741,0
40.7741,-73.8727,3
40.6914,-73.9844,1
40.7666,-73.9784,0
40.6857,-73.9878,1
40.7585,-73.9616,0
40.8116,-73.9445,-1
40.7243,-73.9878,0
40.7651,-73.9756,0
40.7515,-74.0018,0
40.7968,-73.9729,0
40.719,-74.0109,0
40.7736,-73.9489,0
40.7672,-73.9898,0
40.7784,-73.9568,0
40.6868,-74.0009,1
40.7872,-73.9754,0
40.6957,-73.9841,1
40.7577,-73.9889,0
40.694,-73.9831,1
40.7135,-73.9775,0
40.7516,-74.0034,0
40.7235,-73.9512,2
40.7869,-73.9771,0
40.7833,-73.9765,0
40.76,-73.9963,0
40.7752,-73.947,0
40.7553,-73.993,0
40.7154,-74.0091,0
40.7058,-73.9444,2
40.7451,-73.9999,0
40.7636,-73.9695,0
40.7159,-74.0121,0
40.673,-73.9572,-1
40.7805,-73.976,0
40.7479,-73.9806,0
40.7721,-73.9642,0
40.7784,-73.9548,0
40.7618,-73.9865,0
40.7405,-73.9064,-1
40.7732,-73.9547,0
40.7094,-74.0168,0
40.7532,-73.9979,0
40.7309,-73.9931,0
40.7209,-74.0042,0
40.7436,-74.0004,0
40.733,-74.0017,0
40.6368,-73.9656,-1
40.736,-73.9873,0
40.7745,-73.9636,0
40.7325,-73.9969,0
40.7479,-73.9854,0
40.724,-73.9823,0
40.7745,-73.9823,0
40.7728,-73.9617,0
40.7638,-73.9669,0
40.7352,-74.0062,0
40.7451,-73.9758,0
40.7149,-74.0117,0
40.7856,-73.9724,0
40.7391,-74.0009,0
40.745,-73.9763,0
40.775,-73.959,0
40.7659,-73.9691,0
40.7388,-74.009,0
40.67,-73.9552,-1
40.7212,-73.9832,0
40.7725,-73.9522,0
40.755,-73.9684,0
40.7598,-73.984,0
40.7131,-74.0095,0
40.7682,-73.9904,0
40.7443,-73.9768,0
40.7319,-73.9835,0
40.7284,-73.9797,0
40.7467,-73.9959,0
40.675,-73.9561,-1
40.7237,-74.0004,0
40.6969,-73.9831,1
40.7353,-73.9528,2
40.7617,-74.0003,0
40.7548,-73.9664,0
40.7648,-73.9608,0
40.7353,-74.0048,0
40.7684,-73.8623,3
40.7162,-73.9494,2
40.7592,-73.9959,0
40.7793,-73.947,0
40.7194,-73.9996,0
40.7456,-74.0056,0
40.7426,-73.9821,0
40.6722,-73.8457,-1
40.7747,-73.9911,0
40.7313,-73.9821,0
40.713,-73.9952,0
40.742,-73.981,0
40.7411,-74.0078,0
40.7159,-74.0154,0
40.7477,-73.9712,0
40.6891,-73.9925,1
40.746,-73.9777,0
40.7332,-73.9873,0
40.7501,-73.9831,0
40.7733,-73.9666,0
40.6586,-73.9518,-1
40.7104,-74.0072,0
40.7104,-74.0072,0
40.7186,-73.9831,0
40.7732,-73.8857,-1
40.7356,-73.9756,0
40.7564,-73.9724,0
40.7485,-73.9801,0
40.7705,-73.958,0
40.773,-73.9898,0
40.7156,-74.0166,0
40.705,-74.0081,0
40.7213,-73.9896,0
40.726,-73.9917,0
40.7446,-73.9792,0
40.7753,-73.9904,0
40.6251,-74.0016,-1
40.7075,-73.9684,2
40.79,-73.9488,0
40.7246,-73.9847,0
40.6761,-73.9566,-1
40.6761,-73.9566,-1
40.7092,-74.0021,0
40.7092,-74.0021,0
40.748,-73.9914,0
40.7261,-73.9875,0
40.7199,-74.0003,0
40.7171,-73.9898,0
40.7591,-73.9762,0
40.747,-73.9793,0
40.7569,-73.9739,0
40.7377,-74.0089,0
40.7643,-73.9823,0
40.7331,-73.9754,0
40.7665,-73.9683,0
40.7291,-73.9938,0
40.7365,-74.0036,0
40.742,-73.9934,0
40.7876,-73.9538,0
40.7685,-73.9847,0
40.672,-73.9741,-1
40.7236,-73.9775,0
40.7236,-73.9775,0
40.7444,-73.9801,0
40.773,-73.9483,0
40.7569,-73.9983,0
40.7411,-73.9827,0
40.7312,-73.9841,0
40.7646,-73.9826,0
40.7646,-73.9826,0
40.6806,-73.9787,-1
40.6806,-73.9787,-1
40.752,-73.9948,0
40.7782,-73.9566,0
40.7782,-73.9566,0
40.7877,-73.9788,0
40.7877,-73.9788,0
40.6775,-73.948,-1
40.7774,-73.9572,0
40.774,-73.8716,3
40.7218,-74.0043,0
40.7153,-73.9899,0
40.7392,-74.0029,0
40.7355,-74.0034,0
40.7444,-73.9859,0
40.7661,-73.9695,0
40.7298,-73.9964,0
40.7681,-73.9917,0
40.7259,-74.0085,0
40.6923,-73.9686,-1
40.7245,-73.9943,0
40.7245,-73.9943,0
40.7231,-74.0049,0
40.6675,-73.9392,-1
40.7226,-73.9876,0
40.7684,-73.8624,3
40.7547,-73.9842,0
40.7351,-74.0016,0
40.7644,-73.9583,0
40.7427,-73.9941,0
40.7396,-73.9873,0
40.7621,-73.9717,0
40.721,-73.979,0
40.716,-74.0038,0
40.7215,-73.9823,0
40.7168,-73.9589,2
40.7822,-73.946,0
40.7584,-73.9804,0
40.7185,-73.9633,2
40.7741,-73.9548,0
40.7687,-73.9847,0
40.7682,-73.9844,0
40.7517,-74.0034,0
40.7238,-74.0113,0
40.683,-73.9642,-1
40.8509,-73.8495,-1
40.7751,-73.9634,0
40.6797,-73.9613,-1
40.7309,-73.9954,0
40.7693,-73.9023,-1
40.7773,-73.9223,-1
40.7477,-73.9895,0
40.72,-73.992,0
40.7315,-73.9909,0
40.7492,-73.9919,0
40.7507,-73.9865,0
40.7723,-73.9545,0
40.7367,-73.9889,0
40.778,-73.9586,0
40.7663,-73.9916,0
40.7664,-73.9817,0
40.7503,-73.983,0
40.729,-73.985,0
40.738,-73.9734,0
40.8417,-74.083,-1
40.7049,-74.0087,0
40.7682,-73.9575,0
40.7343,-74.0046,0
40.7558,-73.9945,0
40.7457,-73.9938,0
40.7674,-73.9646,0
40.7328,-74.0043,0
40.7806,-73.9824,0
40.7575,-73.9842,0
40.7249,-73.9808,0
40.7663,-73.9821,0
40.7786,-73.9473,0
40.7356,-74.0034,0
40.7258,-73.937,-1
40.7778,-73.9888,0
40.7043,-73.9263,-1
40.6982,-73.9678,-1
40.7222,-74.0026,0
40.7934,-73.973,0
40.7137,-74.009,0
40.7703,-73.9624,0
40.6634,-73.9587,-1
40.7708,-73.9947,0
40.7884,-73.9726,0
40.7538,-73.995,0
40.7735,-73.9543,0
40.7634,-73.9715,0
40.7271,-74.007,0
40.7388,-74.0088,0
40.7731,-73.9566,0
40.7688,-73.9541,0
40.7283,-74.007,0
40.6962,-73.9423,-1
40.8086,-73.9521,-1
40.7783,-73.9508,0
40.7303,-73.982,0
40.7226,-73.8629,-1
40.801,-73.9647,0
40.801,-73.9647,0
40.7141,-74.0093,0
40.7765,-73.9806,0
40.7527,-73.9818,0
40.704,-74.0116,0
40.7924,-73.9733,0
40.7924,-73.9733,0
40.7571,-73.9721,0
40.7671,-73.9688,0
40.7578,-73.9657,0
40.7546,-73.9624,0
40.7429,-73.9921,0
40.734,-73.9806,0
40.6862,-73.9703,-1
40.7357,-74.002,0
40.7591,-73.9855,0
40.7591,-73.9884,0
40.666,-73.9889,-1
40.7922,-73.9737,0
40.686,-73.9566,-1
40.7429,-73.9807,0
40.7707,-73.9919,0
40.7996,-73.9716,0
40.7651,-73.9838,0
40.6857,-73.9762,-1
40.7588,-73.9861,0
40.7741,-73.9492,0
40.7671,-73.9708,0
40.7683,-73.9844,0
40.6841,-73.937,-1
40.79,-73.9742,0
40.7199,-73.9899,0
40.7195,-73.9878,0
40.7645,-73.9164,-1
40.7636,-73.9563,0
40.7612,-73.9905,0
40.7429,-73.9949,0
40.7305,-73.9797,0
40.6884,-73.9885,1
40.7632,-73.9691,0
40.7808,-73.9609,0
40.8465,-73.917,-1
40.7219,-73.9791,0
40.7634,-73.9944,0
40.722,-74.0039,0
40.7983,-73.9351,-1
40.7779,-73.978,0
40.7789,-73.9801,0
40.7454,-73.9944,0
40.7332,-73.9812,0
40.7717,-73.9892,0
40.6822,-74.0041,-1
40.7789,-73.9782,0
40.7452,-73.9944,0
40.7358,-74.0022,0
40.7309,-74.0053,0
40.749,-73.9821,0
40.749,-73.9821,0
40.6832,-73.9083,-1
40.74,-73.9948,0
40.732,-74.0093,0
40.7376,-73.8612,-1
40.7752,-73.9538,0
40.7761,-73.9762,0
40.7005,-73.9206,-1
40.7307,-74.0081,0
40.7411,-73.9996,0
40.7583,-73.9861,0
40.7542,-73.9843,0
40.7458,-73.9982,0
40.7216,-74.0045,0
40.6718,-73.9526,-1
40.7171,-74.0045,0
40.7171,-74.0045,0
40.7731,-73.9175,-1
40.7704,-73.966,0
40.7444,-74.0055,0
40.7882,-73.9674,0
40.7112,-74.0024,0
40.7329,-74.0041,0
40.7105,-74.0084,0
40.7178,-74.0035,0
40.7696,-73.9805,0
40.6773,-73.9423,-1
40.7388,-73.994,0
40.7737,-73.9558,0
40.719,-74.0048,0
40.7737,-73.9558,0
40.7552,-73.9719,0
40.7552,-73.9719,0
40.7318,-74.0011,0
40.7812,-73.9495,0
40.7474,-73.9816,0
40.7112,-74.0024,0
40.7663,-74.0317,-1
40.7417,-73.9939,0
40.7712,-73.8664,3
40.7451,-73.989,0
40.7161,-73.9579,2
40.7347,-74.0062,0
40.7701,-73.8646,3
40.7475,-73.9853,0
40.7839,-73.9802,0
40.7495,-73.9954,0
40.8243,-73.9453,-1
40.7294,-73.9838,0
40.6708,-73.9782,-1
40.7535,-73.971,0
40.7675,-73.9615,0
40.7684,-73.8623,3
40.7652,-73.9751,0
40.6317,-74.0278,-1
40.7684,-73.8624,3
40.7544,-73.886,-1
40.6954,-73.9918,1
40.7564,-73.9924,0
40.7467,-73.9914,0
40.7467,-73.9914,0
40.678,-73.9846,1
40.676,-73.9772,-1
40.7544,-73.9904,0
40.7614,-73.9976,0
40.7674,-73.9645,0
40.688,-73.9657,-1
40.7234,-74.006,0
40.7615,-73.9682,0
40.7118,-73.9627,2
40.7769,-73.9772,0
40.7641,-73.9942,0
40.7585,-73.9701,0
40.7289,-73.994,0
40.8247,-73.9539,-1
40.7545,-73.9949,0
40.7396,-73.9981,0
40.7581,-73.9728,0
40.7561,-73.9745,0
40.776,-73.9549,0
40.6856,-73.9937,1
40.7748,-73.9624,0
40.6855,-73.9509,-1
40.7247,-74.0008,0
40.7475,-74.0035,0
40.7229,-73.993,0
40.7215,-73.9877,0
40.7406,-74.0043,0
40.7793,-73.9834,0
40.7803,-73.9529,0
40.7653,-73.9757,0
40.738,-73.9178,-1
40.7376,-74.004,0
40.6599,-73.9532,-1
40.7125,-74.009,0
40.7306,-74.0091,0
40.7908,-73.969,0
40.7111,-74.0063,0
40.7088,-74.0076,0
40.7616,-73.9638,0
40.7784,-73.9789,0
40.7463,-73.9799,0
40.7156,-73.9476,2
40.7609,-74.0023,0
40.7642,-73.967,0
40.763,-73.9687,0
40.7438,-74.0063,0
40.7593,-73.9946,0
40.6761,-73.9497,-1
40.7676,-73.9888,0
40.7649,-73.9568,0
40.7795,-73.9504,0
40.7686,-73.8626,3
40.7496,-73.9715,0
40.7186,-73.9569,2
40.7825,-73.9809,0
40.7731,-73.9585,0
40.7479,-74.0044,0
40.6769,-73.9619,-1
40.7524,-73.9274,-1
40.7506,-73.979,0
40.6546,-73.9109,-1
40.6396,-73.9966,-1
40.7155,-73.9944,0
40.7376,-73.9929,0
40.7535,-73.9745,0
40.7765,-73.9786,0
40.7602,-73.9698,0
40.6881,-73.9788,1
40.754,-73.9775,0
40.7419,-73.9768,0
40.7889,-73.9667,0
40.7255,-73.9838,0
40.776,-73.9614,0
40.7144,-73.9901,0
40.767,-73.96,0
40.7406,-74.0043,0
40.7552,-73.9729,0
40.7685,-73.9845,0
40.7317,-73.9894,0
40.7386,-73.9738,0
40.7399,-73.9845,0
40.757,-73.9984,0
40.7595,-73.9945,0
40.7926,-73.9509,0
40.787,-73.973,0
40.7462,-73.9778,0
40.7265,-73.9831,0
40.7737,-73.9581,0
40.7685,-73.8624,3
40.6878,-73.9938,1
40.7352,-74.0011,0
40.7811,-73.9836,0
40.7206,-73.9872,0
40.749,-73.9922,0
40.7999,-73.9706,0
40.7526,-73.9737,0
40.7572,-73.9639,0
40.7062,-74.0082,0
40.7297,-73.9748,0
40.7483,-74.0055,0
40.7505,-73.9789,0
40.7335,-73.9971,0
40.7335,-73.9971,0
40.7578,-73.9894,0
40.7611,-74.0007,0
40.7313,-73.995,0
40.7706,-73.8655,3
40.7736,-73.9496,0
40.7212,-73.9993,0
40.7294,-73.9796,0
40.7113,-74.0151,0
40.7582,-73.9891,0
40.746,-73.9414,-1
40.7737,-73.9579,0
40.7205,-73.9927,0
40.7214,-74.0024,0
40.7374,-73.9937,0
40.7684,-73.8624,3
40.7521,-73.9933,0
40.6409,-73.9739,-1
40.7438,-73.9943,0
40.7339,-73.977,0
40.7635,-73.9617,0
40.7393,-74.001,0
40.7437,-73.9585,-1
40.7505,-73.9946,0
40.7188,-73.9923,0
40.729,-73.9936,0
40.7478,-73.9732,0
40.7225,-73.9874,0
40.7225,-73.9874,0
40.7133,-73.9919,0
40.7303,-74.0068,0
40.7395,-74.0027,0
40.741,-74.0073,0
40.713,-74.0108,0
40.742,-73.9874,0
40.7718,-73.9654,0
40.7516,-73.9902,0
40.77,-73.959,0
40.7954,-73.9696,0
40.7922,-73.9775,0
40.7922,-73.9775,0
40.7857,-73.9692,0
40.7366,-73.9891,0
40.7299,-73.9793,0
40.7463,-73.9777,0
40.7371,-73.9983,0
40.7595,-73.9593,0
40.7184,-73.9572,2
40.6813,-73.9908,1
40.7461,-73.9839,0
40.77,-73.8645,3
40.7591,-73.9689,0
40.7557,-73.9646,0
40.8165,-73.917,-1
40.7684,-73.9886,0
40.7585,-73.9907,0
40.7813,-73.9538,0
40.7651,-73.9614,0
40.7252,-73.8917,-1
40.7223,-73.9887,0
40.7274,-73.9847,0
40.7244,-73.9833,0
40.7418,-73.9935,0
40.7559,-73.973,0
40.634,-73.965,-1
40.7321,-74.0079,0
40.7558,-73.9919,0
40.7307,-74.0017,0
40.7905,-73.9698,0
40.7299,-73.987,0
40.7613,-74.0009,0
40.7631,-73.9659,0
40.753,-73.9707,0
40.7792,-73.9114,-1
40.716,-74.0152,0
40.7286,-73.9926,0
40.7311,-73.9878,0
40.7873,-73.9716,0
40.7414,-74.0006,0
40.7227,-74.0048,0
40.7443,-73.9959,0
40.7951,-73.9659,0
40.7776,-73.951,0
40.7275,-73.9902,0
40.7664,-73.9795,0
40.7735,-74.0279,-1
40.7226,-74.0044,0
40.7707,-73.9919,0
40.6814,-73.9737,-1
40.789,-73.9801,0
40.8021,-73.9632,0
40.7443,-73.9745,0
40.7578,-73.9893,0
40.6429,-73.9795,-1
40.7226,-73.977,0
40.7403,-73.9981,0
40.7626,-73.9725,0
40.7194,-73.9924,0
40.7549,-73.9703,0
40.7638,-73.9638,0
40.7735,-73.9497,0
40.719,-73.9831,0
40.757,-73.9846,0
40.7179,-74.0042,0
40.794,-73.9699,0
40.726,-73.9889,0
40.7248,-73.9943,0
40.7286,-73.9999,0
40.7646,-73.9828,0
40.7618,-73.9863,0
40.7664,-73.9684,0
40.761,-73.9947,0
40.6733,-73.9762,-1
40.7677,-73.9915,0
40.7289,-73.9994,0
40.797,-73.971,0
40.7409,-73.9874,0
40.7341,-73.9969,0
40.7823,-73.9822,0
40.7566,-73.9748,0
40.8344,-73.9454,-1
40.8022,-73.9636,0
40.7331,-74.0074,0
40.719,-74.005,0
40.7336,-73.9976,0
40.719,-73.9502,2
40.7457,-73.9844,0
40.7823,-73.9599,0
40.7745,-73.9518,0
40.7745,-73.9518,0
40.7739,-73.8725,3
40.7758,-73.9523,0
40.7162,-74.0042,0
40.7654,-73.9678,0
40.7443,-73.9936,0
40.7074,-74.0082,0
40.7721,-73.9898,0
40.7328,-74.0044,0
40.7657,-73.9906,0
40.7228,-73.9829,0
40.7211,-73.9993,0
40.7292,-74.0451,-1
40.7234,-73.9441,2
40.7796,-73.9494,0
40.7323,-73.9817,0
40.752,-73.975,0
40.7553,-73.9649,0
40.7798,-73.9765,0
40.743,-74.0008,0
40.726,-73.9837,0
40.7821,-73.9522,0
40.666,-73.9779,-1
40.78,-73.9486,0
40.78,-73.9486,0
40.7341,-73.8554,-1
40.7217,-73.9875,0
40.7544,-73.9673,0
40.7649,-73.9622,0
40.7391,-73.9986,0
40.6544,-73.9618,-1
40.7617,-73.9589,0
40.7624,-73.9829,0
40.7448,-73.9948,0
40.7555,-73.9935,0
40.7759,-73.9761,0
40.7422,-73.9846,0
40.7169,-74.0146,0
40.7116,-73.9623,2
40.7736,-73.9815,0
40.6909,-73.9892,1
40.7615,-73.9587,0
40.7828,-73.9777,0
40.7835,-73.955,0
40.7557,-73.9732,0
40.7705,-73.9502,0
40.7134,-73.978,0
40.717,-74.0048,0
40.7733,-73.9468,0
40.7631,-73.9862,0
40.7301,-74.0024,0
40.6862,-73.9763,-1
40.7792,-73.9886,0
40.7112,-74.01,0
40.7336,-73.9901,0
40.7112,-74.01,0
40.7716,-73.9571,0
40.7313,-73.9755,0
40.727,-73.9841,0
40.751,-73.9348,-1
40.7253,-74.0093,0
40.787,-73.9692,0
40.7483,-73.9958,0
40.764,-73.9823,0
40.768,-73.9604,0
40.7399,-73.997,0
40.7605,-73.9745,0
40.7066,-73.9433,2
40.7642,-74.048,-1
40.7245,-73.9785,0
40.768,-73.9586,0
40.725,-73.9806,0
40.7268,-73.9826,0
40.7468,-73.9562,0
40.7431,-73.9962,0
40.7258,-73.9844,0
40.7829,-73.9797,0
40.7637,-73.9807,0
40.7637,-73.9807,0
40.7381,-73.9868,0
40.7635,-73.9655,0
40.7759,-73.9563,0
40.7101,-73.963,2
40.7408,-74.0046,0
40.7756,-73.9801,0
40.782,-73.9804,0
40.6907,-73.9932,1
40.744,-73.9579,-1
40.7741,-73.9545,0
40.7484,-73.9734,0
40.7732,-73.9623,0
40.7643,-73.9808,0
40.7441,-73.9834,0
40.7619,-73.9598,0
40.7711,-73.9635,0
40.741,-73.9804,0
40.7328,-74.0004,0
40.7367,-74.0064,0
40.746,-73.979,0
40.7121,-73.9987,0
40.7268,-73.9964,0
40.7714,-73.8661,3
40.7528,-73.9902,0
40.7656,-73.9798,0
40.7761,-73.9619,0
40.7561,-73.9679,0
40.7682,-73.8621,3
40.7418,-73.9802,0
40.7553,-73.9884,0
40.7219,-74.0041,0
40.7164,-74.0079,0
40.7741,-73.9493,0
40.775,-73.9612,0
40.7486,-73.9712,0
40.7539,-73.9973,0
40.7199,-73.9831,0
40.6862,-73.9125,-1
40.7194,-73.997,0
40.7775,-73.9563,0
40.7612,-73.9997,0
40.7302,-73.9935,0
40.7302,-73.9935,0
40.7389,-74.009,0
40.7389,-74.009,0
40.7632,-73.9741,0
40.7431,-73.9913,0
40.769,-73.9236,-1
40.7741,-73.8726,3
40.7319,-73.9914,0
40.6878,-73.9736,-1
40.7717,-73.9489,0
40.7263,-74.0004,0
40.7776,-73.9768,0
40.7791,-73.9859,0
40.7791,-73.9859,0
40.7984,-73.9637,0
40.7394,-73.9826,0
40.7273,-73.9863,0
40.7486,-73.9426,-1
40.7399,-74.0024,0
40.7601,-73.9952,0
40.7525,-73.9948,0
40.6879,-73.9851,1
40.7234,-73.9823,0
40.7789,-73.9622,0
40.7587,-73.9614,0
40.7645,-73.9826,0
40.7733,-73.9783,0
40.6921,-73.9821,1
40.7463,-74.0012,0
40.7418,-73.9919,0
40.7199,-73.9998,0
40.7388,-74.0088,0
40.7024,-73.9844,0
40.7784,-73.9522,0
40.7487,-73.973,0
40.7735,-73.97,0
40.7727,-73.9786,0
40.7387,-74.0074,0
40.6926,-73.9476,-1
40.7255,-74.0091,0
40.7701,-73.9555,0
40.7644,-73.9908,0
40.7778,-73.951,0
40.7324,-73.996,0
40.6623,-73.9951,-1
40.7751,-73.9886,0
40.7163,-74.0166,0
40.7382,-73.9736,0
40.7718,-73.9515,0
40.6723,-73.8846,-1
40.7471,-74.0019,0
40.7875,-73.9744,0
40.7807,-73.9582,0
40.7588,-73.9636,0
40.7552,-73.9931,0
40.7368,-73.9801,0
40.7299,-73.991,0
40.7183,-73.9864,0
40.7691,-73.9634,0
40.6976,-73.9914,1
40.7174,-74.0106,0
40.7501,-73.9804,0
40.6727,-73.9703,-1
40.7444,-73.9857,0
40.6551,-73.9751,-1
40.7622,-73.9584,0
40.743,-74.0002,0
40.7569,-73.9675,0
40.7293,-73.9571,2
40.7688,-73.9937,0
40.7367,-73.9786,0
40.7746,-73.9821,0
40.7434,-73.9977,0
40.7438,-73.9929,0
40.6761,-73.963,-1
40.6851,-73.9978,1
40.7325,-73.997,0
40.7269,-73.9768,0
40.7548,-73.9869,0
40.7212,-74.0024,0
40.7213,-73.9459,2
40.7999,-73.9698,0
40.777,-73.9792,0
40.7721,-73.952,0
40.6649,-74.0748,-1
40.7651,-73.9749,0
40.7443,-73.9804,0
40.6998,-73.9573,2
40.7357,-74.0752,-1
40.7097,-74.0146,0
40.7771,-73.9791,0
40.7822,-73.9559,0
40.7204,-73.9423,2
40.737,-73.9785,0
40.7147,-74.0111,0
40.7608,-73.9581,0
40.7328,-73.9797,0
40.7464,-73.9865,0
40.7569,-73.9843,0
40.7678,-73.9528,0
40.7678,-73.9528,0
40.7317,-74.0046,0
40.7588,-73.9887,0
40.7518,-73.98,0
40.7302,-73.9821,0
40.7302,-73.9821,0
40.7028,-73.9943,0
40.7886,-73.9782,0
40.7444,-73.984,0
40.692,-73.9852,1
40.7732,-73.9505,0
40.7747,-73.9581,0
40.7646,-73.9619,0
40.807,-73.942,-1
40.7197,-73.9998,0
40.7189,-73.9595,2
40.7364,-73.9988,0
40.7852,-73.9571,0
40.7589,-73.9922,0
40.7967,-73.969,0
40.6765,-74.0138,-1
40.7445,-73.9953,0
40.7408,-74.0045,0
40.7218,-73.9875,0
40.7643,-73.9667,0
40.6384,-74.0345,-1
40.7188,-73.9637,2
40.7796,-73.9576,0
40.7798,-73.9816,0
40.6933,-73.9527,-1
40.7105,-74.0057,0
40.7295,-73.9778,0
40.7263,-74.009,0
40.7214,-73.9876,0
40.7273,-73.981,0
40.7265,-74.0001,0
40.7356,-73.9967,0
40.7677,-73.991,0
40.7496,-73.9357,-1
40.7641,-73.9827,0
40.7687,-73.9873,0
40.7493,-73.9817,0
40.7759,-73.944,0
40.7437,-73.9857,0
40.7858,-73.9764,0
40.7112,-73.9532,2
40.7265,-73.9408,2
40.7482,-74.0051,0
40.7501,-73.9727,0
40.7231,-73.9947,0
40.7565,-73.9725,0
40.7678,-73.985,0
40.7094,-74.0126,0
40.7344,-73.9922,0
40.7457,-73.9867,0
40.7314,-74.0034,0
40.7589,-73.961,0
40.7266,-73.9956,0
40.7257,-74.0055,0
40.7209,-73.9851,0
40.7925,-73.9752,0
40.7319,-73.9997,0
40.7199,-73.9504,2
40.7745,-73.9518,0
40.7428,-73.9925,0
40.7534,-73.9923,0
40.7373,-74.0083,0
40.7788,-73.9625,0
40.7476,-74.0034,0
40.7864,-73.9798,0
40.7603,-73.9599,0
40.6679,-73.9906,-1
40.7429,-74.006,0
40.7692,-73.9024,-1
40.7351,-73.9916,0
40.6987,-73.9398,-1
40.734,-73.9596,2
40.7416,-73.9911,0
40.7538,-73.9958,0
40.7899,-73.9761,0
40.7373,-74.0083,0
40.7369,-74.0032,0
40.7558,-73.919,-1
40.7482,-73.9804,0
40.7581,-73.9171,-1
40.6936,-73.9828,1
40.7217,-73.9946,0
40.7698,-73.9559,0
40.7832,-73.9552,0
40.7638,-73.9826,0
40.7707,-73.8655,3
40.7737,-73.8719,3
40.7725,-73.9464,0
40.7387,-74.0018,0
40.7443,-73.9847,0
40.7887,-73.9437,0
40.7413,-74.0072,0
40.7167,-73.9977,0
40.7164,-73.8451,-1
40.778,-73.9818,0
40.756,-73.9828,0
40.7815,-73.981,0
40.7771,-73.9866,0
40.7052,-74.0168,0
40.711,-74.0062,0
40.7249,-73.9808,0
40.7465,-74.0034,0
40.7662,-73.9604,0
40.851,-73.9385,-1
40.8405,-73.9427,-1
40.7624,-73.9786,0
40.7655,-73.9542,0
40.764,-73.9709,0
40.7288,-73.9814,0
40.7236,-74.0107,0
40.77,-73.9808,0
40.7996,-73.9718,0
40.7996,-73.9718,0
40.768,-73.9915,0
40.7602,-73.9669,0
40.717,-74.0144,0
40.6898,-73.9654,-1
40.7585,-73.9865,0
40.7374,-73.979,0
40.7988,-73.9695,0
40.7796,-73.9482,0
40.7178,-74.0107,0
40.7246,-73.9873,0
40.7308,-73.978,0
40.7521,-73.9946,0
40.756,-73.9714,0
40.7613,-73.9979,0
40.7251,-73.9794,0
40.7779,-73.9537,0
40.7341,-74.0081,0
40.7783,-73.9848,0
40.7428,-74.0037,0
40.7079,-74.0093,0
40.766,-73.9888,0
40.7544,-73.9857,0
40.661,-73.9914,-1
40.7707,-73.903,-1
40.7672,-73.9926,0
40.6624,-73.9827,-1
40.7479,-74.0045,0
40.7007,-73.9938,0
40.7611,-73.9981,0
40.7608,-73.9679,0
40.6962,-73.9425,-1
40.7586,-73.9908,0
40.7788,-73.9578,0
40.7217,-73.9875,0
40.7741,-73.8724,3
40.7662,-73.9639,0
40.7751,-73.9551,0
40.7818,-73.9525,0
40.6994,-73.9922,0
40.7505,-73.9743,0
40.7446,-73.995,0
40.6829,-73.9472,-1
40.7161,-74.0151,0
40.7681,-73.9568,0
40.7617,-73.99,0
40.7675,-73.9644,0
40.705,-74.0095,0
40.7465,-73.9869,0
40.7337,-73.994,0
40.7465,-74.0082,0
40.7264,-73.9842,0
40.7294,-73.9801,0
40.7325,-73.9911,0
40.7347,-74.0092,0
40.7281,-73.9819,0
40.7226,-73.9894,0
40.7233,-73.9769,0
40.7951,-73.9761,0
40.7437,-73.9576,-1
40.7438,-73.9818,0
40.7438,-73.9818,0
40.684,-73.969,-1
40.7405,-74.0045,0
40.7423,-73.9972,0
40.7509,-74.0017,0
40.7742,-73.9824,0
40.6781,-73.9847,1
40.7286,-73.9906,0
40.774,-73.8715,3
40.7223,-74.0111,0
40.7785,-73.9783,0
40.7579,-73.9892,0
40.7716,-73.9509,0
40.77,-73.9673,0
40.6925,-73.9602,-1
40.7522,-73.9934,0
40.7297,-74.0044,0
40.7206,-74.0084,0
40.8255,-73.8496,-1
40.7707,-73.8655,3
40.7231,-73.9856,0
40.7259,-73.9888,0
40.7733,-73.9449,0
40.77,-73.9866,0
40.7536,-73.9789,0
40.7265,-73.9847,0
40.7235,-74.0102,0
40.7731,-73.9581,0
40.7497,-73.9917,0
40.7291,-74.0111,0
40.7871,-73.9739,0
40.7312,-73.9822,0
40.7411,-73.9856,0
40.7906,-73.9654,0
40.7402,-73.9863,0
40.7812,-73.9478,0
40.7214,-73.9877,0
40.732,-73.9937,0
40.8031,-73.968,0
40.7521,-73.977,0
40.7769,-73.9899,0
40.7117,-74.0066,0
40.7681,-73.9841,0
40.7235,-73.9938,0
40.7303,-73.9798,0
40.7438,-73.9716,0
40.7771,-73.9222,-1
40.7646,-73.9958,0
40.7777,-73.9512,0
40.7593,-73.9865,0
40.7267,-74.0021,0
40.7513,-73.994,0
40.7259,-73.9504,2
40.6906,-73.9836,1
40.7685,-73.8624,3
40.7356,-73.9911,0
40.7842,-73.9547,0
40.7803,-73.946,0
40.7266,-73.9954,0
40.7179,-73.9639,2
40.7235,-74.0015,0
40.7444,-74.0057,0
40.7152,-73.8227,-1
40.7669,-73.9618,0
40.7454,-73.9817,0
40.7223,-74.0113,0
40.8168,-73.9428,-1
40.7383,-74.001,0
40.6877,-73.9635,-1
40.7621,-73.9787,0
40.7153,-74.0076,0
40.7204,-74.0106,0
40.7625,-73.9781,0
40.6624,-73.8822,-1
40.7592,-73.9859,0
40.6887,-73.9853,1
40.7438,-73.9959,0
40.7357,-73.9793,0
40.6962,-73.9899,1
40.7219,-73.9834,0
40.7356,-74.0028,0
40.7057,-73.9372,-1
40.7285,-73.9835,0
40.7922,-73.9645,0
40.7041,-74.0119,0
40.7344,-73.9988,0
40.7344,-73.9988,0
40.751,-73.9867,0
40.8014,-73.9482,0
40.7327,-73.9936,0
40.7327,-73.9936,0
40.7074,-74.0076,0
40.7474,-74.0021,0
40.762,-74.0751,-1
40.7945,-73.9662,0
40.7405,-74.0079,0
40.6412,-73.9624,-1
40.8065,-73.9614,0
40.7612,-73.9712,0
40.7776,-73.9863,0
40.6823,-73.9389,-1
40.6295,-73.9241,-1
40.7691,-73.9546,0
40.6687,-73.9337,-1
40.7683,-73.8621,3
40.7349,-73.98,0
40.7655,-73.9875,0
40.7398,-74.0529,-1
40.7437,-73.9756,0
40.7674,-73.9944,0
40.7889,-73.9538,0
40.7418,-74.0072,0
40.747,-74.0075,0
40.7237,-73.9937,0
40.7746,-73.9639,0
40.7742,-73.9888,0
40.6603,-73.9426,-1
40.8079,-73.9481,-1
40.7236,-74.0104,0
40.7236,-74.0104,0
40.6956,-73.9939,1
40.723,-73.9945,0
40.7266,-73.9772,0
40.7518,-73.9708,0
40.723,-73.9946,0
40.7648,-73.9638,0
40.7921,-73.9736,0
40.7219,-73.9508,2
40.7805,-73.9581,0
40.7617,-73.9795,0
40.7289,-73.998,0
40.6785,-73.9635,-1
40.7511,-73.9369,-1
40.7609,-73.9691,0
40.7546,-73.9735,0
40.7322,-73.9802,0
40.7861,-73.9773,0
40.7435,-73.9727,0
40.7562,-73.9613,0
40.7587,-73.9713,0
40.7336,-73.9764,0
40.7788,-73.9853,0
40.7323,-73.98,0
40.7372,-73.9863,0
40.7595,-73.9616,0
40.7883,-73.9687,0
40.783,-73.953,0
40.7821,-73.9462,0
40.7351,-73.9799,0
40.7519,-73.9692,0
40.7534,-73.9648,0
40.7118,-73.9946,0
40.6894,-73.9556,-1
40.713,-73.9412,2
40.7263,-74.0014,0
40.7657,-73.9091,-1
40.7688,-73.8708,3
40.7328,-73.9777,0
40.7453,-73.9723,0
40.7487,-73.9887,0
40.7664,-73.9607,0
40.7664,-73.9607,0
40.6394,-73.966,-1
40.7237,-74.0053,0
40.7248,-73.9768,0
40.7424,-73.9967,0
40.7073,-74.0073,0
40.7139,-74.0105,0
40.7663,-73.9877,0
40.7721,-73.9895,0
40.7349,-74.0036,0
40.7804,-73.9876,0
40.7958,-73.9705,0
40.6883,-73.9785,1
40.7324,-73.9546,2
40.7304,-73.9576,2
40.8104,-73.9577,-1
40.7346,-74.0069,0
40.7228,-73.9829,0
40.7523,-73.9683,0
40.7507,-73.9721,0
40.7283,-73.9813,0
40.6629,-73.9456,-1
40.7159,-74.0117,0
40.7307,-73.9829,0
40.7144,-74.0099,0
40.7581,-73.974,0
40.7026,-73.9256,-1
40.7418,-73.9993,0
40.7268,-74.002,0
40.7555,-73.9703,0
40.7352,-74.0084,0
40.7752,-73.9651,0
40.7309,-74.0054,0
40.6832,-73.9648,-1
40.7131,-73.9929,0
40.7441,-73.9992,0
40.7304,-73.982,0
40.7537,-73.9949,0
40.7183,-74.0014,0
40.7793,-73.9882,0
40.7511,-73.994,0
40.6922,-73.9854,1
40.785,-73.9547,0
40.7332,-73.9756,0
40.7273,-73.9882,0
40.7564,-73.9615,0
40.728,-73.9806,0
40.742,-73.8515,-1
40.6832,-73.9261,-1
40.7481,-73.9888,0
40.7195,-73.9589,2
40.6823,-73.9508,-1
40.7607,-73.9672,0
40.7797,-73.9884,0
40.771,-73.983,0
40.7164,-74.0128,0
40.6827,-73.9615,-1
40.7564,-73.9975,0
40.7477,-73.973,0
40.7917,-73.9742,0
40.7267,-73.9797,0
40.6747,-73.9233,-1
40.7454,-73.9755,0
40.7263,-73.9784,0
40.7192,-73.9855,0
40.7184,-73.9495,2
40.7627,-73.9819,0
40.774,-73.8727,3
40.7202,-74.0019,0
40.725,-73.989,0
40.7429,-73.9807,0
40.6963,-73.9831,1
40.7018,-73.9893,0
40.7239,-73.9926,0
40.727,-73.9769,0
40.7455,-74.0047,0
40.7415,-73.9954,0
40.7417,-74.0045,0
40.7439,-74.001,0
40.7733,-73.9548,0
40.7343,-74.0062,0
40.7435,-73.9585,-1
40.8035,-73.9689,0
40.681,-73.9592,-1
40.7257,-73.903,-1
40.7165,-73.9585,2
40.7104,-73.9507,2
40.7569,-73.9969,0
40.7745,-73.981,0
40.7532,-73.9837,0
40.72,-74.0009,0
40.7281,-73.9809,0
40.7324,-73.9816,0
40.743,-73.9932,0
40.7735,-73.9622,0
40.7814,-74.0268,-1
40.7107,-73.9655,2
40.7775,-73.9862,0
40.7162,-73.9581,2
40.7351,-73.9818,0
40.747,-73.9563,0
40.7217,-73.9875,0
40.7353,-74.0011,0
40.7353,-74.0011,0
40.7307,-73.993,0
40.7252,-74.0095,0
40.7138,-74.0085,0
40.6875,-73.9738,-1
40.7897,-73.9663,0
40.7793,-73.9834,0
40.7628,-73.9092,-1
40.7362,-73.9981,0
40.7158,-74.0058,0
40.7148,-73.9916,0
40.7216,-73.989,0
40.7815,-73.9525,0
40.7072,-74.0016,0
40.6831,-73.9455,-1
40.7625,-73.9943,0
40.7375,-73.9843,0
40.75,-73.9097,-1
40.7313,-73.9857,0
40.7707,-73.9168,-1
40.746,-74.0076,0
40.7745,-73.9495,0
40.7877,-73.9809,0
40.6998,-73.9443,-1
40.6998,-73.9443,-1
40.7803,-73.9514,0
40.83,-73.9431,-1
40.719,-73.9847,0
40.6335,-73.9568,-1
40.7784,-73.948,0
40.7454,-73.9715,0
40.7608,-73.9991,0
40.735,-73.989,0
40.735,-73.989,0
40.7488,-73.9719,0
40.7073,-73.8967,-1
40.7785,-73.9835,0
40.7245,-74.0093,0
40.7368,-73.9804,0
40.7588,-73.9813,0
40.7187,-73.9635,2
40.7243,-74.006,0
40.7455,-73.9722,0
40.7221,-73.9854,0
40.7309,-73.9953,0
40.7395,-73.9941,0
40.7474,-73.98,0
40.7231,-74.0061,0
40.7236,-74.0111,0
40.7263,-74.0003,0
40.735,-73.9891,0
40.7683,-73.9574,0
40.6849,-73.9422,-1
40.7301,-73.9838,0
40.7382,-74.0033,0
40.7721,-73.9479,0
40.7193,-73.9997,0
40.7641,-73.9804,0
40.7261,-74.0058,0
40.6756,-73.959,-1
40.7751,-73.9632,0
40.7594,-73.9946,0
40.7351,-73.9829,0
40.708,-74.0144,0
40.6755,-73.9579,-1
40.6738,-73.9727,-1
40.6777,-73.9658,-1
40.7624,-73.963,0
40.7317,-73.9855,0
40.7745,-73.98,0
40.765,-73.9651,0
40.6551,-73.9751,-1
40.764,-73.9585,0
40.7858,-73.9703,0
40.7065,-74.0094,0
40.7509,-74.0016,0
40.6865,-73.9644,-1
40.7732,-73.9543,0
40.7812,-73.9776,0
40.7616,-73.9101,-1
40.7454,-74.0045,0
40.7388,-74.0073,0
40.7519,-73.9772,0
40.7319,-73.9836,0
40.7819,-73.9809,0
40.7392,-73.9823,0
40.76,-73.9613,0
40.7746,-73.9478,0
40.7797,-73.9578,0
40.765,-73.9819,0
40.6867,-73.9924,1
40.7448,-73.9914,0
40.7699,-73.8644,3
40.7338,-73.977,0
40.7257,-73.9498,2
40.7759,-73.9591,0
40.7436,-73.9882,0
40.7388,-73.9873,0
40.7126,-73.9849,0
40.7702,-73.9555,0
40.7483,-74.0056,0
40.7197,-73.9885,0
40.7602,-73.9671,0
40.7586,-73.8676,3
40.7735,-73.9492,0
40.7709,-73.9653,0
40.79,-73.9742,0
40.7529,-73.968,0
40.7609,-73.971,0
40.7173,-73.9561,2
40.7739,-73.9547,0
40.6971,-73.9647,-1
40.7684,-73.9868,0
40.7387,-74.0091,0
40.783,-73.9784,0
40.7637,-73.9851,0
40.7263,-73.9893,0
40.7137,-73.9787,0
40.7258,-73.9963,0
40.786,-73.9706,0
40.7359,-73.9837,0
40.7341,-74.0029,0
40.7606,-73.9993,0
40.7177,-73.9801,0
40.7333,-73.9874,0
40.7333,-73.9762,0
40.736,-73.9837,0
40.7242,-73.9414,2
40.745,-73.9852,0
40.7165,-74.0148,0
40.7454,-73.9248,-1
40.7272,-73.9843,0
40.7292,-74.0036,0
40.7734,-73.9452,0
40.7734,-73.9452,0
40.7922,-73.9737,0
40.7836,-73.9546,0
40.7291,-73.9868,0
40.7998,-73.972,0
40.769,-73.9507,0
40.7439,-74.0063,0
40.7762,-73.9554,0
40.7633,-73.9773,0
40.751,-73.9681,0
40.6898,-73.966,-1
40.7472,-74.0048,0
40.7549,-74.0002,0
40.7212,-74.0053,0
40.7212,-74.0053,0
40.7676,-73.9548,0
40.6447,-73.9758,-1
40.7764,-73.9877,0
40.7278,-73.9839,0
40.7244,-73.987,0
40.7244,-73.987,0
40.7248,-73.9406,2
40.7401,-73.9945,0
40.746,-73.9863,0
40.6762,-73.963,-1
40.746,-73.9863,0
40.768,-73.9533,0
40.7905,-73.9699,0
40.7482,-73.9883,0
40.7478,-73.9567,0
40.7469,-73.9929,0
40.7309,-73.9828,0
40.755,-73.9835,0
40.7311,-73.9826,0
40.7583,-73.9631,0
40.6592,-73.9781,-1
40.7631,-73.9859,0
40.7436,-73.9509,-1
40.7167,-74.0347,-1
40.7714,-73.9886,0
40.7718,-73.9632,0
40.6852,-73.9915,1
40.6888,-73.9512,-1
40.7346,-73.9904,0
40.7356,-73.9831,0
40.7726,-73.9532,0
40.6961,-73.9425,-1
40.765,-73.9609,0
40.7404,-73.9981,0
40.735,-73.993,0
40.7797,-73.9839,0
40.7822,-73.9521,0
40.8435,-73.9428,-1
40.7378,-73.9825,0
40.7719,-73.9559,0
40.7662,-73.9916,0
40.7267,-73.9956,0
40.7334,-73.9894,0
40.7551,-73.9735,0
40.7775,-73.9504,0
40.7376,-73.9803,0
40.749,-73.976,0
40.7431,-73.9798,0
40.7209,-73.9821,0
40.6754,-73.9848,-1
40.7298,-73.9914,0
40.7453,-73.9717,0
40.7458,-73.9821,0
40.7267,-74.0506,-1
40.769,-73.9886,0
40.7202,-73.9999,0
40.7451,-73.9888,0
40.7677,-73.9859,0
40.7477,-73.9749,0
40.7591,-73.9763,0
40.7315,-74.0039,0
40.7754,-73.9861,0
40.7767,-73.9893,0
40.7886,-73.9704,0
40.7612,-73.9991,0
40.7599,-73.9855,0
40.6752,-73.9812,-1
40.7833,-73.971,0
40.7583,-73.9924,0
40.8013,-73.9481,0
40.7235,-73.9928,0
40.7259,-73.9997,0
40.7771,-73.9892,0
40.7503,-73.9788,0
40.7515,-74.0033,0
40.7149,-73.956,2
40.7242,-73.9807,0
40.7744,-73.9795,0
40.7363,-74.0036,0
40.7227,-73.9484,2
40.7567,-73.9924,0
40.7253,-73.9796,0
40.7593,-73.9868,0
40.7324,-73.9991,0
40.7091,-74.0139,0
40.7207,-73.9563,2
40.7191,-73.9539,2
40.7217,-73.9836,0
40.7506,-73.9867,0
40.7289,-73.9864,0
40.7289,-73.9864,0
40.7888,-73.9705,0
40.7258,-73.9793,0
40.7443,-73.9805,0
40.7343,-74.0032,0
40.7701,-73.9514,0
40.6724,-73.9401,-1
40.7727,-73.9537,0
40.7279,-73.9911,0
40.7255,-73.9947,0
40.7272,-73.9844,0
40.7725,-73.953,0
40.7248,-73.9823,0
40.7208,-74.0018,0
40.7541,-73.949,0
40.7763,-73.922,-1
40.7351,-73.9767,0
40.7302,-74.003,0
40.8034,-73.9486,-1
40.7304,-73.9821,0
40.7304,-73.9821,0
40.7281,-74.0493,-1
40.7707,-73.8656,3
40.7323,-73.981,0
40.7786,-73.9834,0
40.7476,-73.9916,0
40.757,-73.9724,0
40.7956,-73.9693,0
40.7506,-73.9741,0
40.7375,-73.9913,0
40.763,-73.9995,0
40.7295,-73.9914,0
40.7767,-73.9788,0
40.7669,-73.9711,0
40.7507,-73.9879,0
40.789,-73.9705,0
40.8491,-73.8457,-1
40.7212,-73.9859,0
40.6832,-73.9655,-1
40.7001,-73.9141,-1
40.7057,-74.0078,0
40.756,-73.9728,0
40.7715,-73.9907,0
40.7467,-73.9942,0
40.7212,-73.9796,0
40.7212,-73.9796,0
40.7289,-73.9992,0
40.7035,-73.9895,0
40.7554,-73.9694,0
40.7965,-73.9724,0
40.7193,-74.0001,0
40.775,-73.9887,0
40.7138,-73.9599,2
40.7835,-73.9818,0
40.7419,-74.0037,0
40.7768,-73.9614,0
40.7641,-73.9787,0
40.7234,-73.9829,0
40.7765,-73.9767,0
40.7484,-73.9765,0
40.7202,-73.9597,2
40.7608,-73.9966,0
40.7835,-73.9749,0
40.7387,-74.009,0
40.7305,-74.0089,0
40.7613,-73.9997,0
40.7645,-73.9913,0
40.7381,-73.992,0
40.7089,-73.9421,2
40.7256,-73.9786,0
40.7804,-73.9475,0
40.7052,-74.0067,0
40.7604,-73.9912,0
40.7821,-73.9462,0
40.8068,-73.9464,-1
40.7533,-73.9743,0
40.7256,-73.9515,2
40.7404,-73.9981,0
40.7374,-73.9855,0
40.7628,-73.9653,0
40.7241,-73.9974,0
40.7192,-73.9461,2
40.7725,-73.9592,0
40.7306,-74.0016,0
40.7719,-73.9673,0
40.6764,-73.9869,1
40.732,-73.9965,0
40.7438,-74.0063,0
40.7925,-73.9688,0
40.7361,-73.9806,0
40.7328,-73.9997,0
40.6915,-73.9843,1
40.7187,-74.0026,0
40.7612,-73.9975,0
40.742,-73.926,-1
40.7457,-73.9843,0
40.7841,-73.9765,0
40.7362,-73.9878,0
40.7984,-73.9688,0
40.7753,-73.9904,0
40.7051,-74.0076,0
40.7404,-73.9249,-1
40.7613,-73.9979,0
40.7158,-74.0071,0
40.7346,-74.0014,0
40.7166,-74.0082,0
40.7219,-74.0041,0
40.6916,-73.9071,-1
40.6916,-73.9071,-1
40.7524,-73.9941,0
40.7219,-74.0012,0
40.7491,-73.9925,0
40.7694,-73.9596,0
40.7546,-73.9795,0
40.8079,-73.9516,-1
40.76,-73.9671,0
40.7706,-73.9605,0
40.7459,-73.9881,0
40.7929,-73.9453,0
40.6915,-73.9054,-1
40.8013,-73.9481,0
40.7755,-73.954,0
40.7226,-73.996,0
40.676,-73.999,-1
40.759,-73.9864,0
40.6804,-73.9839,1
40.8019,-73.9673,0
40.7257,-74.0039,0
40.7392,-74.003,0
40.8027,-73.9676,0
40.7776,-73.9091,-1
40.759,-73.969,0
40.7491,-74.0067,0
40.7247,-73.9988,0
40.7343,-73.9899,0
40.7116,-73.9625,2
40.7042,-73.9847,0
40.7596,-73.9855,0
40.7246,-73.9934,0
40.7076,-74.015,0
40.8061,-73.9426,-1
40.7643,-73.9638,0
40.7678,-73.9599,0
40.8216,-73.9506,-1
40.7946,-73.9665,0
40.757,-73.9664,0
40.7182,-73.944,2
40.7142,-74.0151,0
40.7394,-74.0013,0
40.7613,-73.962,0
40.7267,-73.9795,0
40.7204,-74.0021,0
40.7048,-74.0098,0
40.6846,-73.9449,-1
40.7758,-73.9466,0
40.8447,-73.9112,-1
40.7587,-73.9772,0
40.7184,-73.9594,2
40.7458,-73.9473,-1
40.6847,-73.9602,-1
40.752,-73.9822,0
40.7177,-73.9838,0
40.7204,-74.002,0
40.7232,-73.945,2
40.7284,-73.9817,0
40.7419,-73.9808,0
40.7191,-73.986,0
40.7236,-74.0106,0
40.6883,-73.9982,1
40.7775,-73.9786,0
40.7564,-73.9733,0
40.7693,-73.8798,3
40.6924,-73.9789,1
40.7236,-74.0109,0
40.6777,-73.9471,-1
40.7642,-73.9806,0
40.7642,-73.9806,0
40.7744,-73.9891,0
40.7456,-73.978,0
40.6731,-73.9435,-1
40.7443,-73.9726,0
40.6905,-73.9927,1
40.7255,-74.0056,0
40.7704,-73.9481,0
40.7661,-73.9767,0
40.7622,-73.9583,0
40.7271,-73.9877,0
40.7741,-73.8723,3
40.74,-74.0061,0
40.7406,-74.0056,0
40.7812,-73.9477,0
40.8049,-73.9486,-1
40.718,-73.9871,0
40.7695,-73.9691,0
40.7292,-73.9813,0
40.7173,-73.9613,2
40.7799,-73.9766,0
40.7764,-73.9478,0
40.716,-73.9982,0
40.7649,-73.9164,-1
40.7197,-74.0101,0
40.744,-73.9761,0
40.7312,-73.9788,0
40.7501,-73.9832,0
40.7483,-73.989,0
40.7191,-74.01,0
40.7243,-73.8986,-1
40.7696,-73.9578,0
40.7783,-73.9483,0
40.7772,-73.9782,0
40.7747,-73.984,0
40.7225,-73.9941,0
40.7265,-73.979,0
40.7422,-73.9478,-1
40.7601,-73.9871,0
40.7111,-74.0058,0
40.6959,-73.9449,-1
40.7587,-73.9751,0
40.7303,-73.982,0
40.7347,-73.9945,0
40.7365,-73.9789,0
40.8027,-73.9631,0
40.7494,-73.9925,0
40.7341,-74.0039,0
40.727,-73.9795,0
40.7846,-73.9479,0
40.7768,-73.9532,0
40.6868,-73.9523,-1
40.7248,-73.9416,2
40.7229,-73.9881,0
40.7456,-73.9779,0
40.6851,-73.9841,1
40.7822,-73.9555,0
40.7713,-73.958,0
40.7307,-73.9858,0
40.7342,-74.0098,0
40.718,-74.0147,0
40.7461,-73.9771,0
40.7646,-73.9741,0
40.7267,-73.9867,0
40.7219,-73.9872,0
40.7385,-73.9834,0
40.7358,-73.956,2
40.7164,-74.0095,0
40.728,-73.9958,0
40.7248,-73.9769,0
40.6625,-73.9953,-1
40.6909,-73.9966,1
40.6909,-73.9966,1
40.6746,-73.9851,-1
40.7402,-74.03,-1
40.7382,-73.9859,0
40.696,-73.9676,-1
40.7871,-73.9718,0
40.7483,-73.9838,0
40.7346,-74.01,0
40.7207,-73.9832,0
40.7429,-73.9808,0
40.7726,-73.957,0
40.7158,-73.952,2
40.7375,-73.9933,0
40.7301,-74.0041,0
40.7405,-73.9927,0
40.7443,-73.9805,0
40.7723,-73.9608,0
40.7153,-73.9369,-1
40.7153,-73.9369,-1
40.7465,-73.9936,0
40.7729,-73.9558,0
40.6719,-73.9849,-1
40.7681,-73.8623,3
40.775,-73.9649,0
40.7709,-73.9487,0
40.7792,-73.9828,0
40.7307,-73.9828,0
40.7211,-73.9439,2
40.7507,-73.9945,0
40.7507,-73.9945,0
40.7163,-73.9626,2
40.744,-73.978,0
40.744,-73.978,0
40.7478,-73.9733,0
40.7478,-73.9733,0
40.834,-73.9482,-1
40.757,-73.9056,-1
40.745,-74.0033,0
40.7317,-74.0051,0
40.742,-73.9967,0
40.7778,-73.9509,0
40.7509,-73.9746,0
40.7058,-74.017,0
40.764,-73.981,0
40.7302,-73.9865,0
40.7659,-73.9885,0
40.7246,-73.9836,0
40.7412,-74.0018,0
40.7803,-73.9466,0
40.772,-73.946,0
40.6662,-73.9783,-1
40.7257,-74.003,0
40.6761,-73.9443,-1
40.7645,-73.9755,0
40.7158,-73.9559,2
40.7086,-74.01,0
40.7336,-73.9861,0
40.7272,-73.959,2
40.7703,-73.9578,0
40.7799,-73.9772,0
40.7419,-74.0038,0
40.7419,-73.9847,0
40.758,-73.9927,0
40.7363,-74.0074,0
40.7439,-73.9892,0
40.7326,-73.9768,0
40.7241,-73.9945,0
40.7763,-73.9481,0
40.7539,-73.9495,0
40.762,-73.9277,-1
40.757,-73.9642,0
40.7909,-73.9727,0
40.6753,-74.0129,-1
40.7978,-73.9639,0
40.7736,-73.9891,0
40.7299,-73.9778,0
40.7397,-73.9933,0
40.7647,-73.9754,0
40.7565,-73.9708,0
40.7261,-74.0091,0
40.774,-73.8718,3
40.7485,-73.9786,0
40.7905,-73.9677,0
40.7053,-74.0069,0
40.752,-73.9815,0
40.7326,-74.0012,0
40.727,-73.993,0
40.6677,-73.9902,-1
40.7793,-73.9593,0
40.7466,-73.9877,0
40.7207,-73.9822,0
40.7218,-74.0099,0
40.7652,-73.9638,0
40.744,-73.9915,0
40.7653,-73.982,0
40.7278,-73.9982,0
40.7459,-73.9457,-1
40.7404,-73.9892,0
40.7645,-73.9813,0
40.7247,-73.9839,0
40.7319,-73.9859,0
40.6961,-73.9927,1
40.7676,-73.9615,0
40.6843,-73.9843,1
40.7729,-73.9617,0
40.7467,-73.9915,0
40.7847,-73.9489,0
40.7673,-73.984,0
40.7147,-73.9969,0
40.7379,-73.9828,0
40.7645,-73.9763,0
40.755,-73.9927,0
40.7848,-73.9761,0
40.7197,-73.9885,0
40.7229,-73.9834,0
40.7229,-73.9834,0
40.7345,-74.0069,0
40.7214,-73.9481,2
40.7617,-73.9589,0
40.7353,-74.0094,0
40.6889,-73.9543,-1
40.7335,-74.0028,0
40.7561,-73.9725,0
40.6909,-73.9966,1
40.7161,-74.0125,0
40.7977,-73.9728,0
40.7798,-73.9772,0
40.7057,-74.0086,0
40.7741,-73.8727,3
40.7642,-73.9613,0
40.8066,-73.9486,-1
40.774,-73.9659,0
40.7425,-74.0014,0
40.7425,-74.0014,0
40.73,-73.9865,0
40.7149,-74.0118,0
40.8008,-73.9618,0
40.786,-73.9427,0
40.7371,-74.0066,0
40.6848,-73.9576,-1
40.6933,-73.9875,1
40.7701,-73.9021,-1
40.7516,-74.0035,0
40.7422,-73.995,0
40.7148,-74.0022,0
40.7272,-73.9497,2
40.7747,-73.9582,0
40.7769,-73.9773,0
40.7851,-73.9707,0
40.7651,-73.9782,0
40.7675,-73.9927,0
40.7863,-73.9559,0
40.7174,-74.0051,0
40.7379,-73.9831,0
40.7306,-73.9761,0
40.7308,-74.0005,0
40.7748,-73.9839,0
40.7369,-73.9806,0
40.7716,-73.9594,0
40.767,-73.9838,0
40.6762,-73.9797,-1
40.8248,-73.9528,-1
40.7502,-73.973,0
40.7357,-73.9816,0
40.7675,-73.954,0
40.7405,-73.9901,0
40.7405,-73.9901,0
40.7385,-73.9854,0
40.6897,-73.9702,-1
40.6889,-73.9595,-1
40.6795,-73.9783,-1
40.7592,-73.996,0
40.6849,-73.9492,-1
40.6742,-73.9133,-1
40.7255,-73.9455,2
40.7388,-73.9954,0
40.7362,-73.9983,0
40.6962,-73.9884,1
40.7303,-73.9832,0
40.8058,-73.9643,0
40.717,-73.9651,2
40.7188,-73.9634,2
40.6888,-73.9513,-1
40.7249,-73.988,0
40.7295,-73.9809,0
40.6652,-73.985,-1
40.7858,-73.9798,0
40.7261,-73.9472,2
40.7258,-73.9885,0
40.7572,-73.9984,0
40.7067,-74.0091,0
40.7741,-73.9595,0
40.7429,-73.9952,0
40.7645,-73.9639,0
40.7613,-73.9999,0
40.7642,-73.9783,0
40.7539,-73.9884,0
40.765,-73.9889,0
40.7111,-73.9656,2
40.7409,-73.9974,0
40.7716,-73.981,0
40.7325,-73.9546,2
40.7516,-74.005,0
40.7653,-73.9624,0
40.7197,-74.0103,0
40.7387,-73.9879,0
40.7443,-73.9836,0
40.735,-74.01,0
40.714,-74.0115,0
40.7193,-74.004,0
40.7127,-73.8351,-1
40.7369,-73.9888,0
40.7164,-74.0053,0
40.6834,-73.9075,-1
40.7558,-73.9726,0
40.7253,-73.9406,2
40.7327,-74.0724,-1
40.7249,-73.9806,0
40.7485,-73.9747,0
40.7114,-73.9529,2
40.6434,-73.9687,-1
40.7625,-73.9821,0
40.7016,-73.9405,-1
40.7326,-73.9876,0
40.7737,-73.9659,0
40.7433,-73.9803,0
40.7424,-73.9943,0
40.6638,-73.9908,-1
40.7343,-73.978,0
40.7741,-73.9632,0
40.7405,-73.985,0
40.6964,-73.997,1
40.7408,-73.9783,0
40.7372,-73.9905,0
40.7407,-74.0048,0
40.7268,-74.0026,0
40.7169,-74.0122,0
40.7734,-73.9452,0
40.7591,-73.9945,0
40.733,-73.9547,2
40.733,-73.9547,2
40.7807,-73.9559,0
40.745,-73.9899,0
40.7691,-73.9813,0
40.7695,-73.9814,0
40.7525,-73.9929,0
40.7355,-74.0033,0
40.7692,-73.9693,0
40.7151,-74.0157,0
40.7785,-73.9835,0
40.7141,-74.0104,0
40.7834,-73.9744,0
40.7574,-73.9768,0
40.7373,-74.0004,0
40.7949,-73.9661,0
40.7463,-73.9999,0
40.7677,-73.9917,0
40.7442,-74.005,0
40.733,-73.9902,0
40.753,-73.9966,0
40.7143,-73.9517,2
40.7834,-73.971,0
40.7702,-73.9554,0
40.7203,-73.9634,2
40.7762,-73.9517,0
40.7748,-73.9903,0
40.7648,-73.9645,0
40.7281,-73.976,0
40.7404,-73.9792,0
40.7711,-73.9559,0
40.7502,-73.9735,0
40.7572,-73.9669,0
40.7547,-73.9913,0
40.7287,-73.9898,0
40.7442,-73.9745,0
40.7523,-74.0073,0
40.7591,-73.977,0
40.7182,-74.0149,0
40.7558,-73.9824,0
40.7185,-73.9975,0
40.7723,-73.9486,0
40.6874,-74.0003,1
40.748,-73.9917,0
40.7708,-73.8662,3
40.6724,-73.9648,-1
40.7586,-73.9749,0
40.7308,-73.993,0
40.6944,-73.9453,-1
40.731,-73.9786,0
40.6776,-73.9486,-1
40.7365,-73.9989,0
40.7699,-73.9508,0
40.7606,-73.9706,0
40.7705,-73.8671,3
40.7792,-73.9477,0
40.7623,-73.9643,0
40.7597,-73.8324,-1
40.7446,-73.9853,0
40.771,-73.9514,0
40.7351,-73.9986,0
40.7793,-73.962,0
40.7793,-73.962,0
40.7229,-73.9829,0
40.7077,-73.828,-1
40.6644,-73.9886,-1
40.7521,-73.9856,0
40.7686,-73.9538,0
40.7425,-73.9942,0
40.7768,-73.9531,0
40.775,-73.9885,0
40.7317,-73.9894,0
40.7745,-73.964,0
40.717,-74.0049,0
40.7214,-73.9367,2
40.7437,-73.9881,0
40.7422,-73.9774,0
40.7305,-74.0091,0
40.7686,-73.8627,3
40.7688,-73.9581,0
40.7258,-74.0099,0
40.7366,-73.9975,0
40.6415,-73.9245,-1
40.7654,-73.9634,0
40.7436,-73.9808,0
40.7684,-73.8628,3
40.7387,-73.9854,0
40.7339,-73.9806,0
40.7167,-74.0136,0
40.7167,-74.0136,0
40.7247,-73.9822,0
40.7541,-73.9926,0
40.7445,-73.9796,0
40.7586,-73.9929,0
40.7171,-73.9595,2
40.7698,-73.9517,0
40.7261,-73.9857,0
40.7509,-73.9848,0
40.7703,-73.8648,3
40.7457,-73.9941,0
40.6932,-73.9996,1
40.7283,-74.0008,0
40.7205,-73.9462,2
40.7205,-73.9462,2
40.779,-73.9761,0
40.7782,-73.9489,0
40.7268,-73.9465,2
40.7589,-73.9655,0
40.7312,-73.9904,0
40.7749,-73.9824,0
40.7498,-73.9793,0
40.6786,-73.95,-1
40.6939,-73.9937,1
40.7719,-73.9158,-1
40.7816,-73.9805,0
40.7518,-73.9806,0
40.7518,-73.9806,0
40.7463,-73.9805,0
40.6282,-73.9753,-1
40.7202,-73.9874,0
40.7853,-73.9772,0
40.7586,-73.9778,0
40.7473,-73.9914,0
40.7587,-73.9183,-1
40.77,-73.9673,0
40.7996,-73.9637,0
40.7055,-74.0167,0
40.7058,-73.9371,-1
40.6376,-73.9482,-1
40.7275,-74.0308,-1
40.7113,-74.0056,0
40.7791,-73.9826,0
40.7064,-74.0094,0
40.7541,-73.986,0
40.7701,-73.8648,3
40.7701,-73.8648,3
40.7139,-74.0094,0
40.7664,-73.978,0
40.6926,-73.9603,-1
40.7233,-73.9913,0
40.742,-73.9967,0
40.778,-73.9568,0
40.7679,-73.9897,0
40.7244,-73.9987,0
40.7327,-73.9794,0
40.761,-73.9987,0
40.7043,-73.9865,0
40.7515,-73.9941,0
40.7438,-73.9852,0
40.7603,-73.9758,0
40.7603,-73.9758,0
40.7257,-74.0057,0
40.7744,-73.9634,0
40.8504,-73.9403,-1
40.7339,-74.0009,0
40.7332,-73.9935,0
40.7977,-73.9612,0
40.7229,-74.0047,0
40.795,-73.976,0
40.7063,-74.0168,0
40.7268,-73.9832,0
40.7563,-73.9725,0
40.7101,-74.0149,0
40.6864,-73.9875,1
40.7157,-73.9406,2
40.7211,-73.9557,2
40.7363,-73.9975,0
40.7826,-73.9443,0
40.7774,-73.9461,0
40.7835,-73.9743,0
40.7393,-74.0056,0
40.7739,-73.8725,3
40.6287,-73.9982,-1
40.7606,-73.9935,0
40.7806,-73.9543,0
40.7823,-73.9827,0
40.7246,-73.8659,-1
40.7686,-73.985,0
40.6761,-73.9613,-1
40.7482,-73.9831,0
40.7142,-73.9878,0
40.7442,-73.9855,0
40.7583,-73.9963,0
40.7926,-73.9678,0
40.7428,-73.9922,0
40.7672,-73.9533,0
40.7326,-73.9937,0
40.7226,-73.9951,0
40.7328,-73.9837,0
40.7391,-73.9816,0
40.7089,-74.0133,0
40.7596,-73.9854,0
40.733,-73.9751,0
40.6826,-73.931,-1
40.7206,-73.9842,0
40.6892,-73.9971,1
40.7767,-73.949,0
40.7527,-73.9812,0
40.7686,-73.8626,3
40.7299,-74.004,0
40.7313,-74.0002,0
40.7717,-73.9886,0
40.7413,-74.0001,0
40.7818,-73.9529,0
40.7594,-73.9863,0
40.7179,-74.0074,0
40.7363,-73.9961,0
40.7658,-73.9885,0
40.7351,-74.0073,0
40.7107,-74.0051,0
40.7425,-73.9921,0
40.7786,-73.9886,0
40.7515,-74.0034,0
40.7246,-73.9816,0
40.7291,-74.0011,0
40.7213,-73.998,0
40.7246,-73.9919,0
40.7486,-73.9889,0
40.7486,-74.0022,0
40.7516,-73.9763,0
40.7617,-73.9741,0
40.759,-73.9944,0
40.7843,-73.973,0
40.7745,-73.9811,0
40.7283,-73.9869,0
40.7528,-73.9665,0
40.7245,-73.9999,0
40.7714,-73.9893,0
40.7592,-73.9858,0
40.7653,-73.9793,0
40.7266,-74.0002,0
40.7637,-73.9778,0
40.7249,-74.0028,0
40.7922,-73.9364,0
40.6617,-73.9909,-1
40.7457,-73.9937,0
40.7776,-73.9461,0
40.7211,-73.9993,0
40.7231,-73.9529,2
40.743,-73.9553,-1
40.7603,-73.9613,0
40.765,-73.9126,-1
40.7299,-73.9812,0
40.7862,-73.9691,0
40.7301,-73.9549,2
40.7301,-73.9549,2
40.788,-73.9759,0
40.756,-73.9831,0
40.7962,-73.9725,0
40.7244,-74.0054,0
40.7195,-73.989,0
40.7342,-73.9997,0
40.7438,-73.987,0
40.739,-73.9913,0
40.6767,-73.9636,-1
40.777,-73.9465,0
40.7837,-73.9734,0
40.7262,-74.0015,0
40.6343,-73.9721,-1
40.7603,-73.9717,0
40.774,-73.8725,3
40.7626,-73.9748,0
40.755,-73.9915,0
40.7465,-73.9803,0
40.7299,-73.9807,0
40.7272,-73.9862,0
40.7558,-73.9824,0
40.7597,-73.9814,0
40.7364,-73.9973,0
40.7118,-73.9594,2
40.7248,-73.9805,0
40.7471,-73.9868,0
40.7707,-73.9918,0
40.7887,-73.9793,0
40.7887,-73.9793,0
40.792,-73.9775,0
40.7685,-73.9847,0
40.6841,-73.9687,-1
40.7453,-73.977,0
40.7322,-74.0078,0
40.7131,-73.9927,0
40.7351,-73.9831,0
40.7447,-73.999,0
40.7376,-73.9861,0
40.7686,-73.8626,3
40.7844,-73.9732,0
40.7751,-73.9651,0
40.7717,-73.9893,0
40.762,-73.9855,0
40.7244,-73.987,0
40.7654,-73.9621,0
40.7647,-73.9813,0
40.7277,-73.9572,2
40.7317,-73.9874,0
40.7279,-73.9893,0
40.7773,-73.9521,0
40.6738,-73.9837,-1
40.7647,-73.9783,0
40.7371,-73.9794,0
40.7371,-73.9794,0
40.7172,-73.9416,2
40.7493,-73.9922,0
40.7388,-74.0091,0
40.7882,-73.9545,0
40.663,-73.9841,-1
40.7685,-73.8626,3
40.7482,-74.0052,0
40.7148,-74.0091,0
40.7187,-73.9832,0
40.7856,-73.9761,0
40.7162,-74.0076,0
40.7407,-74.0045,0
40.7756,-73.9543,0
40.7364,-74.0076,0
40.7616,-73.9978,0
40.7482,-74.0051,0
40.7496,-74.0047,0
40.7315,-73.9911,0
40.7573,-73.9739,0
40.761,-73.9862,0
40.727,-74.0456,-1
40.7368,-73.9891,0
40.8571,-73.9355,-1
40.7889,-73.9743,0
40.7803,-73.9455,0
40.7419,-73.9862,0
40.698,-73.9929,1
40.7885,-73.9743,0
40.7551,-73.993,0
40.7024,-73.9866,0
40.6785,-73.9852,1
40.7535,-73.9662,0
40.8073,-73.9372,-1
40.7614,-73.9995,0
40.7177,-73.9529,2
40.6855,-73.9247,-1
40.7747,-73.9783,0
40.7417,-73.9841,0
40.6857,-73.9857,1
40.7744,-73.9813,0
40.717,-74.0147,0
40.7171,-73.8443,-1
40.7724,-73.963,0
40.6979,-73.9726,-1
40.7212,-73.9937,0
40.7151,-73.9968,0
40.7242,-73.9931,0
40.6742,-73.9715,-1
40.7697,-73.9876,0
40.7174,-73.9924,0
40.7657,-73.9761,0
40.7503,-73.9811,0
40.7352,-74.0084,0
40.7049,-74.0076,0
40.7473,-73.9898,0
40.6781,-73.9589,-1
40.7745,-73.9456,0
40.7608,-73.9945,0
40.7717,-73.951,0
40.7213,-73.9816,0
40.7278,-73.9839,0
40.7472,-73.979,0
40.7795,-73.9614,0
40.7198,-74.0003,0
40.78,-73.9488,0
40.716,-74.0101,0
40.743,-73.9509,-1
40.7412,-73.9789,0
40.7284,-73.9848,0
40.7409,-74.0054,0
40.7629,-73.9914,0
40.7109,-74.0059,0
40.784,-73.9739,0
40.7587,-73.991,0
40.7722,-73.9527,0
40.7166,-74.0165,0
40.6577,-73.9799,-1
40.7622,-73.9623,0
40.7262,-73.9917,0
40.7804,-73.9459,0
40.7241,-73.9883,0
40.7845,-73.954,0
40.7041,-74.0069,0
40.77,-73.8643,3
40.7801,-73.9852,0
40.7694,-73.9849,0
40.7346,-74.0047,0
40.7726,-73.9463,0
40.7194,-74.0086,0
40.7282,-74.0554,-1
40.7539,-73.996,0
40.7554,-73.993,0
40.7646,-73.9814,0
40.7317,-74.0077,0
40.7205,-74.0047,0
40.7339,-73.9952,0
40.755,-73.9264,-1
40.629,-73.9222,-1
40.7238,-74.0036,0
40.7747,-73.9464,0
40.7836,-73.9503,0
40.7543,-73.9859,0
40.7684,-73.9651,0
40.7133,-73.9773,0
40.7261,-73.9917,0
40.7876,-73.9678,0
40.7378,-74.002,0
40.7236,-74.0107,0
40.7706,-73.9857,0
40.6749,-73.9892,-1
40.7828,-73.9836,0
40.7748,-73.9562,0
40.7684,-73.9573,0
40.7168,-74.0104,0
40.8334,-73.9405,-1
40.763,-73.9822,0
40.7245,-74.0018,0
40.7249,-73.9788,0
40.7209,-73.9967,0
40.7592,-73.9956,0
40.7792,-73.9468,0
40.7328,-74.0001,0
40.7873,-73.9716,0
40.6995,-73.9298,-1
40.7818,-73.9471,0
40.7358,-73.9927,0
40.7696,-73.9602,0
40.7643,-73.9825,0
40.777,-73.9775,0
40.7051,-74.0077,0
40.7505,-74.001,0
40.766,-73.9573,0
40.8088,-73.9542,-1
40.7071,-74.0164,0
40.7706,-73.9643,0
40.7686,-73.8626,3
40.7361,-74.0019,0
40.6885,-73.9988,1
40.7592,-73.9862,0
40.7388,-73.973,0
40.8016,-73.9647,0
40.7719,-73.9901,0
40.7472,-73.9852,0
40.7386,-74.0054,0
40.7223,-74.0017,0
40.7644,-73.9689,0
40.7736,-73.9475,0
40.6742,-73.9999,-1
40.7368,-74.0035,0
40.7327,-73.9858,0
40.7735,-73.9454,0
40.7491,-73.9922,0
40.7326,-74.0074,0
40.7498,-73.8909,-1
40.8119,-73.955,-1
40.7751,-73.947,0
40.7876,-73.9773,0
40.7447,-73.9819,0
40.7189,-73.9976,0
40.7388,-74.0073,0
40.7282,-73.9821,0
40.7748,-73.9911,0
40.7577,-73.9911,0
40.7316,-73.9928,0
40.7706,-73.9524,0
40.6897,-73.9514,-1
40.6897,-73.9514,-1
40.7316,-73.9825,0
40.7308,-73.9861,0
40.7431,-73.983,0
40.741,-73.9878,0
40.7124,-73.9947,0
40.7562,-73.9615,0
40.7309,-73.983,0
40.7803,-73.9549,0
40.7743,-73.9544,0
40.723,-73.9931,0
40.77,-73.961,0
40.7303,-73.9821,0
40.7339,-73.9909,0
40.783,-73.9807,0
40.7598,-73.9952,0
40.7796,-73.9474,0
40.794,-73.972,0
40.7514,-73.9978,0
40.7834,-73.957,0
40.7275,-73.947,2
40.7666,-73.9527,0
40.7255,-74.0054,0
40.7464,-73.9463,-1
40.7747,-73.9624,0
40.7232,-73.9843,0
40.7872,-73.9718,0
40.7233,-73.993,0
40.7217,-73.9874,0
40.775,-73.9888,0
40.7079,-74.0017,0
40.7591,-73.9608,0
40.7938,-73.9732,0
40.7285,-73.9839,0
40.7341,-74.0095,0
40.7436,-73.9926,0
40.7842,-73.9707,0
40.7734,-73.9544,0
40.7737,-73.8718,3
40.7202,-73.9891,0
40.7418,-74.004,0
40.7527,-73.9849,0
40.8303,-73.9279,-1
40.7347,-73.9794,0
40.6432,-74.019,-1
40.7705,-73.9856,0
40.7489,-73.9796,0
40.7678,-73.9916,0
40.7596,-73.9752,0
40.6883,-73.9844,1
40.727,-73.993,0
40.7442,-73.9763,0
40.7784,-73.9482,0
40.7228,-73.9832,0
40.7566,-73.9867,0
40.781,-73.9608,0
40.7294,-73.9819,0
40.7498,-73.9794,0
40.7691,-73.9856,0
40.7307,-73.9758,0
40.7494,-74.0039,0
40.7692,-73.9595,0
40.7281,-74.0001,0
40.8212,-73.9355,-1
40.8384,-73.9767,-1
40.7545,-73.9955,0
40.7234,-73.993,0
40.776,-73.9501,0
40.7257,-74.0,0
40.7303,-73.9894,0
40.6803,-73.9749,-1
40.735,-73.9974,0
40.7451,-73.9947,0
40.7685,-73.9691,0
40.744,-73.9071,-1
40.7343,-74.0046,0
40.7338,-73.9864,0
40.783,-73.9723,0
40.7221,-74.0042,0
40.7606,-73.9778,0
40.7685,-73.8624,3
40.7273,-73.9864,0
40.7553,-73.9736,0
40.7354,-74.0092,0
40.762,-73.9829,0
40.729,-73.9939,0
40.7441,-73.9875,0
40.7742,-73.9809,0
40.7256,-74.0091,0
40.7598,-73.9741,0
40.7345,-73.9925,0
40.7779,-73.9559,0
40.7309,-73.9813,0
40.7459,-74.0052,0
40.7231,-73.984,0
40.761,-73.999,0
40.7651,-73.9917,0
40.7791,-73.947,0
40.7769,-73.9612,0
40.782,-73.9457,0
40.7733,-73.8695,3
40.734,-74.0102,0
40.7292,-73.9813,0
40.7686,-73.8626,3
40.7732,-73.9646,0
40.8519,-73.939,-1
40.7328,-73.986,0
40.7463,-73.9928,0
40.717,-74.0048,0
40.7626,-73.9964,0
40.7644,-73.9958,0
40.7141,-73.9557,2
40.7763,-73.9459,0
40.6471,-73.9805,-1
40.7152,-74.0162,0
40.6755,-74.013,-1
40.7274,-74.0015,0
40.7372,-73.9868,0
40.7249,-73.9806,0
40.7393,-73.9823,0
40.756,-73.9918,0
40.725,-73.9808,0
40.7094,-74.0144,0
40.721,-74.0018,0
40.6754,-73.9979,-1
40.774,-73.8724,3
40.7579,-73.9894,0
40.724,-73.996,0
40.7256,-73.9449,2
40.7753,-73.9828,0
40.7934,-73.9673,0
40.7794,-73.9835,0
40.7465,-73.9721,0
40.7663,-73.9611,0
40.7828,-73.9485,0
40.7162,-74.0132,0
40.7226,-73.9922,0
40.7338,-74.0007,0
40.7668,-73.9789,0
40.696,-73.9926,1
40.7553,-73.9739,0
40.735,-73.9766,0
40.7324,-73.9948,0
40.6652,-73.9849,-1
40.7092,-74.0052,0
40.7241,-73.9846,0
40.7225,-73.9975,0
40.7346,-73.9963,0
40.709,-73.9413,2
40.7076,-73.9471,2
40.6435,-73.9687,-1
40.7698,-73.9604,0
40.7493,-73.9805,0
40.7274,-73.9885,0
40.757,-73.9696,0
40.6558,-73.9736,-1
40.7283,-73.9927,0
40.7592,-73.9944,0
40.7732,-73.9664,0
40.7366,-73.9909,0
40.7637,-73.9638,0
40.7566,-73.9927,0
40.7538,-73.978,0
40.76,-73.9791,0
40.6871,-73.9208,-1
40.8141,-73.9598,-1
40.6866,-73.9818,1
40.741,-74.0014,0
40.7798,-73.9541,0
40.7908,-73.9666,0
40.7688,-73.8671,3
40.6913,-73.9898,1
40.7408,-73.9974,0
40.7256,-74.0055,0
40.7699,-73.9504,0
40.7753,-73.9651,0
40.712,-73.9526,2
40.7773,-73.9754,0
40.797,-73.9692,0
40.7486,-74.0061,0
40.7449,-73.9783,0
40.7612,-73.9779,0
40.676,-73.9482,-1
40.7376,-73.9979,0
40.7394,-74.0027,0
40.7239,-73.9764,0
40.7787,-73.9887,0
40.7536,-73.9713,0
40.7326,-73.9991,0
40.775,-73.9847,0
40.7176,-73.9838,0
40.7785,-73.9481,0
40.6973,-73.9648,-1
40.6973,-73.9648,-1
40.7386,-73.9856,0
40.7161,-74.0151,0
40.7246,-73.9785,0
40.722,-73.9874,0
40.7731,-73.8855,-1
40.7667,-73.9847,0
40.7455,-74.0056,0
40.7363,-73.9867,0
40.7665,-73.9523,0
40.6773,-73.9742,-1
40.7247,-73.9985,0
40.7236,-73.9871,0
40.7278,-73.9839,0
40.7681,-73.9568,0
40.7332,-74.0098,0
40.7267,-73.985,0
40.7529,-73.9836,0
40.7394,-73.9826,0
40.7491,-73.9923,0
40.7747,-73.9599,0
40.7607,-73.9943,0
40.7636,-73.9693,0
40.733,-74.0086,0
40.7572,-73.9725,0
40.7693,-73.9814,0
40.7765,-73.9896,0
40.8166,-73.9406,-1
40.7812,-73.9595,0
40.7602,-73.9844,0
40.7251,-74.0031,0
40.7606,-73.9966,0
40.7759,-73.9589,0
40.7337,-73.9927,0
40.7469,-73.9422,-1
40.7285,-74.004,0
40.7959,-73.9667,0
40.7426,-74.0035,0
40.6877,-73.9576,-1
40.7665,-73.9818,0
40.7036,-73.9906,0
40.7699,-73.8642,3
40.8053,-73.9391,-1
40.7593,-73.9752,0
40.7814,-73.9541,0
40.774,-73.8727,3
40.7259,-73.9927,0
40.7199,-74.0071,0
40.7188,-74.0029,0
40.6718,-73.9882,-1
40.7861,-73.9423,0
40.7659,-73.9886,0
40.7344,-73.9832,0
40.721,-74.004,0
40.7758,-73.9548,0
40.6556,-73.9759,-1
40.7242,-73.8199,-1
40.7425,-73.9968,0
40.7581,-73.9656,0
40.7248,-73.988,0
40.7944,-73.9663,0
40.7185,-73.9987,0
40.7642,-73.9738,0
40.786,-73.976,0
40.7293,-73.9779,0
40.7399,-73.9853,0
40.7223,-74.001,0
40.726,-73.9837,0
40.7218,-74.005,0
40.741,-74.0019,0
40.7572,-73.9988,0
40.7329,-73.9901,0
40.7115,-73.9573,2
40.7692,-73.9812,0
40.7641,-73.9739,0
40.7437,-73.9754,0
40.7329,-73.9923,0
40.8009,-73.9646,0
40.7026,-73.987,0
40.7211,-74.0001,0
40.7712,-73.8664,3
40.7241,-74.001,0
40.7478,-73.9569,0
40.7415,-73.9991,0
40.7028,-73.9868,0
40.6976,-73.9939,1
40.7268,-73.9779,0
40.7254,-73.9966,0
40.7378,-73.9827,0
40.7375,-74.0051,0
40.742,-73.9769,0
40.775,-73.949,0
40.7566,-73.9976,0
40.766,-73.9889,0
40.7359,-73.9957,0
40.7072,-74.0047,0
40.6896,-73.9738,-1
40.7196,-74.0045,0
40.7969,-73.9699,0
40.7475,-74.0031,0
40.764,-73.9791,0
40.7261,-74.0094,0
40.7637,-73.9715,0
40.7155,-74.0117,0
40.773,-73.9481,0
40.7274,-73.9796,0
40.783,-73.9755,0
40.7463,-74.0048,0
40.7322,-73.9798,0
40.7325,-73.9811,0
40.7535,-73.9905,0
40.728,-74.0072,0
40.7593,-73.972,0
40.7776,-73.9772,0
40.7683,-73.9892,0
40.7464,-73.985,0
40.6638,-73.9909,-1
40.7695,-73.9505,0
40.7928,-73.965,0
40.8458,-73.9417,-1
40.7776,-73.9835,0
40.6623,-73.9522,-1
40.7606,-73.9993,0
40.7841,-73.9501,0
40.7667,-73.954,0
40.7685,-73.9872,0
40.8238,-73.9443,-1
40.7284,-73.9798,0
40.7204,-73.947,2
40.7111,-74.016,0
40.739,-74.0004,0
40.7342,-74.0025,0
40.7537,-73.9948,0
40.7117,-73.9625,2
40.7845,-73.9492,0
40.7208,-74.0096,0
40.7661,-73.9638,0
40.7672,-73.9534,0
40.7293,-73.9798,0
40.7644,-73.9912,0
40.7756,-73.9269,-1
40.7327,-73.9878,0
40.7322,-73.9884,0
40.7398,-73.9924,0
40.7582,-73.9601,0
40.7153,-73.9907,0
40.7333,-74.0006,0
40.7356,-73.9826,0
40.7349,-74.0032,0
40.7282,-73.988,0
40.7789,-73.9763,0
40.766,-73.9872,0
40.7644,-73.9827,0
40.7424,-73.9896,0
40.776,-73.9512,0
40.7575,-73.9862,0
40.7407,-74.0044,0
40.7465,-73.9779,0
40.715,-74.0122,0
40.7766,-73.9463,0
40.7468,-73.9804,0
40.7339,-73.9809,0
40.7628,-73.9819,0
40.7486,-73.971,0
40.6679,-73.9748,-1
40.7506,-73.9869,0
40.7233,-73.9911,0
40.7361,-74.0301,-1
40.7402,-74.002,0
40.728,-73.9908,0
40.7631,-73.9919,0
40.7105,-74.001,0
40.7604,-73.9597,0
40.7438,-74.0064,0
40.7412,-73.977,0
40.7709,-73.9079,-1
40.7777,-73.9875,0
40.726,-73.9985,0
40.7388,-73.9995,0
40.775,-73.9511,0
40.7212,-73.9948,0
40.7313,-74.0101,0
40.7336,-73.9763,0
40.7412,-73.9789,0
40.7412,-73.9789,0
40.689,-73.9971,1
40.6832,-73.9653,-1
40.7739,-73.8725,3
40.7703,-73.9581,0
40.7706,-73.9641,0
40.7445,-74.0029,0
40.7438,-73.997,0
40.7677,-73.9675,0
40.763,-73.9808,0
40.7726,-73.982,0
40.7441,-73.9069,-1
40.7842,-73.9725,0
40.7241,-73.9944,0
40.7849,-73.9706,0
40.7486,-73.9847,0
40.6829,-73.9618,-1
40.7048,-74.0095,0
40.7364,-73.9921,0
40.8036,-73.9492,-1
40.7275,-74.0053,0
40.7558,-73.9729,0
40.7285,-73.9893,0
40.7317,-74.0058,0
40.7301,-73.9854,0
40.7149,-73.9629,2
40.7541,-73.9865,0
40.7616,-73.9576,0
40.7398,-73.9872,0
40.7742,-73.8736,3
40.7378,-73.9975,0
40.7295,-73.9879,0
40.777,-73.9776,0
40.74,-73.9887,0
40.687,-73.9248,-1
40.7614,-73.9995,0
40.7496,-73.992,0
40.7079,-73.9461,2
40.7665,-73.9918,0
40.7602,-73.974,0
40.782,-73.9475,0
40.7325,-73.9771,0
40.7351,-73.8831,-1
40.7454,-74.0005,0
40.7456,-73.9887,0
40.7207,-73.9851,0
40.8003,-73.9515,0
40.7372,-74.002,0
40.7741,-73.8723,3
40.666,-73.978,-1
40.776,-73.9636,0
40.7384,-73.9999,0
40.7102,-74.0092,0
40.7165,-74.0145,0
40.7311,-73.9877,0
40.789,-74.0446,-1
40.7489,-73.9817,0
40.7489,-73.9817,0
40.7467,-74.0077,0
40.6885,-73.9148,-1
40.7529,-73.9275,-1
40.6595,-73.9827,-1
40.7661,-73.9552,0
40.7167,-74.0144,0
40.7339,-74.01,0
40.7506,-73.9697,0
40.7506,-73.9697,0
40.7478,-74.0044,0
40.7171,-73.9629,2
40.7223,-73.9839,0
40.711,-74.0055,0
40.7226,-74.0014,0
40.6816,-73.945,-1
40.764,-73.9788,0
40.7341,-73.9777,0
40.7288,-73.994,0
40.7714,-73.9894,0
40.7065,-73.9434,2
40.8507,-73.9394,-1
40.7335,-73.9766,0
40.7308,-74.008,0
40.7891,-73.9801,0
40.7793,-73.9549,0
40.7589,-73.9637,0
40.8297,-73.9482,-1
40.7874,-73.9722,0
40.7707,-73.9564,0
40.7219,-73.9583,2
40.7837,-73.9798,0
40.7802,-73.9509,0
40.7613,-73.9794,0
40.7187,-73.9635,2
40.7755,-73.9562,0
40.748,-73.9796,0
40.7918,-73.9788,0
40.7543,-73.9765,0
40.7345,-74.0013,0
40.7415,-73.9852,0
40.7491,-73.9776,0
40.7201,-73.9881,0
40.7579,-73.9778,0
40.7199,-73.9426,2
40.7775,-73.9767,0
40.7443,-73.9764,0
40.7443,-73.9764,0
40.7159,-74.0088,0
40.6855,-73.9872,1
40.7785,-73.9613,0
40.7686,-73.8625,3
40.7511,-73.9847,0
40.7383,-73.9857,0
40.7309,-74.0014,0
40.7216,-74.009,0
40.7107,-73.966,2
40.7434,-73.9743,0
40.7198,-73.9832,0
40.7847,-73.9523,0
40.6559,-73.96,-1
40.7501,-73.971,0
40.7141,-74.0064,0
40.7687,-73.9697,0
40.734,-73.9812,0
40.7347,-74.007,0
40.7405,-73.9861,0
40.7417,-74.0045,0
40.7375,-74.0088,0
40.7566,-73.9981,0
40.6645,-73.9784,-1
40.7225,-73.9942,0
40.7649,-73.9765,0
40.7733,-73.9545,0
40.7256,-73.9786,0
40.6828,-73.9283,-1
40.7162,-74.0024,0
40.7783,-73.9453,0
40.7305,-73.9804,0
40.7615,-73.9751,0
40.7305,-74.009,0
40.7361,-73.9854,0
40.7213,-73.9816,0
40.7415,-73.9782,0
40.6687,-73.9866,-1
40.7771,-73.9524,0
40.7771,-73.9524,0
40.7531,-73.9216,-1
40.7256,-73.9937,0
40.8112,-73.9504,-1
40.7221,-73.9859,0
40.7614,-73.9994,0
40.7371,-73.9928,0
40.7399,-73.9925,0
40.7403,-73.9862,0
40.7313,-73.9824,0
40.6631,-73.9888,-1
40.7419,-73.9894,0
40.7707,-73.9807,0
40.7442,-73.9981,0
40.7215,-73.9946,0
40.7604,-73.958,0
40.736,-73.9937,0
40.7725,-73.9464,0
40.6743,-73.9617,-1
40.7487,-73.9804,0
40.7137,-73.9633,2
40.7685,-73.8626,3
40.7693,-73.9597,0
40.7652,-73.985,0
40.7448,-73.9717,0
40.7366,-73.9781,0
40.7708,-73.8657,3
40.8002,-73.9621,0
40.7461,-73.9955,0
40.7459,-73.9882,0
40.7701,-73.8647,3
40.793,-73.9738,0
40.7574,-73.9854,0
40.7218,-73.9875,0
40.7893,-73.979,0
40.7228,-73.9858,0
40.7228,-73.9858,0
40.7213,-73.9815,0
40.727,-73.9837,0
40.7388,-73.9997,0
40.7807,-73.9463,0
40.7339,-73.9778,0
40.6908,-73.9595,-1
40.7142,-73.9889,0
40.7681,-73.9914,0
40.7846,-73.9718,0
40.7362,-73.9842,0
40.683,-73.9643,-1
40.7409,-73.9788,0
40.7468,-73.9918,0
40.6813,-73.9942,1
40.8331,-73.9187,-1
40.7286,-73.9953,0
40.7409,-73.9879,0
40.7283,-73.9832,0
40.7439,-74.0064,0
40.8375,-73.8457,-1
40.7244,-73.9875,0
40.7306,-73.9831,0
40.6829,-73.9641,-1
40.7741,-73.8725,3
40.7689,-73.965,0
40.7345,-74.01,0
40.7706,-73.8655,3
40.7247,-74.0093,0
40.7159,-73.9629,2
40.7228,-73.9989,0
40.7789,-73.9519,0
40.7613,-73.9907,0
40.7613,-73.9907,0
40.7329,-74.0041,0
40.7834,-73.9507,0
40.7881,-73.9676,0
40.7759,-73.9487,0
40.7462,-73.9948,0
40.7564,-73.9722,0
40.766,-73.977,0
40.735,-73.9891,0
40.7674,-73.9881,0
40.7432,-73.9935,0
40.7588,-73.9894,0
40.7438,-74.0062,0
40.7477,-74.0024,0
40.7649,-73.9783,0
40.7735,-73.9453,0
40.7514,-73.9938,0
40.7571,-74.0013,0
40.7717,-73.9656,0
40.7253,-73.9811,0
40.7289,-73.9866,0
40.7585,-73.9652,0
40.7451,-73.9989,0
40.8022,-73.9611,0
40.7532,-73.9814,0
40.7851,-73.9789,0
40.765,-73.984,0
40.774,-73.8726,3
40.7172,-74.0092,0
40.77,-73.8645,3
40.6798,-73.959,-1
40.772,-73.9516,0
40.759,-73.9608,0
40.7506,-73.9877,0
40.6902,-73.9919,1
40.6962,-73.9704,-1
40.7716,-73.9891,0
40.7229,-73.9835,0
40.774,-73.8724,3
40.7505,-73.9875,0
40.7646,-73.9787,0
40.7271,-73.9827,0
40.7504,-73.9947,0
40.7286,-74.0002,0
40.7754,-73.9648,0
40.688,-73.9227,-1
40.7238,-74.0113,0
40.7674,-73.9594,0
40.6679,-73.9819,-1
40.7457,-73.9939,0
40.7482,-73.9823,0
40.7165,-74.015,0
40.7388,-74.0092,0
40.7627,-73.9932,0
40.8511,-73.8884,-1
40.7341,-74.0044,0
40.7366,-73.9973,0
40.7258,-73.9921,0
40.7405,-74.0057,0
40.7194,-73.9829,0
40.7908,-73.9741,0
40.7724,-73.9509,0
40.7689,-73.9881,0
40.7044,-74.0063,0
40.7417,-73.9761,0
40.7249,-73.995,0
40.7263,-73.9841,0
40.7721,-73.9641,0
40.7708,-73.9488,0
40.7585,-73.9934,0
40.7226,-73.997,0
40.6984,-73.9843,1
40.7041,-74.0088,0
40.7305,-74.009,0
40.6948,-73.9836,1
40.7526,-73.9689,0
40.7702,-73.9496,0
40.7108,-73.9536,2
40.7456,-73.9908,0
40.7785,-73.9885,0
40.7739,-73.8712,3
40.7136,-74.0088,0
40.7451,-73.9905,0
40.6826,-73.9964,1
40.7157,-74.0062,0
40.7516,-73.9766,0
40.7325,-73.953,2
40.721,-73.979,0
40.7758,-73.9763,0
40.7884,-73.9691,0
40.7336,-73.9928,0
40.685,-73.9613,-1
40.7226,-73.9492,2
40.6644,-73.9968,-1
40.7473,-73.9778,0
40.7356,-74.0029,0
40.7473,-73.981,0
40.7387,-73.9788,0
40.741,-73.9835,0
40.6832,-73.9655,-1
40.6832,-73.9655,-1
40.7235,-74.006,0
40.7305,-73.9802,0
40.7709,-73.9595,0
40.7298,-73.985,0
40.7322,-73.958,2
40.7719,-73.9589,0
40.74,-73.9933,0
40.7984,-73.935,-1
40.7555,-73.9697,0
40.7318,-73.9883,0
40.7304,-73.9862,0
40.7778,-73.9521,0
40.7665,-73.9783,0
40.7386,-73.8738,-1
40.7873,-73.9739,0
40.7996,-73.9698,0
40.7918,-73.9741,0
40.7274,-74.0502,-1
40.7477,-73.973,0
40.7654,-73.9617,0
40.7456,-73.9822,0
40.7197,-73.995,0
40.7203,-73.9616,2
40.7317,-74.0044,0
40.7729,-73.8856,-1
40.715,-74.0162,0
40.7368,-73.9906,0
40.7278,-73.984,0
40.7382,-73.9813,0
40.7536,-73.9714,0
40.7348,-73.986,0
40.7448,-73.9909,0
40.7784,-73.9482,0
40.767,-73.9895,0
40.7641,-73.9812,0
40.7298,-73.954,2
40.7833,-73.9466,0
40.7389,-73.9871,0
40.7787,-73.9856,0
40.6935,-73.9996,1
40.7585,-73.9635,0
40.7693,-73.9534,0
40.7447,-74.0048,0
40.764,-73.9742,0
40.7408,-73.9788,0
40.7063,-74.0096,0
40.7869,-73.972,0
40.6885,-73.9631,-1
40.7652,-73.9755,0
40.7293,-73.9797,0
40.7252,-73.9795,0
40.7726,-73.9511,0
40.7235,-74.0035,0
40.7629,-73.9787,0
40.776,-73.9552,0
40.7289,-73.9843,0
40.6998,-73.9144,-1
40.7405,-74.0042,0
40.7655,-73.982,0
40.719,-73.9518,2
40.7759,-73.9796,0
40.7522,-73.9953,0
40.7606,-73.9991,0
40.7555,-73.9763,0
40.7248,-73.9475,2
40.7571,-73.9833,0
40.7226,-73.979,0
40.7785,-73.948,0
40.7754,-73.9199,-1
40.774,-73.8723,3
40.7393,-73.9937,0
40.7658,-73.9977,0
40.6873,-73.9676,-1
40.7197,-74.0104,0
40.7532,-73.9338,-1
40.7169,-74.005,0
40.7495,-73.9968,0
40.726,-74.0007,0
40.6677,-73.9937,-1
40.7655,-73.9698,0
40.7324,-73.9802,0
40.7324,-73.9802,0
40.7988,-73.9695,0
40.7319,-73.8479,-1
40.6595,-73.9902,-1
40.7484,-73.9763,0
40.7274,-73.9792,0
40.7755,-73.9504,0
40.7647,-73.9824,0
40.7389,-73.9731,0
40.7075,-73.9418,2
40.7782,-73.9522,0
40.734,-73.981,0
40.7224,-73.9842,0
40.7214,-74.009,0
40.7591,-73.9944,0
40.8034,-73.9522,-1
40.7225,-73.9845,0
40.7434,-74.0072,0
40.7586,-73.9634,0
40.7155,-74.0092,0
40.7335,-73.9565,2
40.7207,-73.9971,0
40.7639,-73.9963,0
40.7383,-73.9934,0
40.7753,-73.9904,0
40.7309,-73.9544,2
40.7595,-73.9752,0
40.7417,-74.0011,0
40.7614,-74.0002,0
40.7282,-73.9956,0
40.7664,-73.9218,-1
40.7664,-73.9663,0
40.7348,-74.0,0
40.7741,-73.8724,3
40.8073,-73.9648,0
40.7202,-73.9633,2
40.7257,-73.9899,0
40.7247,-73.9919,0
40.7707,-73.9644,0
40.742,-73.9791,0
40.7436,-73.9728,0
40.7357,-73.9927,0
40.7678,-73.9914,0
40.7221,-74.0005,0
40.7223,-74.0115,0
40.7989,-73.9594,0
40.719,-73.9832,0
40.8002,-73.9693,0
40.7165,-73.9887,0
40.789,-73.968,0
40.7367,-73.9786,0
40.7592,-73.986,0
40.7555,-73.9838,0
40.7191,-74.0052,0
40.7356,-73.9777,0
40.7357,-73.9953,0
40.7269,-73.9874,0
40.7269,-73.9874,0
40.7278,-73.9913,0
40.7242,-73.9945,0
40.7381,-74.0029,0
40.7347,-73.9946,0
40.7195,-74.0018,0
40.7991,-73.963,0
40.7469,-73.9963,0
40.7573,-73.9671,0
40.7129,-73.9927,0
40.7676,-73.9928,0
40.7825,-73.9847,0
40.6664,-73.9512,-1
40.7303,-73.9776,0
40.7427,-74.004,0
40.7974,-73.9717,0
40.77,-73.9543,0
40.723,-73.9484,2
40.7412,-74.0059,0
40.7111,-73.9607,2
40.7699,-73.8644,3
40.7515,-73.994,0
40.7403,-74.0057,0
40.6859,-73.9842,1
40.7298,-74.0021,0
40.7501,-73.9791,0
40.7368,-73.9784,0
40.7549,-73.9756,0
40.7496,-73.9721,0
40.741,-73.9789,0
40.7614,-73.9998,0
40.7077,-74.0018,0
40.7232,-73.9843,0
40.7625,-73.9835,0
40.7178,-73.9578,2
40.7105,-73.9662,2
40.7273,-73.9996,0
40.8533,-73.9385,-1
40.7164,-74.0079,0
40.773,-73.9463,0
40.737,-73.9794,0
40.7657,-73.9805,0
40.745,-74.0017,0
40.7162,-73.958,2
40.7255,-73.9975,0
40.7171,-73.9551,2
40.7196,-73.9605,2
40.7264,-73.9936,0
40.7631,-73.9705,0
40.7391,-73.9991,0
40.7676,-73.9831,0
40.7812,-73.9545,0
40.7203,-73.9544,2
40.7203,-73.9544,2
40.7487,-73.9791,0
40.7765,-73.9482,0
40.7356,-74.003,0
40.7141,-73.9539,2
40.7684,-73.9908,0
40.7581,-73.8578,-1
40.7442,-73.9766,0
40.7734,-73.9526,0
40.7803,-73.9842,0
40.739,-73.9993,0
40.773,-73.9602,0
40.7732,-73.9629,0
40.7794,-73.9833,0
40.7216,-74.0112,0
40.722,-74.0041,0
40.724,-73.9858,0
40.7273,-74.0072,0
40.7862,-73.9425,0
40.8408,-73.9363,-1
40.7612,-73.9641,0
40.7349,-73.9797,0
40.7168,-73.9755,0
40.7075,-74.0025,0
40.732,-74.0046,0
40.724,-74.0114,0
40.7839,-73.9837,0
40.7775,-73.977,0
40.7464,-73.9723,0
40.7803,-73.9597,0
40.7481,-73.9774,0
40.7549,-73.9664,0
40.7866,-73.9764,0
40.7073,-74.0027,0
40.7272,-73.9528,2
40.7444,-73.976,0
40.7222,-73.9839,0
40.7588,-73.9946,0
40.6849,-73.8312,-1
40.7092,-74.0085,0
40.7379,-73.9828,0
40.7364,-73.9978,0
40.709,-74.007,0
40.7738,-73.9642,0
40.6333,-73.9723,-1
40.7356,-74.0068,0
40.7514,-74.0065,0
40.8037,-73.9456,-1
40.7306,-74.0039,0
40.7664,-73.9569,0
40.784,-73.9526,0
40.6932,-73.9482,-1
40.6912,-73.9844,1
40.7983,-73.9708,0
40.729,-74.0056,0
40.7285,-73.9946,0
40.7514,-73.9934,0
40.7124,-73.9525,2
40.7732,-73.8855,-1
40.7745,-73.9537,0
40.7077,-73.9472,2
40.7362,-73.983,0
40.7546,-73.9192,-1
40.6904,-73.9921,1
40.7204,-73.9846,0
40.7611,-73.998,0
40.7588,-73.9761,0
40.7339,-73.9804,0
40.7717,-73.965,0
40.7566,-73.9977,0
40.7715,-73.9812,0
40.7628,-73.9636,0
40.7287,-73.9976,0
40.7634,-73.9813,0
40.793,-73.9748,0
40.7696,-73.9604,0
40.7826,-73.983,0
40.7194,-73.9557,2
40.7388,-74.0089,0
40.7017,-73.9194,-1
40.782,-73.9559,0
40.8328,-73.9724,-1
40.7711,-73.9638,0
40.7106,-73.9663,2
40.7679,-73.9586,0
40.762,-73.9751,0
40.7241,-73.985,0
40.7098,-73.9918,0
40.7861,-73.9508,0
40.7445,-73.9761,0
40.7558,-73.9704,0
40.7229,-73.9905,0
40.7808,-73.9503,0
40.7733,-73.9457,0
40.7421,-73.9931,0
40.7279,-73.9554,2
40.7895,-73.9738,0
40.7314,-73.9517,2
40.7869,-73.981,0
40.7262,-73.9986,0
40.7692,-73.9817,0
40.7048,-74.0158,0
40.7251,-73.9922,0
40.7705,-73.9622,0
40.7567,-73.9903,0
40.7739,-73.9881,0
40.6878,-73.921,-1
40.782,-73.981,0
40.7568,-73.9755,0
40.7929,-73.9751,0
40.7264,-74.0019,0
40.7293,-73.9563,2
40.7953,-73.9731,0
40.6891,-73.96,-1
40.7315,-73.9829,0
40.7756,-73.9801,0
40.7388,-74.0092,0
40.7524,-73.9698,0
40.6905,-73.9927,1
40.7335,-73.993,0
40.7031,-73.9297,-1
40.7187,-73.9958,0
40.714,-73.9491,2
40.6726,-73.9865,-1
40.756,-73.9691,0
40.7396,-73.9981,0
40.7233,-73.9913,0
40.7516,-73.9768,0
40.7666,-73.9609,0
40.7838,-73.9756,0
40.72,-73.9956,0
40.7769,-73.9551,0
40.6631,-73.9978,-1
40.7349,-73.975,0
40.7147,-73.9421,2
40.7713,-73.9895,0
40.75,-73.9914,0
40.767,-73.9536,0
40.7149,-73.9649,2
40.7271,-74.0044,0
40.7271,-74.0044,0
40.7869,-73.9709,0
40.7229,-73.9835,0
40.7479,-73.9785,0
40.7219,-74.007,0
40.6776,-73.948,-1
40.7273,-73.9863,0
40.7564,-73.9974,0
40.7621,-73.9744,0
40.7519,-73.9796,0
40.7564,-73.9739,0
40.6877,-74.0722,-1
40.7886,-73.9713,0
40.7627,-73.8903,-1
40.7902,-73.9793,0
40.7639,-73.9581,0
40.7855,-73.9554,0
40.7536,-73.9886,0
40.7241,-74.0001,0
40.7715,-73.9485,0
40.7494,-73.9945,0
40.786,-73.9425,0
40.7231,-74.0104,0
40.76,-73.9905,0
40.708,-73.9433,2
40.6972,-73.9932,1
40.7575,-74.0,0
40.7301,-73.9754,0
40.7439,-73.9995,0
40.7758,-73.9788,0
40.7815,-73.9485,0
40.7677,-73.9913,0
40.7303,-73.9819,0
40.7831,-73.9843,0
40.7326,-73.9527,2
40.7479,-73.9877,0
40.7093,-74.0021,0
40.7281,-73.9829,0
40.7696,-73.8799,3
40.6481,-74.0111,-1
40.7134,-73.9916,0
40.7213,-74.0036,0
40.7189,-73.9508,2
40.7243,-73.9793,0
40.7197,-73.9831,0
40.7824,-73.9585,0
40.7626,-73.9572,0
40.7697,-73.9602,0
40.6912,-73.9842,1
40.7333,-73.9779,0
40.6863,-73.8239,-1
40.74,-73.8959,-1
40.7479,-73.9914,0
40.7551,-73.9409,-1
40.7729,-73.9604,0
40.8178,-73.9381,-1
40.7772,-73.9782,0
40.7195,-73.9642,2
40.721,-73.9827,0
40.724,-74.0032,0
40.7219,-74.001,0
40.7332,-73.981,0
40.7604,-73.9873,0
40.7161,-73.9982,0
40.8202,-73.9553,-1
40.8571,-73.9355,-1
40.7643,-73.9617,0
40.7811,-73.8478,-1
40.6991,-73.9079,-1
40.7588,-73.9937,0
40.7784,-73.951,0
40.7455,-73.9982,0
40.7744,-73.9495,0
40.7744,-73.9495,0
40.7287,-73.9786,0
40.6738,-73.9905,-1
40.7391,-73.9986,0
40.7218,-73.9494,2
40.7234,-73.9763,0
40.6944,-73.9691,-1
40.7388,-74.0088,0
40.6941,-73.9946,1
40.7049,-74.0095,0
40.7472,-73.9896,0
40.7352,-73.9983,0
40.7504,-73.9915,0
40.7596,-73.9918,0
40.7284,-74.0019,0
40.7096,-74.0082,0
40.7789,-73.945,0
40.7601,-73.9732,0
40.7118,-73.95,2
40.7787,-73.9475,0
40.7582,-73.9624,0
40.7741,-73.8727,3
40.7705,-73.9584,0
40.695,-73.9682,-1
40.7237,-74.0107,0
40.7072,-74.0088,0
40.7342,-73.978,0
40.7759,-73.9532,0
40.6322,-74.0227,-1
40.7682,-73.8621,3
40.7403,-73.9858,0
40.6775,-73.9828,-1
40.7473,-73.9897,0
40.7586,-73.9909,0
40.7489,-73.9844,0
40.7226,-73.9896,0
40.6677,-73.9832,-1
40.6677,-73.9832,-1
40.7216,-73.9954,0
40.7731,-73.9501,0
40.7959,-73.9326,-1
40.7979,-73.9695,0
40.6814,-73.9909,1
40.725,-73.9885,0
40.7785,-73.9885,0
40.7388,-73.9927,0
40.7708,-73.9828,0
40.6913,-73.9174,-1
40.7146,-73.9854,0
40.7842,-73.9529,0
40.746,-73.9778,0
40.7299,-73.9808,0
40.769,-73.9633,0
40.7438,-74.0063,0
40.7371,-73.9867,0
40.7712,-73.958,0
40.6663,-73.9908,-1
40.7412,-74.0032,0
40.6757,-73.9721,-1
40.6935,-73.9831,1
40.7424,-73.9797,0
40.7225,-73.9825,0
40.7766,-73.9547,0
40.7769,-73.9496,0
40.7643,-73.9576,0
40.7532,-73.9073,-1
40.7532,-73.9073,-1
40.7105,-73.9661,2
40.8478,-73.9406,-1
40.7306,-74.0091,0
40.7477,-73.9567,0
40.7297,-73.9988,0
40.727,-73.9782,0
40.6404,-73.9565,-1
40.7221,-74.0033,0
40.7622,-73.9824,0
40.719,-73.9999,0
40.683,-73.993,1
40.6596,-73.9832,-1
40.7289,-73.9789,0
40.7593,-73.9754,0
40.6739,-73.9857,-1
40.7631,-73.9854,0
40.73,-73.9807,0
40.7225,-73.9896,0
40.6904,-73.9902,1
40.7115,-73.9614,2
40.6777,-73.9727,-1
40.7625,-73.9631,0
40.774,-73.8717,3
40.7112,-73.9675,0
40.7439,-74.0064,0
40.7213,-73.9817,0
40.7529,-74.004,0
40.7265,-73.9802,0
40.7519,-73.8823,-1
40.7517,-73.9689,0
40.7581,-73.962,0
40.8571,-73.8887,-1
40.7408,-74.0008,0
40.7192,-73.9973,0
40.7182,-73.9552,2
40.7357,-74.0084,0
40.7683,-73.8625,3
40.8051,-73.965,0
40.714,-74.0095,0
40.7208,-73.9994,0
40.7319,-74.001,0
40.7578,-73.9894,0
40.7269,-73.9889,0
40.7758,-73.9832,0
40.7367,-73.9868,0
40.7435,-73.977,0
40.7219,-74.0042,0
40.7561,-73.9915,0
40.774,-73.8717,3
40.6881,-73.9605,-1
40.7197,-73.9622,2
40.7506,-73.9737,0
40.733,-73.9923,0
40.7174,-74.0034,0
40.727,-73.9784,0
40.7112,-74.0056,0
40.7605,-73.9935,0
40.7496,-74.0048,0
40.7386,-73.9918,0
40.7392,-73.9819,0
40.7263,-73.9931,0
40.7065,-73.9379,-1
40.7352,-74.002,0
40.735,-74.0098,0
40.7612,-73.9695,0
40.7679,-73.9603,0
40.7625,-74.0004,0
40.6789,-73.9702,-1
40.7272,-74.0062,0
40.747,-73.987,0
40.7757,-73.9472,0
40.7746,-73.9797,0
40.7793,-73.9557,0
40.7832,-73.9491,0
40.7611,-73.9977,0
40.7381,-74.0094,0
40.7748,-73.9503,0
40.6851,-73.9632,-1
40.7449,-73.992,0
40.7399,-74.001,0
40.7741,-73.8726,3
40.7468,-73.988,0
40.7106,-73.9525,2
40.764,-73.9732,0
40.7355,-73.9877,0
40.7545,-73.9917,0
40.7598,-73.9957,0
40.747,-74.0023,0
40.7871,-73.9718,0
40.6891,-73.9931,1
40.7192,-73.9944,0
40.6813,-73.9565,-1
40.7507,-74.0034,0
40.7254,-74.0092,0
40.7035,-73.9846,0
40.7371,-73.9832,0
40.7395,-73.9943,0
40.7409,-74.0076,0
40.7806,-73.9803,0
40.7582,-73.9751,0
40.774,-73.8716,3
40.7476,-73.9749,0
40.7768,-73.9619,0
40.7472,-73.9914,0
40.7197,-74.0101,0
40.7741,-73.8719,3
40.7504,-73.9947,0
40.6801,-73.9676,-1
40.774,-73.8723,3
40.7799,-73.9807,0
40.7515,-73.9764,0
40.7549,-73.9735,0
40.7743,-73.9885,0
40.7182,-73.9867,0
40.7182,-73.9867,0
40.7698,-73.9508,0
40.7411,-73.9827,0
40.7746,-73.9592,0
40.7375,-74.0082,0
40.7714,-73.9484,0
40.7714,-73.9484,0
40.7736,-73.9557,0
40.7331,-73.9935,0
40.7692,-73.9596,0
40.7365,-74.0416,-1
40.7649,-73.9662,0
40.7194,-74.0069,0
40.7562,-73.9833,0
40.7882,-73.9786,0
40.7807,-73.9496,0
40.7461,-73.9886,0
40.7773,-73.9522,0
40.756,-73.9727,0
40.6372,-74.0274,-1
40.7603,-73.9763,0
40.7329,-73.9941,0
40.7745,-73.9899,0
40.7339,-73.9806,0
40.7748,-73.9653,0
40.7272,-73.9862,0
40.6757,-73.9429,-1
40.7707,-73.9921,0
40.72,-74.0002,0
40.7358,-73.9894,0
40.7699,-73.9604,0
40.7608,-73.975,0
40.7294,-73.9802,0
40.7458,-73.9997,0
40.7381,-73.9944,0
40.7829,-73.9799,0
40.7829,-73.9799,0
40.7178,-74.0043,0
40.8242,-73.9392,-1
40.7564,-73.9979,0
40.7831,-73.9789,0
40.7521,-73.9854,0
40.7312,-74.0102,0
40.7529,-74.0237,-1
40.7356,-73.9981,0
40.7545,-73.986,0
40.75,-73.994,0
40.7227,-73.9768,0
40.7261,-74.0089,0
40.7246,-73.9936,0
40.7735,-73.9595,0
40.7357,-73.9369,-1
40.7665,-73.9783,0
40.7265,-73.9994,0
40.7546,-73.9932,0
40.7429,-74.0005,0
40.776,-73.956,0
40.74,-73.9741,0
40.7239,-73.9414,2
40.7203,-73.9951,0
40.7709,-73.9824,0
40.7487,-73.9748,0
40.7406,-73.9798,0
40.7964,-73.9687,0
40.7628,-73.9757,0
40.7461,-73.9778,0
40.7516,-73.9877,0
40.776,-73.9613,0
40.7743,-73.9513,0
40.723,-73.9839,0
40.752,-73.9948,0
40.7334,-73.9899,0
40.7738,-73.8721,3
40.781,-73.9522,0
40.6707,-73.9789,-1
40.7583,-73.9601,0
40.7593,-73.9656,0
40.7181,-74.0003,0
40.8566,-73.8824,-1
40.6839,-73.9792,1
40.7317,-73.9949,0
40.7701,-73.981,0
40.7822,-73.981,0
40.7312,-74.0067,0
40.7348,-73.9928,0
40.7581,-73.8344,-1
40.7501,-73.9834,0
40.7176,-73.9905,0
40.786,-73.9706,0
40.7738,-73.9661,0
40.7686,-73.9847,0
40.6889,-73.9529,-1
40.7337,-73.9944,0
40.7612,-73.999,0
40.7682,-73.8621,3
40.7828,-73.9554,0
40.7628,-73.979,0
40.7771,-73.9783,0
40.7453,-73.9772,0
40.7729,-73.98,0
40.7333,-73.9973,0
40.7457,-73.9879,0
40.7554,-73.9935,0
40.7376,-74.0077,0
40.7278,-74.0039,0
40.741,-74.0079,0
40.7699,-73.961,0
40.7093,-74.0137,0
40.7564,-73.9211,-1
40.8074,-73.9507,-1
40.7342,-74.0034,0
40.7793,-73.9513,0
40.7597,-73.9851,0
40.7677,-73.9873,0
40.6874,-73.9602,-1
40.7358,-73.9816,0
40.7171,-73.9954,0
40.7691,-73.9849,0
40.6735,-73.9688,-1
40.7883,-73.9685,0
40.7339,-73.9927,0
40.7754,-73.9507,0
40.7522,-73.9853,0
40.7271,-73.9899,0
40.7942,-73.9725,0
40.7454,-73.9714,0
40.7559,-73.9792,0
40.7703,-73.9519,0
40.7374,-73.9868,0
40.7789,-73.9476,0
40.7193,-73.9895,0
40.7736,-73.9555,0
40.7396,-73.9765,0
40.7451,-74.006,0
40.7476,-74.0057,0
40.7165,-73.9403,2
40.7279,-74.0047,0
40.774,-73.8726,3
40.7841,-73.9545,0
40.767,-73.9619,0
40.7716,-73.9532,0
40.7501,-73.9877,0
40.692,-73.9648,-1
40.7752,-73.9606,0
40.797,-73.9701,0
40.7289,-73.9814,0
40.785,-73.9807,0
40.7726,-73.9862,0
40.7682,-73.9605,0
40.7341,-73.99,0
40.7279,-73.9999,0
40.7361,-73.9769,0
40.7081,-74.0166,0
40.7268,-73.9892,0
40.7908,-73.9656,0
40.7471,-73.991,0
40.7034,-73.9896,0
40.6827,-73.9231,-1
40.7592,-73.9943,0
40.7279,-74.0015,0
40.7683,-73.9866,0
40.7288,-73.9515,2
40.7837,-73.9743,0
40.7742,-73.9631,0
40.7401,-74.0022,0
40.7312,-73.9935,0
40.7883,-73.9781,0
40.7329,-73.9859,0
40.7787,-73.9585,0
40.7081,-74.0145,0
40.753,-73.9808,0
40.7407,-74.0019,0
40.7792,-73.9485,0
40.7381,-73.9868,0
40.7585,-73.8345,-1
40.7205,-73.998,0
40.7403,-73.9842,0
40.777,-73.9775,0
40.7099,-73.9912,0
40.7243,-73.9888,0
40.7081,-73.94,2
40.721,-73.9911,0
40.7066,-74.009,0
40.6813,-73.9845,1
40.7787,-73.9474,0
40.7682,-73.9069,-1
40.7595,-73.9836,0
40.7075,-74.0022,0
40.7408,-73.9937,0
40.7665,-73.9783,0
40.7725,-73.9569,0
40.8191,-73.927,-1
40.7832,-73.955,0
40.7569,-73.9722,0
40.7552,-73.9737,0
40.7642,-73.9769,0
40.7594,-73.9958,0
40.7545,-73.9918,0
40.7677,-73.8952,-1
40.7614,-74.0001,0
40.7543,-73.9928,0
40.7642,-73.9958,0
40.7186,-73.9619,2
40.7377,-73.9803,0
40.7368,-73.9888,0
40.7363,-73.9851,0
40.725,-74.0014,0
40.7058,-73.9438,2
40.7829,-73.9556,0
40.7085,-74.0093,0
40.7183,-73.9884,0
40.7743,-73.9652,0
40.7576,-73.9931,0
40.7313,-73.9755,0
40.7355,-73.9827,0
40.7465,-73.9723,0
40.7373,-73.9871,0
40.7704,-73.8652,3
40.7398,-73.999,0
40.7212,-73.9794,0
40.7519,-73.9938,0
40.6915,-73.9895,1
40.7392,-73.9955,0
40.7789,-73.9776,0
40.8421,-73.9385,-1
40.7734,-73.9813,0
40.7775,-73.9834,0
40.7775,-73.9834,0
40.7329,-73.9925,0
40.7794,-73.9474,0
40.7329,-73.9861,0
40.7357,-74.0027,0
40.774,-73.9631,0
40.7375,-74.0083,0
40.7401,-73.9821,0
40.6728,-73.9662,-1
40.7352,-73.9801,0
40.6595,-73.9828,-1
40.7059,-73.9211,-1
40.7702,-73.9541,0
40.7798,-73.9482,0
40.7382,-74.0022,0
40.7081,-74.0096,0
40.7302,-73.9778,0
40.7545,-73.9695,0
40.7307,-73.9909,0
40.7728,-73.9533,0
40.7177,-74.0034,0
40.7689,-73.9614,0
40.7764,-73.9482,0
40.7813,-73.9516,0
40.7531,-74.004,0
40.7298,-73.9779,0
40.7615,-73.9628,0
40.7496,-73.984,0
40.7866,-73.9706,0
40.6879,-73.9856,1
40.7526,-73.9698,0
40.7052,-74.017,0
40.7653,-73.9755,0
40.677,-73.9506,-1
40.7163,-74.0044,0
40.7322,-73.9881,0
40.7326,-73.9936,0
40.7265,-73.9772,0
40.7249,-73.9825,0
40.7477,-73.973,0
40.7366,-73.9907,0
40.7323,-73.9949,0
40.7729,-73.8856,-1
40.7169,-74.0049,0
40.7637,-73.9637,0
40.7808,-73.9488,0
40.7335,-73.9873,0
40.7748,-73.9489,0
40.7738,-73.8713,3
40.7749,-73.9508,0
40.7584,-73.8678,3
40.7288,-73.9785,0
40.7251,-74.0017,0
40.7781,-73.9761,0
40.6225,-73.9688,-1
40.6753,-73.9749,-1
40.7033,-73.9852,0
40.7354,-73.9747,0
40.7267,-73.9893,0
40.7576,-73.9666,0
40.7627,-73.9776,0
40.7516,-73.9719,0
40.717,-73.9953,0
40.7498,-73.9917,0
40.6513,-73.9637,-1
40.7485,-73.9783,0
40.7444,-73.9763,0
40.7369,-74.0099,0
40.7739,-73.8716,3
40.7529,-73.9274,-1
40.752,-73.979,0
40.7834,-73.9788,0
40.7742,-73.9129,-1
40.7288,-73.9824,0
40.7237,-73.9947,0
40.7545,-73.9823,0
40.7502,-73.9836,0
40.7684,-73.9848,0
40.6747,-73.9719,-1
40.7773,-73.9782,0
40.7349,-73.9799,0
40.7495,-74.0049,0
40.7264,-74.0092,0
40.7152,-74.0077,0
40.7205,-73.9052,-1
40.7358,-73.9954,0
40.7622,-73.9861,0
40.7658,-73.9872,0
40.6794,-73.9677,-1
40.7559,-73.9833,0
40.7685,-73.8624,3
40.7151,-74.007,0
40.7531,-73.9744,0
40.7592,-73.9921,0
40.6673,-73.9929,-1
40.6764,-73.9586,-1
40.7727,-73.9533,0
40.7132,-73.9621,2
40.7212,-73.9938,0
40.7505,-73.974,0
40.7567,-73.9846,0
40.7645,-73.9816,0
40.7374,-73.9536,-1
40.7374,-73.9536,-1
40.757,-73.9721,0
40.7686,-73.8626,3
40.7604,-73.9739,0
40.8037,-73.9456,-1
40.7932,-73.9727,0
40.7932,-73.9727,0
40.7683,-73.8622,3
40.7192,-73.9614,2
40.7245,-74.0094,0
40.7078,-74.0104,0
40.8095,-73.9402,-1
40.7517,-74.002,0
40.7166,-74.0164,0
40.7267,-73.9957,0
40.6722,-73.9871,-1
40.7595,-73.833,-1
40.7736,-73.9662,0
40.7878,-73.9768,0
40.7087,-73.9443,2
40.7624,-73.9847,0
40.7279,-73.9512,2
40.7718,-73.9816,0
40.7227,-73.983,0
40.7947,-73.9739,0
40.6421,-73.9578,-1
40.7637,-73.9147,-1
40.7074,-74.0056,0
40.7163,-74.0076,0
40.8289,-73.9375,-1
40.7359,-73.9974,0
40.6316,-74.0278,-1
40.7408,-74.0066,0
40.7283,-73.9852,0
40.6784,-74.0138,-1
40.7915,-73.9688,0
40.7626,-73.9825,0
40.7496,-73.972,0
40.7406,-74.0003,0
40.7745,-73.9914,0
40.736,-73.9764,0
40.7557,-73.9753,0
40.7489,-73.9885,0
40.7607,-74.0027,0
40.7425,-73.9968,0
40.7726,-73.9455,0
40.7747,-73.9653,0
40.7587,-73.9857,0
40.7102,-73.9634,2
40.7745,-73.9838,0
40.7529,-73.9794,0
40.7269,-73.9783,0
40.7919,-73.9741,0
40.7365,-73.9946,0
40.6814,-73.9929,1
40.7367,-73.9821,0
40.7585,-73.8345,-1
40.7309,-74.0016,0
40.7312,-73.926,-1
40.7723,-73.9522,0
40.7497,-74.0028,0
40.7712,-73.958,0
40.7539,-73.9935,0
40.7896,-73.9714,0
40.764,-73.9941,0
40.7689,-73.9611,0
40.7442,-73.9921,0
40.7367,-73.9869,0
40.7615,-73.9857,0
40.6719,-73.9592,-1
40.7308,-73.9594,2
40.7438,-73.9997,0
40.7145,-74.0101,0
40.6955,-73.9261,-1
40.7679,-73.9664,0
40.7226,-74.0035,0
40.7398,-74.0004,0
40.73,-73.9753,0
40.7782,-73.9458,0
40.7531,-74.0039,0
40.7299,-73.9912,0
40.7158,-73.8439,-1
40.7561,-73.9718,0
40.7819,-73.9539,0
40.7905,-73.9737,0
40.751,-73.9795,0
40.7495,-73.9968,0
40.774,-73.8726,3
40.6485,-73.9614,-1
40.7199,-73.9832,0
40.7402,-73.9823,0
40.7676,-73.9538,0
40.7524,-73.9785,0
40.7684,-73.9847,0
40.7571,-73.9837,0
40.7375,-73.9993,0
40.7535,-73.985,0
40.7517,-74.0013,0
40.7462,-74.0027,0
40.7327,-73.9977,0
40.6719,-73.9852,-1
40.7697,-73.9809,0
40.734,-73.9986,0
40.7336,-74.0062,0
40.7645,-73.9657,0
40.756,-73.9929,0
40.7316,-74.0058,0
40.7425,-73.9995,0
40.8091,-73.9519,-1
40.7807,-73.9465,0
40.7517,-73.9937,0
40.7724,-73.9497,0
40.7684,-73.8623,3
40.7506,-73.9791,0
40.7233,-74.0089,0
40.768,-73.9895,0
40.7684,-73.8625,3
40.6851,-73.9609,-1
40.7339,-73.9806,0
40.7263,-73.9989,0
40.773,-73.9481,0
40.7646,-73.9892,0
40.7288,-73.9843,0
40.7339,-74.0004,0
40.7291,-73.9816,0
40.7449,-73.9918,0
40.7147,-73.9631,2
40.721,-73.9812,0
40.7533,-73.967,0
40.7356,-74.0017,0
40.7944,-73.9657,0
40.6813,-73.971,-1
40.7847,-73.9524,0
40.7782,-73.952,0
40.6734,-73.9178,-1
40.721,-73.9556,2
40.7435,-73.9819,0
40.7651,-73.9812,0
40.7866,-73.9781,0
40.7843,-73.9774,0
40.7491,-74.0032,0
40.7712,-73.95,0
40.7232,-74.0026,0
40.7767,-73.9794,0
40.72,-74.0093,0
40.7278,-73.9982,0
40.7748,-73.9469,0
40.7329,-73.9958,0
40.8556,-73.9344,-1
40.7038,-73.9905,0
40.8131,-73.9446,-1
40.7069,-74.009,0
40.7754,-73.9902,0
40.711,-74.0057,0
40.7729,-73.948,0
40.7112,-74.0056,0
40.7585,-73.9833,0
40.7764,-73.9893,0
40.7756,-73.9586,0
40.7894,-73.9775,0
40.7714,-73.866,3
40.7532,-73.9845,0
40.7316,-73.9824,0
40.7719,-73.9494,0
40.7639,-73.9682,0
40.7503,-73.9715,0
40.7733,-73.9649,0
40.7456,-73.9946,0
40.7146,-74.0157,0
40.7385,-73.9835,0
40.7769,-73.9578,0
40.7334,-74.0049,0
40.7101,-73.9635,2
40.6656,-73.9391,-1
40.7439,-73.9881,0
40.7175,-73.9998,0
40.758,-73.9753,0
40.7667,-73.9787,0
40.7066,-74.0156,0
40.7557,-73.991,0
40.6852,-73.9803,1
40.7077,-74.0135,0
40.6897,-73.9801,1
40.7742,-73.9791,0
40.7306,-74.01,0
40.7801,-73.9552,0
40.7781,-73.9542,0
40.6952,-73.9463,-1
40.7761,-73.9556,0
40.7707,-73.8656,3
40.7337,-73.9952,0
40.7421,-73.9969,0
40.6882,-73.9596,-1
40.7722,-73.9498,0
40.7274,-74.0055,0
40.771,-73.9814,0
40.7252,-74.0015,0
40.7252,-73.9843,0
40.7737,-73.8716,3
40.7535,-73.9798,0
40.6893,-73.9779,1
40.7286,-73.9804,0
40.7448,-74.0026,0
40.7722,-73.9827,0
40.7881,-73.9748,0
40.7475,-74.0082,0
40.7716,-73.9827,0
40.7746,-73.9502,0
40.777,-73.9597,0
40.7267,-73.9801,0
40.7625,-73.9964,0
40.7369,-74.0037,0
40.7715,-73.9829,0
40.7705,-73.8652,3
40.7904,-73.9756,0
40.7148,-73.8869,-1
40.7091,-74.0156,0
40.7806,-73.9497,0
40.7439,-73.9993,0
40.7273,-74.006,0
40.7404,-73.9961,0
40.7222,-74.0052,0
40.7651,-73.9749,0
40.7448,-73.9818,0
40.7151,-74.0139,0
40.765,-73.9891,0
40.7625,-73.9739,0
40.7625,-73.9739,0
40.7255,-73.9936,0
40.7186,-73.9864,0
40.7521,-73.9889,0
40.7813,-73.9834,0
40.7899,-73.9756,0
40.777,-73.9869,0
40.7245,-73.9874,0
40.7643,-73.9873,0
40.7339,-73.9811,0
40.77,-73.8646,3
40.7243,-73.9903,0
40.719,-73.9643,2
40.7508,-73.9875,0
40.7237,-74.0109,0
40.7397,-73.9828,0
40.7805,-73.9462,0
40.7707,-73.9626,0
40.7266,-74.0036,0
40.7161,-73.961,2
40.7721,-73.9601,0
40.7741,-73.8724,3
40.7735,-73.96,0
40.7087,-73.9446,2
40.7787,-73.9821,0
40.7455,-73.9989,0
40.7204,-73.9545,2
40.7324,-73.9912,0
40.7698,-73.9919,0
40.7618,-74.0006,0
40.6813,-73.9847,1
40.7077,-74.0102,0
40.7677,-73.9657,0
40.722,-73.9835,0
40.7174,-73.9934,0
40.7662,-73.9641,0
40.7863,-73.9777,0
40.7221,-73.9414,2
40.7265,-73.9792,0
40.6754,-73.9709,-1
40.7406,-73.9821,0
40.7418,-73.9895,0
40.721,-73.9981,0
40.6882,-73.9738,-1
40.7604,-74.0027,0
40.7579,-73.9661,0
40.6867,-73.9877,1
40.767,-73.9859,0
40.7247,-73.9821,0
40.7735,-73.9655,0
40.6886,-73.9853,1
40.7274,-73.9826,0
40.7558,-73.9962,0
40.728,-73.944,2
40.7277,-73.9823,0
40.7375,-73.982,0
40.7452,-73.977,0
40.6628,-73.9441,-1
40.7497,-73.9751,0
40.7764,-73.9503,0
40.7569,-73.9895,0
40.7529,-73.993,0
40.7642,-73.9959,0
40.7762,-73.9559,0
40.7326,-73.9854,0
40.7609,-73.9991,0
40.7107,-73.9655,2
40.721,-74.0043,0
40.752,-73.9694,0
40.7511,-73.9718,0
40.711,-74.0162,0
40.7361,-73.9844,0
40.7808,-73.9546,0
40.7172,-73.9935,0
40.6868,-73.959,-1
40.7554,-73.9948,0
40.7601,-73.9652,0
40.6889,-73.9972,1
40.7522,-73.9856,0
40.7993,-73.9671,0
40.7176,-74.0106,0
40.7499,-73.9838,0
40.7546,-73.9917,0
40.7167,-74.0083,0
40.7822,-73.9806,0
40.7212,-73.9886,0
40.7483,-73.9889,0
40.7592,-73.9944,0
40.6502,-73.9755,-1
40.7299,-74.0037,0
40.7678,-73.9914,0
40.7685,-73.9536,0
40.7306,-73.9864,0
40.7202,-73.996,0
40.7801,-73.9851,0
40.7236,-74.011,0
40.727,-73.958,2
40.7406,-73.9892,0
40.7796,-73.9618,0
40.7648,-73.9806,0
40.7705,-73.9802,0
40.7643,-73.9884,0
40.7706,-73.8655,3
40.759,-73.9764,0
40.7332,-73.99,0
40.7768,-73.9465,0
40.7556,-73.9731,0
40.7096,-74.0139,0
40.7226,-74.0115,0
40.7407,-73.9952,0
40.7768,-73.9897,0
40.7463,-73.9802,0
40.7436,-73.9939,0
40.7451,-73.9986,0
40.7368,-73.9859,0
40.7237,-74.0108,0
40.7486,-73.9928,0
40.7217,-73.9988,0
40.7745,-73.9818,0
40.7741,-73.9887,0
40.7254,-73.9961,0
40.6924,-73.9707,-1
40.7873,-73.9753,0
40.7194,-73.9997,0
40.7772,-73.9783,0
40.7677,-73.9918,0
40.7032,-73.9261,-1
40.7962,-73.9495,0
40.7109,-73.9622,2
40.734,-73.9806,0
40.6886,-73.962,-1
40.7636,-73.9739,0
40.7609,-73.9989,0
40.7346,-73.9999,0
40.7777,-73.9748,0
40.7384,-74.0096,0
40.7288,-73.9882,0
40.745,-74.0024,0
40.7222,-73.9873,0
40.7799,-73.9565,0
40.7262,-73.9864,0
40.7746,-73.9751,0
40.7732,-73.8857,-1
40.7805,-73.9518,0
40.7768,-73.9892,0
40.716,-74.0046,0
40.7709,-73.9641,0
40.7657,-73.9312,-1
40.7559,-73.8252,-1
40.7269,-73.9836,0
40.6818,-73.9574,-1
40.7775,-73.9769,0
40.7264,-73.999,0
40.7238,-73.9569,2
40.7319,-74.0038,0
40.7455,-73.9909,0
40.7451,-74.0039,0
40.7753,-73.9836,0
40.7079,-74.0071,0
40.7333,-74.0046,0
40.7367,-73.9889,0
40.7586,-73.9728,0
40.6876,-73.9737,-1
40.7643,-73.9632,0
40.7175,-73.9558,2
40.7341,-73.9998,0
40.7288,-73.9766,0
40.7169,-73.9649,2
40.761,-73.873,3
40.6859,-73.9843,1
40.6761,-73.9838,-1
40.6819,-73.8565,-1
40.7333,-73.9956,0
40.7497,-74.005,0
40.773,-73.9666,0
40.7273,-74.0015,0
40.7661,-73.9594,0
40.7547,-73.9778,0
40.7381,-74.0095,0
40.7331,-73.9929,0
40.6413,-73.9734,-1
40.7448,-73.9914,0
40.7234,-73.993,0
40.7481,-73.9568,0
40.7481,-73.9568,0
40.7546,-73.9777,0
40.7322,-73.9805,0
40.76,-73.967,0
40.7559,-73.9908,0
40.7153,-74.0094,0
40.7397,-73.9982,0
40.7216,-73.9977,0
40.7785,-73.9773,0
40.7462,-73.9861,0
40.761,-73.9754,0
40.7607,-73.9666,0
40.7217,-73.9489,2
40.736,-73.9553,2
40.6892,-73.9377,-1
40.7339,-74.0045,0
40.7661,-73.9717,0
40.7836,-73.9535,0
40.7249,-74.0029,0
40.7362,-73.9981,0
40.7355,-73.9866,0
40.7468,-73.9923,0
40.7374,-73.9966,0
40.7148,-74.0058,0
40.7784,-73.9791,0
40.7957,-73.9729,0
40.7493,-74.0039,0
40.7633,-73.9589,0
40.7919,-73.9529,0
40.8075,-73.9528,-1
40.6499,-73.9777,-1
40.779,-73.9826,0
40.7221,-73.9816,0
40.7597,-73.9858,0
40.7234,-73.9844,0
40.7678,-73.9832,0
40.7569,-73.9974,0
40.675,-73.9814,-1
40.7629,-73.9818,0
40.7427,-73.9803,0
40.8002,-73.9622,0
40.7569,-73.9637,0
40.7117,-73.9625,2
40.777,-73.9893,0
40.7449,-73.9917,0
40.7188,-73.9545,2
40.7727,-73.9812,0
40.7505,-73.974,0
40.7381,-74.0,0
40.7086,-73.9538,2
40.6898,-73.9662,-1
40.6306,-73.9692,-1
40.7303,-73.9927,0
40.7318,-74.0044,0
40.7458,-73.9822,0
40.7627,-73.9616,0
40.7448,-73.9888,0
40.7592,-73.9946,0
40.6305,-74.021,-1
40.7491,-73.9757,0
40.7565,-73.9822,0
40.7694,-73.9604,0
40.7148,-74.01,0
40.7781,-73.9629,0
40.7354,-73.9827,0
40.7869,-73.9505,0
40.7159,-74.011,0
40.7995,-73.9452,0
40.7684,-73.9847,0
40.7482,-73.9808,0
40.7415,-74.0006,0
40.6209,-73.9126,-1
40.7659,-73.9811,0
40.7706,-73.992,0
40.6275,-73.9279,-1
40.7075,-74.0071,0
40.7312,-73.9544,2
40.7424,-73.9993,0
40.7214,-73.9877,0
40.77,-73.9667,0
40.7384,-73.9855,0
40.7261,-73.992,0
40.683,-73.9645,-1
40.7754,-73.9837,0
40.6759,-73.977,-1
40.7153,-74.0094,0
40.8308,-73.9207,-1
40.7632,-73.9654,0
40.7215,-74.0113,0
40.6796,-73.9978,1
40.6801,-73.9717,-1
40.7678,-73.9916,0
40.7666,-73.9783,0
40.7472,-73.9737,0
40.7715,-73.9869,0
40.7518,-73.9901,0
40.7338,-74.0016,0
40.7976,-73.9709,0
40.6837,-73.9931,1
40.7486,-73.9845,0
40.7568,-73.9741,0
40.745,-73.9912,0
40.72,-73.9538,2
40.782,-73.9757,0
40.7259,-73.9897,0
40.7192,-74.0065,0
40.6815,-73.9831,1
40.7072,-74.0173,0
40.7739,-73.9628,0
40.7175,-73.9528,2
40.7605,-73.9679,0
40.7741,-73.8727,3
40.7659,-73.9178,-1
40.667,-73.9307,-1
40.736,-73.9934,0
40.7201,-74.0102,0
40.7661,-73.9677,0
40.7433,-73.9938,0
40.7241,-74.0001,0
40.7382,-74.0,0
40.7231,-73.9841,0
40.7769,-73.9535,0
40.7756,-73.9764,0
40.7449,-74.0053,0
40.767,-73.9213,-1
40.6952,-73.9306,-1
40.7641,-73.9766,0
40.7257,-74.0057,0
40.7611,-73.9994,0
40.7767,-73.963,0
40.6443,-74.004,-1
40.7601,-73.9803,0
40.7032,-73.9907,0
40.7423,-73.9969,0
40.7436,-73.9965,0
40.7535,-73.9788,0
40.7723,-73.9486,0
40.7687,-73.9917,0
40.7392,-73.9938,0
40.7744,-73.9824,0
40.7671,-73.9544,0
40.731,-73.9889,0
40.7745,-73.9895,0
40.7283,-73.9819,0
40.7415,-73.9854,0
40.7421,-73.981,0
40.7753,-73.9836,0
40.7498,-73.891,-1
40.7323,-74.0053,0
40.7721,-73.9899,0
40.7031,-73.9861,0
40.7192,-73.9629,2
40.77,-73.9631,0
40.7824,-73.9769,0
40.7648,-73.9726,0
40.739,-73.9851,0
40.7865,-73.9424,0
40.7172,-74.0038,0
40.7613,-73.9681,0
40.7269,-73.9915,0
40.7584,-73.989,0
40.7235,-73.9947,0
40.7754,-73.9627,0
40.7096,-74.0141,0
40.785,-73.9558,0
40.7232,-73.9975,0
40.7459,-73.9728,0
40.7599,-73.9741,0
40.6861,-73.9735,-1
40.8382,-73.8546,-1
40.7513,-73.9936,0
40.7799,-73.9746,0
40.7355,-74.0037,0
40.7599,-73.9649,0
40.7754,-73.9521,0
40.7436,-73.9817,0
40.77,-73.9591,0
40.6754,-73.9976,-1
40.7711,-73.9616,0
40.7263,-73.9961,0
40.6804,-73.8448,-1
40.7325,-73.9954,0
40.7675,-73.9827,0
40.7601,-73.9673,0
40.7218,-73.992,0
40.7519,-73.9853,0
40.781,-73.9553,0
40.7383,-73.9969,0
40.7648,-73.961,0
40.7718,-73.9889,0
40.7759,-73.957,0
40.7963,-73.9685,0
40.7324,-73.9901,0
40.7212,-73.9967,0
40.7591,-73.9655,0
40.7243,-73.9935,0
40.7396,-74.0063,0
40.7504,-73.9834,0
40.7499,-73.9835,0
40.7856,-73.9543,0
40.7199,-73.9625,2
40.7169,-73.9979,0
40.8438,-73.9366,-1
40.7608,-73.9686,0
40.7276,-73.9925,0
40.7794,-73.9819,0
40.7702,-73.9616,0
40.7847,-73.956,0
40.67,-73.9774,-1
40.7678,-73.9915,0
40.6753,-74.0128,-1
40.7315,-73.9825,0
40.8097,-73.9424,-1
40.7357,-74.002,0
40.7361,-74.0048,0
40.777,-73.978,0
40.7321,-74.0002,0
40.7906,-74.0543,-1
40.7168,-73.9521,2
40.7506,-73.9745,0
40.7481,-73.9817,0
40.7028,-74.0142,0
40.7836,-73.9573,0
40.734,-73.9985,0
40.7459,-73.9883,0
40.7459,-73.9515,-1
40.7242,-74.0103,0
40.7454,-73.9135,-1
40.7223,-74.0082,0
40.7088,-74.0109,0
40.7767,-73.963,0
40.7364,-73.9789,0
40.6671,-73.9814,-1
40.7295,-73.9811,0
40.7458,-73.988,0
40.7706,-73.8655,3
40.7466,-73.9938,0
40.7348,-73.98,0
40.7416,-74.0028,0
40.7705,-73.8653,3
40.764,-73.9743,0
40.7542,-73.9805,0
40.7072,-74.0043,0
40.6976,-73.9958,1
40.7527,-73.9931,0
40.7168,-73.9804,0
40.7839,-73.9781,0
40.7274,-74.0055,0
40.7715,-73.9593,0
40.703,-73.9835,0
40.7049,-74.0136,0
40.7593,-73.9722,0
40.7511,-74.0046,0
40.7131,-74.0094,0
40.7497,-74.0031,0
40.7156,-74.0165,0
40.7105,-73.9657,2
40.742,-74.0047,0
40.777,-73.9537,0
40.7117,-73.9624,2
40.7336,-73.9941,0
40.763,-73.9655,0
40.6843,-73.995,1
40.7735,-73.9517,0
40.7704,-73.954,0
40.7222,-74.0106,0
40.7507,-73.9808,0
40.769,-73.9529,0
40.7558,-73.9823,0
40.7506,-73.9945,0
40.7634,-73.9265,-1
40.6811,-73.9807,1
40.7348,-74.0062,0
40.7672,-73.9535,0
40.7242,-73.991,0
40.7336,-73.9879,0
40.7219,-73.9867,0
40.7398,-73.9815,0
40.7767,-73.9793,0
40.7322,-73.9803,0
40.7421,-73.9008,-1
40.6934,-73.9995,1
40.752,-73.9936,0
40.7346,-73.9789,0
40.7346,-73.9908,0
40.7785,-73.9885,0
40.8115,-73.9445,-1
40.6629,-73.9783,-1
40.777,-73.9861,0
40.7592,-73.9944,0
40.731,-74.0048,0
40.7781,-73.9485,0
40.7513,-73.9941,0
40.7423,-73.9723,0
40.7401,-73.9805,0
40.7422,-74.0006,0
40.7111,-74.0058,0
40.7816,-73.9527,0
40.7363,-73.9827,0
40.7558,-73.9867,0
40.7171,-73.9522,2
40.7386,-73.9977,0
40.741,-73.9765,0
40.6967,-73.9962,1
40.76,-73.9615,0
40.8148,-73.9523,-1
40.7293,-73.9858,0
40.7744,-73.9775,0
40.7407,-73.9797,0
40.7213,-73.9838,0
40.7892,-73.9785,0
40.7673,-73.9845,0
40.7445,-74.0028,0
40.7286,-73.9857,0
40.7383,-73.9931,0
40.7322,-73.9799,0
40.7322,-73.9799,0
40.7309,-73.9856,0
40.7706,-73.9632,0
40.7513,-73.9763,0
40.7996,-73.9716,0
40.7091,-73.9591,2
40.7382,-74.0095,0
40.6818,-73.9945,1
40.7076,-73.9409,2
40.7556,-73.9919,0
40.7271,-74.0018,0
40.7443,-73.9891,0
40.7081,-74.0063,0
40.7388,-74.0092,0
40.7409,-73.9975,0
40.7522,-73.9856,0
40.7654,-73.9859,0
40.7533,-73.9961,0
40.7531,-73.9681,0
40.7393,-73.9939,0
40.7831,-73.9572,0
40.7324,-73.9948,0
40.74,-73.9859,0
40.7473,-73.9811,0
40.7102,-73.9487,2
40.7236,-74.0109,0
40.7891,-73.9757,0
40.7098,-74.0103,0
40.7726,-73.9613,0
40.7587,-73.9612,0
40.7348,-74.0039,0
40.7687,-73.958,0
40.741,-74.0016,0
40.7653,-73.9854,0
40.7257,-73.9772,0
40.7361,-73.9122,-1
40.7703,-73.9618,0
40.7706,-73.8654,3
40.7453,-73.9908,0
40.7702,-73.9513,0
40.7229,-74.0011,0
40.7858,-73.9548,0
40.6895,-73.9363,-1
40.7107,-73.9678,0
40.7594,-73.833,-1
40.7291,-74.0001,0
40.7485,-73.9761,0
40.7354,-73.9796,0
40.7033,-73.9888,0
40.6765,-74.001,-1
40.7155,-73.96,2
40.7111,-74.0052,0
40.7175,-74.0071,0
40.7324,-73.9901,0
40.7434,-73.9884,0
40.774,-73.8725,3
40.7636,-73.9893,0
40.7156,-73.99,0
40.7337,-74.0022,0
40.7674,-73.9861,0
40.7337,-74.0069,0
40.7679,-73.9915,0
40.7922,-73.968,0
40.756,-73.9965,0
40.7164,-73.955,2
40.7756,-73.9525,0
40.7252,-73.9546,2
40.7501,-73.9793,0
40.7718,-73.952,0
40.7207,-73.9996,0
40.7704,-73.8652,3
40.7559,-73.969,0
40.7211,-73.9564,2
40.7744,-73.9884,0
40.7793,-73.9536,0
40.8506,-73.9354,-1
40.7192,-74.0052,0
40.7388,-74.0091,0
40.7543,-73.9942,0
40.7306,-74.0005,0
40.8043,-73.9582,0
40.7884,-73.9782,0
40.7354,-73.9809,0
40.6882,-73.9954,1
40.7672,-73.9862,0
40.7226,-73.999,0
40.7486,-73.9871,0
40.7474,-73.9723,0
40.7609,-73.9965,0
40.7618,-73.9181,-1
40.7951,-73.9706,0
40.7985,-73.9732,0
40.7236,-73.9796,0
40.7791,-73.9827,0
40.682,-73.9635,-1
40.768,-73.9565,0
40.7719,-73.9815,0
40.713,-73.9639,2
40.748,-73.9915,0
40.688,-73.9728,-1
40.7398,-73.993,0
40.7434,-73.9919,0
40.7684,-73.9847,0
40.7829,-73.9459,0
40.7149,-74.0066,0
40.7245,-74.0717,-1
40.7668,-73.9835,0
40.7568,-73.9611,0
40.7513,-73.9722,0
40.6577,-73.9793,-1
40.7707,-73.8655,3
40.698,-73.985,1
40.7538,-73.971,0
40.7164,-73.9884,0
40.7279,-73.9841,0
40.7616,-73.9866,0
40.7396,-73.9871,0
40.7503,-73.9857,0
40.6907,-73.9964,1
40.673,-73.9607,-1
40.7504,-73.9736,0
40.7454,-73.9825,0
40.7841,-73.9562,0
40.7301,-74.0053,0
40.7655,-73.9759,0
40.7656,-73.9833,0
40.7199,-74.0077,0
40.7798,-73.9772,0
40.7278,-74.0045,0
40.7371,-73.9965,0
40.7271,-73.9842,0
40.7609,-73.9866,0
40.6797,-74.005,-1
40.7707,-73.9627,0
40.7472,-73.9897,0
40.7169,-73.9636,2
40.7498,-73.9795,0
40.751,-73.9846,0
40.7459,-73.9882,0
40.741,-73.9942,0
40.6763,-73.962,-1
40.7058,-74.0098,0
40.685,-73.9564,-1
40.6959,-73.8397,-1
40.7261,-73.9798,0
40.7603,-73.9578,0
40.7589,-73.9723,0
40.7267,-74.0021,0
40.8336,-73.9437,-1
40.7673,-73.9666,0
40.763,-73.97,0
40.722,-74.0018,0
40.7675,-73.9827,0
40.7115,-74.0103,0
40.7482,-73.9852,0
40.7785,-73.9774,0
40.7787,-73.982,0
40.7595,-73.9846,0
40.7079,-73.9467,2
40.7882,-73.9804,0
40.7342,-73.9784,0
40.7302,-74.0029,0
40.7113,-74.0055,0
40.7275,-74.0055,0
40.7519,-73.9936,0
40.7554,-73.9834,0
40.6975,-73.9967,1
40.7817,-73.9471,0
40.7508,-73.9861,0
40.8204,-73.9437,-1
40.7168,-74.0123,0
40.7462,-73.9821,0
40.7255,-73.9946,0
40.7257,-73.9807,0
40.7361,-73.9978,0
40.7822,-73.9808,0
40.77,-73.9552,0
40.7378,-73.9937,0
40.7481,-73.9955,0
40.7334,-74.0006,0
40.7606,-73.9873,0
40.7641,-73.9791,0
40.7595,-73.9912,0
40.6774,-73.9983,1
40.7677,-73.9911,0
40.7107,-74.0092,0
40.6716,-73.9879,-1
40.6745,-73.9787,-1
40.74,-74.006,0
40.7083,-73.9532,2
40.7326,-73.9876,0
40.7606,-73.9716,0
40.7367,-73.9868,0
40.7459,-73.9882,0
40.7741,-73.8725,3
40.7563,-73.9831,0
40.724,-73.9825,0
40.7364,-73.9796,0
40.7352,-74.0007,0
40.7163,-74.0149,0
40.7388,-74.0077,0
40.7805,-73.9801,0
40.742,-73.9746,0
40.7167,-74.0071,0
40.7193,-73.983,0
40.7087,-73.936,-1
40.7195,-74.0103,0
40.7665,-73.953,0
40.6914,-73.9853,1
40.709,-74.017,0
40.7342,-73.9925,0
40.7412,-73.9888,0
40.7247,-73.9941,0
40.7088,-74.0024,0
40.6916,-73.9278,-1
40.7613,-73.9978,0
40.7192,-74.0018,0
40.78,-73.9575,0
40.778,-73.9545,0
40.7613,-73.9679,0
40.707,-74.0123,0
40.7637,-73.9693,0
40.7245,-73.9906,0
40.7351,-73.98,0
40.7431,-73.9952,0
40.7449,-74.0086,0
40.7859,-73.9571,0
40.7374,-73.9873,0
40.7755,-73.9784,0
40.7596,-73.9856,0
40.7559,-73.9826,0
40.7111,-73.9606,2
40.7485,-73.9768,0
40.7455,-73.9925,0
40.7367,-73.9889,0
40.7027,-73.9828,0
40.7178,-74.0028,0
40.7342,-73.9578,2
40.7393,-73.9937,0
40.7617,-73.9866,0
40.7846,-73.9717,0
40.7811,-73.9777,0
40.7483,-74.0056,0
40.6673,-73.9754,-1
40.746,-73.9905,0
40.6216,-74.0289,-1
40.7617,-73.9711,0
40.7732,-73.9463,0
40.7622,-73.9704,0
40.7157,-73.948,2
40.7354,-74.0041,0
40.7804,-73.984,0
40.7571,-73.9748,0
40.7042,-73.9877,0
40.7746,-73.984,0
40.7951,-73.9761,0
40.7631,-73.9802,0
40.7333,-73.99,0
40.7438,-74.0033,0
40.7097,-73.964,2
40.7189,-73.9751,0
40.8483,-73.8954,-1
40.735,-73.8626,-1
40.7671,-73.9622,0
40.7654,-73.9755,0
40.6774,-73.9994,-1
40.7203,-73.9981,0
40.762,-73.9825,0
40.762,-73.9825,0
40.7399,-73.9936,0
40.7644,-73.9632,0
40.705,-74.0117,0
40.7703,-73.9803,0
40.6594,-73.9828,-1
40.7199,-74.0003,0
40.7126,-73.9604,2
40.7836,-73.9573,0
40.7151,-73.9457,2
40.6864,-73.9568,-1
40.7256,-73.9946,0
40.7532,-73.9248,-1
40.7532,-73.9248,-1
40.6775,-73.9636,-1
40.7103,-74.0055,0
40.7258,-74.004,0
40.7705,-73.9822,0
40.7191,-74.0046,0
40.7987,-73.9695,0
40.7248,-73.9807,0
40.7517,-74.0039,0
40.7309,-73.9913,0
40.7268,-73.9797,0
40.7096,-74.0149,0
40.7788,-73.948,0
40.756,-73.9704,0
40.7443,-73.9855,0
40.7855,-73.9699,0
40.7511,-74.0058,0
40.7235,-74.0107,0
40.7926,-73.9668,0
40.7919,-73.9528,0
40.7194,-74.0045,0
40.7484,-73.9926,0
40.7594,-73.9889,0
40.7636,-73.9806,0
40.7659,-73.9888,0
40.7682,-73.9685,0
40.7213,-73.9877,0
40.7235,-74.0108,0
40.7685,-73.8627,3
40.7363,-73.9811,0
40.7483,-74.0056,0
40.7295,-74.001,0
40.732,-74.0077,0
40.7253,-73.9952,0
40.7598,-73.9858,0
40.7635,-73.9575,0
40.7267,-73.9851,0
40.7768,-73.9533,0
40.7877,-73.9676,0
40.7645,-73.9815,0
40.6778,-73.9157,-1
40.7392,-73.9991,0
40.7529,-74.004,0
40.7349,-73.99,0
40.7493,-73.9945,0
40.7615,-73.99,0
40.7302,-74.003,0
40.7505,-73.9916,0
40.7552,-73.9722,0
40.7385,-73.9864,0
40.8104,-73.9527,-1
40.7325,-73.9931,0
40.6916,-73.8252,-1
40.7237,-73.9914,0
40.7246,-73.9986,0
40.7149,-73.9587,2
40.7683,-73.9603,0
40.6439,-73.9839,-1
40.7601,-73.963,0
40.6811,-73.9723,-1
40.7355,-74.0034,0
40.7741,-73.8722,3
40.7103,-74.0175,0
40.781,-73.9571,0
40.678,-73.9845,1
40.7203,-73.9854,0
40.7509,-73.9784,0
40.7227,-73.9942,0
40.6915,-73.9844,1
40.7454,-73.9722,0
40.716,-74.012,0
40.6633,-73.9428,-1
40.7049,-74.0173,0
40.7706,-73.9627,0
40.7836,-73.9549,0
40.7785,-73.9529,0
40.7629,-73.982,0
40.7235,-73.996,0
40.7605,-74.0026,0
40.7076,-74.0049,0
40.7704,-73.9686,0
40.7228,-73.9943,0
40.724,-74.0034,0
40.7163,-74.0094,0
40.7785,-73.9835,0
40.7505,-73.9946,0
40.6494,-73.9651,-1
40.7198,-74.0004,0
40.7368,-73.9803,0
40.7481,-73.9568,0
40.7632,-73.9854,0
40.7091,-74.0021,0
40.7376,-74.0082,0
40.8023,-73.9641,0
40.7246,-73.9801,0
40.7736,-73.9577,0
40.7954,-73.9757,0
40.7665,-73.9884,0
40.7301,-73.9555,2
40.7375,-73.9902,0
40.7694,-73.9538,0
40.7267,-73.9525,2
40.7857,-73.9803,0
40.8023,-73.9621,0
40.7876,-73.9677,0
40.7799,-73.9467,0
40.7658,-73.9542,0
40.756,-73.9968,0
40.7602,-73.9951,0
40.771,-73.8661,3
40.7671,-73.9523,0
40.7814,-73.9494,0
40.7614,-73.9998,0
40.7685,-73.9876,0
40.7727,-73.9605,0
40.7376,-73.9954,0
40.7588,-73.9644,0
40.7304,-73.9824,0
40.788,-73.978,0
40.6855,-73.9663,-1
40.7814,-73.9563,0
40.7678,-73.958,0
40.7242,-74.0001,0
40.7705,-73.96,0
40.7353,-73.9962,0
40.7686,-73.9581,0
40.7682,-73.9916,0
40.7653,-73.9696,0
40.7572,-73.9676,0
40.746,-73.9984,0
40.7487,-73.9424,-1
40.7496,-73.9838,0
40.7629,-73.9934,0
40.7807,-73.9532,0
40.7805,-73.9613,0
40.7812,-73.9594,0
40.7277,-73.9838,0
40.7342,-73.9872,0
40.7772,-73.9443,0
40.7683,-73.9572,0
40.7167,-73.9815,0
40.7528,-73.9676,0
40.7444,-73.9803,0
40.6896,-73.9529,-1
40.7359,-73.9854,0
40.6811,-73.9806,1
40.686,-73.9566,-1
40.7272,-74.0062,0
40.7511,-73.9848,0
40.7779,-73.983,0
40.7425,-73.9959,0
40.7277,-74.0435,-1
40.8129,-73.9439,-1
40.7489,-73.9822,0
40.7275,-73.948,2
40.7785,-73.9574,0
40.743,-73.9739,0
40.7673,-73.9937,0
40.7285,-73.9987,0
40.7285,-73.9987,0
40.7347,-73.9861,0
40.7246,-73.9846,0
40.7311,-73.9757,0
40.7289,-73.9864,0
40.727,-73.9768,0
40.7514,-73.9939,0
40.7758,-73.9898,0
40.7604,-74.0029,0
40.77,-73.9806,0
40.7302,-73.9912,0
40.6424,-73.9545,-1
40.7107,-74.0161,0
40.7341,-73.978,0
40.7827,-73.9732,0
40.6765,-73.9584,-1
40.7737,-73.9483,0
40.7275,-73.9921,0
40.7243,-73.9793,0
40.7361,-73.9789,0
40.7704,-73.9814,0
40.732,-74.0053,0
40.7651,-73.9612,0
40.7767,-73.985,0
40.7545,-73.9774,0
40.8053,-73.9566,-1
40.7625,-73.9764,0
40.7496,-73.9725,0
40.6887,-73.9619,-1
40.7234,-73.9913,0
40.7283,-74.0647,-1
40.7365,-74.0071,0
40.7382,-73.9775,0
40.7797,-73.9577,0
40.775,-73.9889,0
40.7435,-73.977,0
40.7319,-74.005,0
40.6852,-73.9663,-1
40.7482,-74.0054,0
40.6584,-73.9533,-1
40.7799,-73.9596,0
40.759,-73.9943,0
40.7341,-73.9814,0
40.7658,-73.9872,0
40.7742,-73.9652,0
40.8291,-73.9213,-1
40.8066,-73.96,0
40.7663,-73.9623,0
40.7782,-73.9853,0
40.7352,-74.0014,0
40.7328,-74.0045,0
40.7406,-73.9795,0
40.7405,-73.9903,0
40.7103,-73.9898,0
40.7881,-73.9673,0
40.7509,-73.9909,0
40.7597,-73.995,0
40.7556,-73.9975,0
40.778,-73.9486,0
40.7191,-73.9999,0
40.6945,-73.9934,1
40.7712,-73.9822,0
40.7324,-73.9949,0
40.7236,-74.0109,0
40.7531,-73.9967,0
40.6651,-73.985,-1
40.7572,-73.9841,0
40.7485,-73.9736,0
40.7697,-73.9809,0
40.7419,-74.0039,0
40.7277,-73.9859,0
40.7481,-73.9915,0
40.6771,-73.9737,-1
40.7119,-73.9496,2
40.7598,-73.9207,-1
40.7712,-73.8664,3
40.7376,-74.0055,0
40.7022,-73.9886,0
40.6658,-73.9809,-1
40.7739,-73.8714,3
40.6933,-73.9673,-1
40.7387,-74.0032,0
40.7017,-73.9171,-1
40.7781,-73.9819,0
40.7369,-74.0038,0
40.7605,-73.9934,0
40.757,-73.961,0
40.806,-73.9672,0
40.7325,-73.9971,0
40.7778,-73.9514,0
40.7482,-73.9912,0
40.7803,-73.9757,0
40.7501,-73.9727,0
40.7671,-73.9627,0
40.7467,-73.9409,-1
40.76,-73.9962,0
40.7844,-73.9541,0
40.7944,-73.974,0
40.7542,-73.9826,0
40.6897,-73.9161,-1
40.6867,-73.9675,-1
40.7164,-74.0127,0
40.735,-73.9893,0
40.735,-73.9893,0
40.7649,-73.9821,0
40.7347,-74.0007,0
40.7155,-74.0061,0
40.7226,-73.9772,0
40.7618,-73.9706,0
40.7798,-73.9843,0
40.7343,-74.0078,0
40.7172,-74.0049,0
40.7414,-73.9984,0
40.7758,-73.9508,0
40.7442,-73.9856,0
40.774,-73.9487,0
40.7453,-73.9723,0
40.776,-73.9556,0
40.7829,-73.951,0
40.7468,-73.9806,0
40.7678,-73.9832,0
40.6867,-73.9594,-1
40.7437,-73.9925,0
40.6737,-73.9729,-1
40.7264,-74.0003,0
40.7795,-73.9506,0
40.7417,-73.9763,0
40.6803,-74.0001,1
40.6757,-73.981,-1
40.7281,-73.9831,0
40.7557,-73.9922,0
40.7241,-74.0103,0
40.7285,-73.9573,2
40.7284,-73.9788,0
40.7241,-74.0035,0
40.7223,-73.9984,0
40.7597,-73.988,0
40.7444,-73.9992,0
40.7577,-73.9895,0
40.7391,-74.0081,0
40.7641,-73.9782,0
40.8003,-73.9535,0
40.7665,-73.9838,0
40.7309,-74.0043,0
40.7341,-73.9776,0
40.7233,-73.9913,0
40.7831,-73.9531,0
40.7435,-73.9729,0
40.7436,-73.9924,0
40.7782,-73.9196,-1
40.7774,-73.9784,0
40.6727,-73.9589,-1
40.7289,-73.9849,0
40.7453,-73.9724,0
40.7367,-73.9889,0
40.7652,-73.962,0
40.7143,-73.9878,0
40.785,-73.9484,0
40.7478,-73.9737,0
40.7251,-73.9833,0
40.6967,-73.9962,1
40.7199,-74.0102,0
40.834,-73.948,-1
40.7592,-73.9961,0
40.7455,-73.9924,0
40.7782,-73.985,0
40.6887,-73.9973,1
40.7778,-73.9786,0
40.7834,-73.9818,0
40.7355,-74.004,0
40.7248,-73.9806,0
40.7338,-73.9776,0
40.7763,-73.9834,0
40.7631,-73.9697,0
40.7226,-73.9845,0
40.7741,-73.8725,3
40.7499,-73.9977,0
40.7655,-73.9624,0
40.7655,-73.9624,0
40.7691,-73.9814,0
40.7571,-73.9721,0
40.7323,-74.0077,0
40.7892,-73.9542,0
40.72,-74.0076,0
40.7843,-73.9703,0
40.7915,-73.978,0
40.7864,-73.9686,0
40.7916,-73.9738,0
40.7251,-73.9831,0
40.7444,-74.0059,0
40.7258,-73.9793,0
40.7846,-73.9719,0
40.7694,-73.935,0
40.6632,-73.9879,-1
40.7024,-73.9849,0
40.758,-73.9888,0
40.6995,-73.9298,-1
40.7052,-74.0078,0
40.762,-73.9617,0
40.734,-74.0096,0
40.7832,-73.9552,0
40.7514,-73.9939,0
40.782,-73.9519,0
40.7485,-74.0055,0
40.7641,-73.9866,0
40.722,-73.9777,0
40.7586,-73.9887,0
40.7229,-73.9979,0
40.7641,-73.9785,0
40.7651,-73.9915,0
40.7458,-73.9899,0
40.7531,-73.9957,0
40.7362,-73.9514,-1
40.7397,-73.9463,-1
40.7278,-73.9564,2
40.738,-74.0004,0
40.7226,-74.0003,0
40.7249,-73.9983,0
40.7983,-73.9685,0
40.7476,-74.0018,0
40.7564,-73.9974,0
40.7179,-74.0088,0
40.7317,-73.993,0
40.7642,-73.9608,0
40.749,-73.9845,0
40.7379,-73.9806,0
40.7297,-74.0045,0
40.7158,-74.0038,0
40.7359,-73.9957,0
40.7316,-74.0067,0
40.7166,-73.9572,2
40.7261,-74.0096,0
40.7731,-73.8857,-1
40.7459,-73.9781,0
40.742,-73.983,0
40.7078,-74.009,0
40.6737,-73.9685,-1
40.7924,-73.9753,0
40.7753,-73.9593,0
40.7089,-74.0074,0
40.7489,-73.9938,0
40.7816,-73.9523,0
40.732,-74.0026,0
40.7372,-73.9815,0
40.7809,-73.9581,0
40.7505,-73.979,0
40.741,-73.9918,0
40.7677,-73.9694,0
40.7677,-73.9694,0
40.7796,-73.9839,0
40.7217,-73.9875,0
40.7302,-73.9992,0
40.7445,-73.9749,0
40.6859,-73.9542,-1
40.7008,-73.9191,-1
40.7406,-74.0018,0
40.7745,-73.9593,0
40.7288,-73.9513,2
40.6696,-73.9827,-1
40.8374,-73.9162,-1
40.7384,-73.9921,0
40.7795,-73.9772,0
40.6927,-73.9728,-1
40.8018,-73.9668,0
40.7263,-73.9934,0
40.7379,-74.002,0
40.7651,-73.9804,0
40.7616,-73.9997,0
40.7462,-73.9904,0
40.7655,-73.9755,0
40.733,-73.9978,0
40.7322,-74.0005,0
40.7213,-73.9817,0
40.7698,-73.9589,0
40.74,-73.9824,0
40.7276,-74.0014,0
40.7445,-73.9845,0
40.7111,-74.0055,0
40.7741,-73.8726,3
40.7524,-73.9768,0
40.6929,-73.9961,1
40.7581,-73.9656,0
40.7641,-73.9784,0
40.7445,-73.9915,0
40.7717,-73.9885,0
40.7284,-73.9889,0
40.7475,-73.9811,0
40.7218,-73.9934,0
40.7757,-73.986,0
40.7148,-74.01,0
40.7679,-73.9598,0
40.7111,-73.9586,2
40.7169,-74.0124,0
40.7376,-74.0074,0
40.7767,-73.9464,0
40.7441,-73.9976,0
40.7241,-73.9825,0
40.7671,-73.9604,0
40.6732,-73.9839,-1
40.6796,-73.9738,-1
40.7679,-73.9059,-1
40.7324,-73.9929,0
40.6696,-73.9826,-1
40.7435,-73.9728,0
40.7546,-73.9929,0
40.7166,-74.0163,0
40.7344,-73.9896,0
40.7336,-73.9915,0
40.7371,-73.9795,0
40.724,-73.953,2
40.7155,-73.9908,0
40.7814,-73.9513,0
40.7589,-73.9939,0
40.7802,-73.9812,0
40.6959,-73.9839,1
40.761,-73.9966,0
40.7037,-73.9897,0
40.7272,-73.9804,0
40.7696,-73.9558,0
40.7429,-73.9923,0
40.7473,-73.9771,0
40.7374,-73.9791,0
40.7199,-73.9832,0
40.7734,-73.9782,0
40.7451,-74.0025,0
40.7657,-73.9683,0
40.72,-73.9999,0
40.7757,-73.9604,0
40.7264,-73.9524,2
40.7759,-73.9755,0
40.7824,-73.9808,0
40.7371,-74.0025,0
40.7798,-73.9744,0
40.7664,-73.9387,0
40.7742,-73.9631,0
40.7371,-73.9962,0
40.7994,-73.971,0
40.7576,-73.9613,0
40.7813,-73.948,0
40.7476,-73.9821,0
40.7222,-74.0108,0
40.6832,-73.8366,-1
40.7344,-73.9544,2
40.7183,-73.9865,0
40.736,-73.9957,0
40.7448,-73.9851,0
40.6757,-74.0161,-1
40.6709,-73.9795,-1
40.7644,-73.9689,0
40.7701,-73.9514,0
40.7667,-73.9531,0
40.7686,-73.8629,3
40.7883,-73.9743,0
40.6963,-73.9721,-1
40.7732,-73.9462,0
40.7326,-73.9952,0
40.7126,-73.9441,2
40.7288,-73.9948,0
40.6974,-73.9586,-1
40.7382,-74.0056,0
40.7526,-73.993,0
40.7333,-73.997,0
40.7256,-73.9763,0
40.7645,-73.9831,0
40.7095,-74.0148,0
40.7407,-74.0018,0
40.7828,-73.9824,0
40.7844,-73.9774,0
40.7206,-73.9952,0
40.7388,-73.9937,0
40.7824,-73.9715,0
40.7463,-73.9966,0
40.6693,-73.973,-1
40.7644,-73.9632,0
40.7208,-73.9872,0
40.7255,-74.0091,0
40.7172,-73.9523,2
40.7877,-73.981,0
40.7445,-73.9846,0
40.7654,-73.9641,0
40.7691,-73.9813,0
40.7742,-73.8724,3
40.7483,-74.0081,0
40.7501,-73.9916,0
40.772,-73.9522,0
40.7531,-74.004,0
40.7835,-73.9744,0
40.7764,-73.9803,0
40.7556,-73.9855,0
40.7408,-73.9789,0
40.7679,-73.9533,0
40.7739,-73.8721,3
40.75,-73.9899,0
40.764,-73.9619,0
40.781,-73.9551,0
40.7826,-73.9812,0
40.722,-73.9867,0
40.7764,-73.9502,0
40.7729,-73.9895,0
40.6834,-73.936,-1
40.7384,-73.98,0
40.6823,-73.9635,-1
40.7329,-73.975,0
40.747,-73.9926,0
40.7452,-74.0002,0
40.7752,-73.9632,0
40.6941,-73.9623,-1
40.7969,-73.9709,0
40.7858,-73.9691,0
40.7168,-74.0144,0
40.7065,-73.9371,-1
40.689,-73.9889,1
40.7761,-73.9478,0
40.742,-74.0047,0
40.7428,-73.9943,0
40.7294,-74.0015,0
40.753,-74.0043,0
40.7636,-73.9616,0
40.7026,-74.0966,-1
40.7394,-73.9936,0
40.7394,-73.9936,0
40.789,-73.98,0
40.7556,-73.9975,0
40.7901,-73.9753,0
40.6848,-73.9865,1
40.7249,-73.9881,0
40.7237,-74.0111,0
40.7417,-73.9937,0
40.7525,-73.9931,0
40.7261,-73.9963,0
40.7406,-74.0059,0
40.7502,-73.983,0
40.7879,-73.9775,0
40.6258,-73.9705,-1
40.768,-73.9582,0
40.6483,-73.975,-1
40.775,-73.949,0
40.7141,-74.0095,0
40.7499,-73.9798,0
40.7303,-73.9937,0
40.6828,-73.9635,-1
40.7476,-73.973,0
40.7198,-73.9609,2
40.7687,-73.8673,3
40.7242,-73.9999,0
40.7301,-73.9938,0
40.779,-73.945,0
40.7391,-74.0081,0
40.7366,-73.9868,0
40.7871,-73.9753,0
40.7443,-73.9803,0
40.7443,-73.9803,0
40.6908,-73.9596,-1
40.6343,-73.9659,-1
40.7499,-73.9702,0
40.7094,-74.014,0
40.7562,-73.9872,0
40.6936,-73.9799,1
40.7749,-73.9889,0
40.7393,-73.9828,0
40.7506,-73.9944,0
40.6987,-73.938,-1
40.8205,-73.9563,-1
40.7645,-73.9689,0
40.6683,-73.9826,-1
40.7359,-73.9853,0
40.7813,-73.9779,0
40.7628,-73.9635,0
40.665,-73.988,-1
40.6771,-73.9723,-1
40.7301,-73.9553,2
40.7685,-73.8625,3
40.7613,-73.9974,0
40.7321,-74.0045,0
40.7277,-73.9519,2
40.7501,-73.9914,0
40.7318,-74.0079,0
40.7401,-73.9801,0
40.7357,-74.0025,0
40.7157,-74.0041,0
40.7431,-73.9556,-1
40.7431,-73.9556,-1
40.7421,-73.947,-1
40.6821,-73.9601,-1
40.7485,-73.9711,0
40.7485,-73.9711,0
40.7599,-73.8316,-1
40.7587,-73.9931,0
40.7556,-73.9682,0
40.6616,-73.9864,-1
40.7971,-73.9709,0
40.7389,-73.9833,0
40.7824,-73.9768,0
40.7806,-73.9542,0
40.7067,-73.9201,-1
40.7369,-73.9804,0
40.7755,-73.9649,0
40.7485,-73.9769,0
40.7218,-73.9987,0
40.7429,-74.0002,0
40.6643,-73.9838,-1
40.7809,-73.9496,0
40.6937,-73.9873,1
40.7671,-73.956,0
40.7196,-73.9945,0
40.7119,-73.9629,2
40.7934,-73.9673,0
40.7263,-73.9893,0
40.7844,-73.9541,0
40.7279,-74.0402,-1
40.7522,-73.9677,0
40.6591,-73.9896,-1
40.694,-73.9212,-1
40.7239,-74.0108,0
40.7449,-73.9871,0
40.7336,-73.9768,0
40.7687,-73.8627,3
40.7728,-73.9494,0
40.7686,-73.9873,0
40.7976,-73.9709,0
40.7706,-73.9571,0
40.7664,-73.9522,0
40.7344,-73.9806,0
40.7483,-74.0055,0
40.7314,-73.9904,0
40.7744,-73.9773,0
40.7506,-73.9946,0
40.742,-74.004,0
40.7205,-73.9965,0
40.7376,-74.0006,0
40.6718,-73.9845,-1
40.734,-73.9983,0
40.8035,-73.9521,-1
40.7478,-73.9933,0
40.7718,-73.9493,0
40.7816,-73.9526,0
40.7682,-73.9605,0
40.7558,-73.9919,0
40.76,-73.9671,0
40.7227,-73.9882,0
40.7407,-73.9799,0
40.7703,-73.865,3
40.7287,-73.9954,0
40.6933,-73.9719,-1
40.7737,-73.9638,0
40.7142,-74.0066,0
40.7341,-73.9867,0
40.746,-74.0053,0
40.6638,-73.9533,-1
40.7711,-73.9615,0
40.7349,-73.9919,0
40.7486,-73.9786,0
40.7975,-73.9725,0
40.7444,-73.9919,0
40.7898,-73.9738,0
40.8202,-73.9532,-1
40.7243,-74.0094,0
40.7198,-74.0088,0
40.7802,-73.9847,0
40.7785,-73.9888,0
40.7291,-73.9795,0
40.7594,-73.981,0
40.6914,-73.9449,-1
40.7268,-74.0001,0
40.7572,-73.982,0
40.7201,-74.0025,0
40.7752,-73.9142,-1
40.8089,-73.9481,-1
40.7422,-73.999,0
40.7395,-73.9928,0
40.7769,-73.9794,0
40.7053,-74.0172,0
40.7721,-73.9826,0
40.7494,-74.0063,0
40.7252,-73.9842,0
40.7455,-73.9714,0
40.6855,-73.9508,-1
40.7235,-74.0049,0
40.7752,-73.9566,0
40.7382,-73.9553,-1
40.6821,-73.996,1
40.7801,-73.9876,0
40.7847,-73.9759,0
40.7262,-73.9914,0
40.7743,-73.9483,0
40.7519,-73.985,0
40.786,-73.977,0
40.6921,-73.9845,1
40.748,-74.0066,0
40.7218,-73.9836,0
40.7519,-73.9809,0
40.7245,-73.9952,0
40.7519,-73.9809,0
40.7353,-73.9829,0
40.753,-73.9745,0
40.6853,-74.0034,1
40.7165,-73.9947,0
40.7538,-73.9923,0
40.759,-73.9848,0
40.8059,-73.9544,-1
40.7506,-73.9944,0
40.7506,-73.9944,0
40.7369,-73.9741,0
40.7631,-73.9919,0
40.7325,-73.9801,0
40.7812,-73.9762,0
40.7484,-73.9927,0
40.7596,-73.9738,0
40.7324,-73.9829,0
40.7772,-73.9444,0
40.773,-73.8855,-1
40.7294,-74.0038,0
40.7615,-73.9694,0
40.7856,-73.9535,0
40.7741,-73.8727,3
40.7683,-73.957,0
40.7715,-73.9892,0
40.6812,-73.9761,-1
40.7247,-73.9919,0
40.7473,-73.9814,0
40.7868,-73.9729,0
40.7814,-73.9539,0
40.7638,-73.9935,0
40.7389,-73.9912,0
40.7777,-73.9459,0
40.8049,-73.9544,-1
40.7324,-74.0079,0
40.7736,-73.9039,-1
40.7733,-73.9544,0
40.7612,-73.9696,0
40.7409,-73.9787,0
40.7485,-73.9802,0
40.6828,-73.9489,-1
40.7806,-73.9545,0
40.6933,-73.9714,-1
40.7443,-73.979,0
40.7606,-73.995,0
40.8215,-73.9542,-1
40.7516,-73.9895,0
40.7788,-73.9782,0
40.7845,-73.9814,0
40.7725,-73.9862,0
40.7822,-73.9762,0
40.7269,-73.9766,0
40.7253,-73.9819,0
40.7611,-73.9858,0
40.7332,-73.9757,0
40.7797,-73.9616,0
40.7656,-73.976,0
40.7486,-73.9772,0
40.7234,-73.9913,0
40.719,-73.9485,2
40.6549,-73.9752,-1
40.745,-73.9975,0
40.7135,-73.9565,2
40.7627,-73.9822,0
40.7459,-73.9903,0
40.7343,-73.9919,0
40.7343,-73.9919,0
40.6943,-73.9305,-1
40.7221,-74.0104,0
40.7442,-73.9826,0
40.7716,-73.9827,0
40.7612,-73.9695,0
40.7182,-74.003,0
40.7361,-73.9981,0
40.7284,-73.9836,0
40.7438,-73.9768,0
40.7676,-73.9706,0
40.7387,-74.0092,0
40.7652,-73.964,0
40.7713,-73.9875,0
40.6243,-73.9708,-1
40.7563,-73.9694,0
40.7562,-73.9945,0
40.7562,-73.9945,0
40.7747,-73.954,0
40.7287,-74.0,0
40.7244,-74.0091,0
40.7219,-74.0042,0
40.7268,-73.9858,0
40.7557,-73.9872,0
40.7354,-73.9745,0
40.761,-73.9991,0
40.7441,-73.9993,0
40.75,-73.9735,0
40.736,-73.9339,-1
40.7233,-73.9912,0
40.7402,-74.0033,0
40.7133,-73.9405,2
40.7606,-74.0027,0
40.7734,-73.955,0
40.7765,-73.9767,0
40.7262,-73.993,0
40.7743,-73.9823,0
40.7331,-74.0752,-1
40.741,-73.9886,0
40.7165,-73.9911,0
40.7247,-73.9821,0
40.7645,-73.9636,0
40.7643,-73.9959,0
40.7443,-73.9792,0
40.7218,-73.9809,0
40.7622,-73.9822,0
40.7622,-73.9822,0
40.73,-73.9935,0
40.7365,-73.8587,-1
40.735,-74.003,0
40.7271,-73.9786,0
40.7778,-73.9888,0
40.7618,-74.0006,0
40.7153,-73.9521,2
40.7153,-73.9521,2
40.7377,-73.9933,0
40.7148,-74.034,-1
40.7262,-74.0019,0
40.7166,-74.0102,0
40.7766,-73.9145,-1
40.7696,-73.9622,0
40.7653,-73.9636,0
40.7185,-74.0028,0
40.7227,-73.9828,0
40.7347,-74.0015,0
40.7366,-73.9819,0
40.7472,-74.005,0
40.7705,-73.9584,0
40.7882,-73.9681,0
40.7302,-74.0069,0
40.7454,-74.0009,0
40.7799,-73.9768,0
40.7351,-74.0017,0
40.7539,-73.9854,0
40.7721,-73.9651,0
40.7079,-74.0059,0
40.778,-73.9887,0
40.7542,-73.9826,0
40.7349,-73.9891,0
40.7242,-73.9827,0
40.7717,-73.9893,0
40.7335,-74.003,0
40.7189,-73.9852,0
40.7782,-73.9484,0
40.7464,-73.9728,0
40.7182,-74.0151,0
40.7182,-74.0151,0
40.7266,-73.9851,0
40.7864,-73.9724,0
40.7065,-74.0063,0
40.7427,-73.9804,0
40.7237,-74.0026,0
40.7215,-73.9876,0
40.7834,-73.9789,0
40.7511,-73.9942,0
40.7404,-73.9792,0
40.7341,-73.9777,0
40.7447,-74.0028,0
40.7204,-73.98,0
40.7985,-73.9708,0
40.7985,-73.9708,0
40.7138,-74.0087,0
40.7508,-73.9908,0
40.7642,-73.9627,0
40.7672,-73.9613,0
40.7526,-73.9933,0
40.7871,-73.9719,0
40.7119,-73.9432,2
40.7284,-73.987,0
40.7745,-73.9772,0
40.7652,-73.989,0
40.7651,-73.9795,0
40.7517,-73.977,0
40.678,-73.9575,-1
40.7504,-74.0044,0
40.7716,-73.9635,0
40.7307,-73.9871,0
40.7158,-74.0115,0
40.7428,-73.9923,0
40.7347,-73.9923,0
40.756,-73.9727,0
40.7449,-73.9782,0
40.7242,-73.9999,0
40.7301,-73.9926,0
40.7704,-73.9856,0
40.7665,-73.963,0
40.7518,-73.9913,0
40.7062,-74.0169,0
40.7666,-73.9524,0
40.7574,-73.9884,0
40.7565,-73.9899,0
40.7873,-73.9803,0
40.7873,-73.9803,0
40.7319,-73.9966,0
40.7451,-73.9578,0
40.7337,-73.987,0
40.7075,-74.0074,0
40.779,-73.9582,0
40.761,-73.987,0
40.7164,-73.9508,2
40.766,-73.989,0
40.7388,-74.009,0
40.7711,-73.9567,0
40.7241,-74.0011,0
40.7375,-74.0004,0
40.7437,-73.9811,0
40.7665,-73.9917,0
40.7417,-73.9823,0
40.7452,-74.0023,0
40.7887,-73.9553,0
40.7448,-73.9853,0
40.7448,-73.9853,0
40.7212,-73.9564,2
40.7186,-73.9887,0
40.7367,-73.9889,0
40.7297,-73.9785,0
40.7357,-73.9234,-1
40.7629,-73.981,0
40.7256,-73.9988,0
40.7813,-73.9724,0
40.7586,-73.9871,0
40.7799,-73.977,0
40.7157,-74.0118,0
40.7196,-73.9988,0
40.744,-74.0065,0
40.7064,-74.0097,0
40.74,-74.006,0
40.7552,-73.969,0
40.7451,-73.9204,-1
40.754,-73.9936,0
40.7521,-73.9951,0
40.7416,-74.0042,0
40.7237,-74.0107,0
40.6747,-73.9816,-1
40.7293,-73.9938,0
40.7686,-73.958,0
40.7306,-74.0097,0
40.7765,-73.9899,0
40.7253,-74.0093,0
40.7203,-74.0058,0
40.6861,-73.9737,-1
40.7625,-73.975,0
40.7554,-73.966,0
40.7614,-74.0002,0
40.7199,-74.0077,0
40.778,-73.9569,0
40.7235,-73.9849,0
40.741,-74.0036,0
40.6927,-73.9862,1
40.7524,-73.9795,0
40.7663,-73.9779,0
40.744,-74.005,0
40.7247,-73.9988,0
40.7625,-73.9823,0
40.7876,-73.9489,0
40.7703,-73.9479,0
40.7368,-73.9848,0
40.7485,-74.0036,0
40.7788,-73.9518,0
40.7622,-73.9861,0
40.7271,-73.9797,0
40.7083,-74.0098,0
40.7597,-73.9748,0
40.7534,-73.979,0
40.7578,-73.9906,0
40.7667,-73.9615,0
40.7723,-73.9468,0
40.7092,-74.0059,0
40.7865,-73.9724,0
40.7685,-73.8625,3
40.7207,-74.0031,0
40.7361,-73.9873,0
40.773,-73.8855,-1
40.7209,-73.9994,0
40.7554,-73.9936,0
40.761,-73.9854,0
40.7847,-73.947,0
40.7703,-73.9805,0
40.7765,-73.9787,0
40.7765,-73.9787,0
40.7595,-73.9888,0
40.7773,-73.9891,0
40.7191,-74.0002,0
40.7653,-73.9778,0
40.7412,-73.9985,0
40.7742,-73.9633,0
40.735,-73.9934,0
40.756,-73.9714,0
40.7403,-73.9806,0
40.7518,-74.0013,0
40.7468,-73.9901,0
40.7279,-73.9761,0
40.7284,-74.0008,0
40.7208,-73.9952,0
40.7377,-74.0082,0
40.7377,-74.0082,0
40.7618,-73.9788,0
40.7275,-73.9869,0
40.7228,-73.9906,0
40.7749,-73.9889,0
40.6757,-73.9548,-1
40.747,-73.9792,0
40.7483,-74.0025,0
40.7154,-74.0147,0
40.7243,-73.9998,0
40.7701,-73.9184,-1
40.6593,-73.9919,-1
40.779,-73.9828,0
40.7584,-73.973,0
40.68,-73.9992,1
40.771,-73.9657,0
40.7786,-73.9835,0
40.8174,-73.9384,-1
40.7322,-74.0026,0
40.7511,-73.9824,0
40.7455,-73.9824,0
40.7616,-73.9787,0
40.7482,-74.001,0
40.7482,-74.001,0
40.7104,-74.0056,0
40.7205,-74.0109,0
40.7507,-73.9702,0
40.7665,-73.9785,0
40.7113,-74.0147,0
40.7173,-73.9954,0
40.7473,-73.9723,0
40.7815,-73.9765,0
40.7483,-74.0028,0
40.7715,-73.8663,3
40.6743,-73.866,-1
40.7638,-73.9766,0
40.7345,-73.9977,0
40.7491,-73.9758,0
40.7384,-73.9856,0
40.7483,-73.9567,0
40.7801,-73.9614,0
40.7739,-73.9455,0
40.7147,-73.9988,0
40.7475,-74.0017,0
40.7188,-73.9621,2
40.7271,-74.0065,0
40.7767,-73.9527,0
40.7437,-73.9927,0
40.731,-73.9878,0
40.7097,-74.0146,0
40.7633,-73.9649,0
40.731,-73.9861,0
40.7748,-73.9645,0
40.7345,-74.0047,0
40.779,-73.9821,0
40.779,-73.9821,0
40.7329,-73.8689,-1
40.7442,-73.9804,0
40.7223,-74.0017,0
40.7907,-73.974,0
40.687,-73.9717,-1
40.7715,-73.9832,0
40.7605,-73.9987,0
40.7581,-73.9625,0
40.7974,-73.9705,0
40.7472,-73.9805,0
40.7589,-73.863,3
40.7371,-73.9961,0
40.7548,-73.9741,0
40.7677,-73.9858,0
40.7524,-73.9759,0
40.7684,-73.8624,3
40.7764,-73.9763,0
40.7252,-73.9797,0
40.735,-74.0064,0
40.7504,-73.9873,0
40.72,-73.9885,0
40.7177,-74.0059,0
40.7825,-73.9533,0
40.7766,-73.9491,0
40.7322,-73.992,0
40.7682,-73.862,3
40.7376,-74.0666,-1
40.7164,-74.006,0
40.7437,-73.9967,0
40.7411,-73.9789,0
40.7757,-73.9528,0
40.7166,-74.0065,0
40.7436,-73.9849,0
40.7341,-74.0082,0
40.7523,-73.9701,0
40.7828,-73.9815,0
40.7253,-73.9892,0
40.8003,-73.9676,0
40.8241,-73.9437,-1
40.7528,-73.9274,-1
40.776,-73.944,0
40.7592,-73.9943,0
40.7694,-73.9677,0
40.7637,-73.9753,0
40.7335,-73.9975,0
40.7205,-74.0085,0
40.7643,-73.9584,0
40.7563,-73.9944,0
40.7638,-73.9714,0
40.7516,-73.9759,0
40.719,-74.0106,0
40.7444,-73.9916,0
40.7438,-74.0508,-1
40.7284,-73.9475,2
40.7542,-73.988,0
40.7477,-73.9747,0
40.7279,-73.944,2
40.7114,-74.0173,0
40.7531,-74.0039,0
40.776,-73.9763,0
40.7158,-73.9868,0
40.7059,-74.017,0
40.7644,-73.9959,0
40.7338,-74.0026,0
40.7804,-73.9758,0
40.7217,-73.9877,0
40.788,-73.9758,0
40.6735,-73.9761,-1
40.783,-73.984,0
40.7511,-74.0044,0
40.7511,-74.0044,0
40.7558,-73.9728,0
40.7951,-73.9759,0
40.7787,-73.9561,0
40.7605,-73.9616,0
40.7378,-73.9828,0
40.7739,-73.8719,3
40.7475,-74.0039,0
40.7163,-73.9882,0
40.7199,-73.9883,0
40.7623,-73.9702,0
40.7519,-73.9849,0
40.7787,-73.9512,0
40.7184,-73.9495,2
40.7684,-73.8625,3
40.7157,-73.9914,0
40.7267,-74.0026,0
40.73,-73.9867,0
40.7782,-73.9831,0
40.7686,-73.8626,3
40.7575,-73.9705,0
40.7907,-73.9725,0
40.7606,-73.9871,0
40.7099,-74.008,0
40.7329,-73.9751,0
40.7374,-73.9843,0
40.6917,-73.9672,-1
40.7548,-73.976,0
40.72,-73.9998,0
40.788,-73.9798,0
40.711,-74.0054,0
40.6872,-73.9975,1
40.7787,-73.956,0
40.6823,-73.9615,-1
40.7849,-73.9704,0
40.7756,-73.9524,0
40.7951,-73.9695,0
40.7443,-73.9892,0
40.6876,-73.9583,-1
40.7407,-74.0056,0
40.6935,-73.9972,1
40.7709,-73.9611,0
40.7155,-74.0336,-1
40.7443,-73.9856,0
40.7567,-73.9975,0
40.7204,-73.9595,2
40.7476,-74.0043,0
40.7247,-73.9984,0
40.7445,-73.9953,0
40.724,-74.0086,0
40.7444,-73.9877,0
40.6952,-73.9833,1
40.7411,-73.9788,0
40.772,-73.9517,0
40.74,-73.9823,0
40.7754,-73.9511,0
40.7754,-73.9511,0
40.7842,-73.9725,0
40.7501,-73.9949,0
40.7591,-73.9944,0
40.7591,-73.9944,0
40.7457,-73.976,0
40.7127,-73.9779,0
40.781,-73.9551,0
40.7579,-73.9619,0
40.7773,-73.9635,0
40.7728,-73.9494,0
40.7728,-73.9494,0
40.7249,-73.9827,0
40.7644,-73.9959,0
40.7465,-74.0007,0
40.778,-73.9829,0
40.6915,-73.9844,1
40.6915,-73.9844,1
40.6806,-73.9622,-1
40.6965,-73.9962,1
40.7811,-73.9777,0
40.7719,-73.9556,0
40.7344,-73.992,0
40.7344,-73.992,0
40.7406,-74.0078,0
40.7406,-74.0078,0
40.7315,-74.0049,0
40.741,-73.99,0
40.7168,-73.9837,0
40.7635,-73.9595,0
40.7376,-74.0089,0
40.7202,-73.9919,0
40.6892,-73.9721,-1
40.721,-73.998,0
40.7669,-73.9709,0
40.7683,-73.8622,3
40.7442,-73.9725,0
40.7673,-73.9535,0
40.7452,-73.9951,0
40.786,-73.9771,0
40.771,-73.987,0
40.692,-73.9687,-1
40.7319,-74.0032,0
40.7263,-73.9804,0
40.7094,-73.967,2
40.6824,-74.0039,-1
40.7212,-73.9859,0
40.7561,-73.9821,0
40.7446,-73.9915,0
40.7883,-73.9725,0
40.7667,-73.9594,0
40.662,-73.9899,-1
40.7796,-73.9561,0
40.7796,-73.9561,0
40.7008,-73.9168,-1
40.764,-73.9885,0
40.7327,-74.0051,0
40.7687,-73.8672,3
40.7761,-73.9473,0
40.7586,-73.9615,0
40.7781,-73.9568,0
40.7209,-73.9959,0
40.7019,-73.9181,-1
40.7593,-73.9767,0
40.7144,-74.0102,0
40.7655,-73.9832,0
40.7301,-73.9927,0
40.7923,-73.9645,0
40.7793,-73.9507,0
40.7532,-73.9213,-1
40.7272,-73.9856,0
40.7629,-73.9603,0
40.7501,-73.9842,0
40.772,-73.9864,0
40.702,-73.9867,0
40.7283,-74.0551,-1
40.777,-73.952,0
40.7408,-73.9876,0
40.6965,-73.9914,1
40.6715,-73.9447,-1
40.7314,-74.0004,0
40.7223,-74.0009,0
40.7438,-73.8867,-1
40.7649,-73.959,0
40.7483,-74.0035,0
40.7383,-73.984,0
40.7242,-74.0,0
40.782,-73.9809,0
40.7681,-73.9893,0
40.7367,-73.9889,0
40.7735,-73.9662,0
40.7667,-73.9789,0
40.7402,-74.0015,0
40.7191,-73.9832,0
40.7442,-73.9804,0
40.7074,-74.0055,0
40.7165,-73.9911,0
40.7191,-73.9851,0
40.7882,-73.9722,0
40.7443,-73.9788,0
40.7476,-73.9831,0
40.7658,-73.9553,0
40.752,-73.9948,0
40.8093,-73.9594,-1
40.7497,-73.9797,0
40.7497,-73.9797,0
40.7831,-73.9747,0
40.7246,-73.9915,0
40.7559,-73.971,0
40.7308,-74.0054,0
40.75,-73.9857,0
40.7772,-73.962,0
40.7569,-73.9671,0
40.7674,-73.9842,0
40.7537,-73.9343,-1
40.6955,-73.9845,1
40.7411,-73.9979,0
40.7411,-73.9979,0
40.7295,-73.978,0
40.7165,-74.0164,0
40.7742,-73.9485,0
40.7368,-73.9888,0
40.7556,-73.991,0
40.7499,-73.9841,0
40.7888,-73.9488,0
40.7713,-73.98,0
40.762,-73.9867,0
40.7266,-73.9861,0
40.6842,-73.9423,-1
40.746,-73.9924,0
40.7339,-73.9876,0
40.7466,-74.0012,0
40.6664,-73.9921,-1
40.7565,-73.9941,0
40.7325,-74.0032,0
40.7404,-73.9926,0
40.7545,-73.9768,0
40.7409,-74.0076,0
40.7589,-73.9938,0
40.7331,-74.0059,0
40.7794,-73.9834,0
40.7605,-73.9935,0
40.7505,-73.9946,0
40.7373,-73.9988,0
40.733,-73.9751,0
40.7468,-73.9805,0
40.7019,-73.8927,-1
40.7289,-74.0053,0
40.6809,-73.9756,-1
40.6875,-73.9738,-1
40.7662,-73.966,0
40.695,-73.9951,1
40.7763,-73.952,0
40.7272,-73.9935,0
40.6257,-73.9705,-1
40.7853,-73.9794,0
40.714,-74.0095,0
40.7437,-73.9849,0
40.7294,-73.9779,0
40.7568,-73.9672,0
40.7718,-73.9563,0
40.7694,-73.9813,0
40.7322,-74.0005,0
40.7519,-73.9947,0
40.7777,-73.9597,0
40.7223,-73.9932,0
40.7209,-74.0028,0
40.7282,-73.9833,0
40.721,-73.9982,0
40.7408,-74.0049,0
40.7427,-73.9808,0
40.7434,-73.992,0
40.7299,-73.9807,0
40.6937,-73.9509,-1
40.7073,-74.0046,0
40.759,-73.9646,0
40.7607,-73.9986,0
40.7687,-73.9849,0
40.7835,-73.9805,0
40.7462,-74.0053,0
40.7431,-74.0038,0
40.7384,-73.9961,0
40.7816,-73.9832,0
40.7201,-73.9883,0
40.766,-73.9695,0
40.7293,-73.9782,0
40.7246,-73.9916,0
40.7389,-74.0032,0
40.7473,-73.9833,0
40.7106,-73.9878,0
40.7102,-74.0169,0
40.7102,-74.0169,0
40.7791,-73.9829,0
40.8088,-73.9439,-1
40.673,-73.9552,-1
40.7191,-73.9892,0
40.7694,-73.981,0
40.7694,-73.981,0
40.7338,-73.9805,0
40.7662,-73.9519,0
40.7329,-74.0064,0
40.7274,-73.9825,0
40.7329,-74.0064,0
40.7376,-73.9797,0
40.7381,-74.0073,0
40.7763,-73.9501,0
40.7472,-73.9776,0
40.7882,-73.9684,0
40.7545,-73.9696,0
40.7653,-73.9621,0
40.7833,-73.9551,0
40.8017,-73.9429,-1
40.7833,-73.9551,0
40.7494,-73.9751,0
40.731,-73.9859,0
40.8005,-73.9678,0
40.729,-73.9814,0
40.6977,-73.9938,1
40.6781,-73.9638,-1
40.685,-73.9613,-1
40.7874,-73.979,0
40.7649,-73.9688,0
40.7203,-73.9861,0
40.7595,-73.9921,0
40.7858,-73.9787,0
40.7753,-73.9904,0
40.7825,-73.9809,0
40.7492,-73.9882,0
40.7252,-73.9406,2
40.6751,-73.977,-1
40.6829,-73.9617,-1
40.7711,-73.9567,0
40.7482,-73.9889,0
40.7675,-73.9927,0
40.7415,-73.9988,0
40.7753,-73.9456,0
40.7582,-73.988,0
40.694,-73.9641,-1
40.694,-73.9641,-1
40.7243,-73.9935,0
40.7636,-73.9833,0
40.6773,-73.9668,-1
40.7403,-73.9843,0
40.7604,-73.9986,0
40.7447,-73.9569,-1
40.7613,-73.9996,0
40.7563,-73.9729,0
40.7458,-73.9801,0
40.7285,-73.9787,0
40.7545,-73.9929,0
40.6906,-73.9942,1
40.7227,-73.9478,2
40.7472,-74.0011,0
40.7305,-74.0101,0
40.671,-73.9206,-1
40.7269,-73.9859,0
40.7234,-74.0062,0
40.7234,-73.9451,2
40.69,-73.9829,1
40.7666,-73.9531,0
40.7484,-73.9746,0
40.7589,-73.9923,0
40.7201,-73.9846,0
40.723,-73.9968,0
40.7691,-73.9655,0
40.666,-73.9781,-1
40.7747,-73.9909,0
40.7749,-73.9886,0
40.7236,-73.9945,0
40.7472,-73.9914,0
40.7559,-73.9825,0
40.7455,-73.9947,0
40.7463,-73.9912,0
40.7632,-73.9809,0
40.7906,-73.9782,0
40.7111,-74.0056,0
40.7229,-73.9931,0
40.7229,-73.9931,0
40.755,-73.9727,0
40.7385,-73.9858,0
40.7315,-73.9825,0
40.7723,-73.9523,0
40.7268,-74.0029,0
40.7594,-73.9754,0
40.7747,-73.9884,0
40.715,-74.0118,0
40.7499,-73.9913,0
40.7511,-74.0022,0
40.7128,-73.9849,0
40.6942,-73.9069,-1
40.7611,-73.9713,0
40.72,-73.9893,0
40.7457,-73.9896,0
40.7706,-73.8655,3
40.6936,-73.9388,-1
40.7714,-73.9533,0
40.7982,-73.9684,0
40.6465,-73.9603,-1
40.7522,-73.9952,0
40.7325,-73.997,0
40.7304,-73.9759,0
40.7686,-73.8626,3
40.7329,-74.0001,0
40.7723,-73.9484,0
40.7274,-73.9489,2
40.7325,-73.9874,0
40.7565,-73.9787,0
40.6829,-73.9472,-1
40.7581,-73.9655,0
40.735,-73.9891,0
40.792,-73.9675,0
40.7627,-73.9859,0
40.7734,-73.9533,0
40.7303,-73.9863,0
40.7288,-73.9881,0
40.7782,-73.9805,0
40.7782,-73.9805,0
40.7616,-73.9746,0
40.7444,-73.9889,0
40.7156,-73.9537,2
40.7771,-73.914,-1
40.7772,-73.989,0
40.7426,-73.9921,0
40.7479,-73.9568,0
40.7441,-74.005,0
40.7649,-73.961,0
40.7803,-73.9835,0
40.7313,-74.0101,0
40.7583,-73.9924,0
40.7616,-73.9856,0
40.6924,-73.9233,-1
40.7256,-74.0056,0
40.6927,-73.9727,-1
40.7176,-73.9829,0
40.6795,-74.0103,-1
40.7683,-73.8622,3
40.7309,-73.9816,0
40.7354,-73.9826,0
40.7805,-73.9861,0
40.6875,-73.99,1
40.7119,-73.8959,-1
40.7625,-73.9731,0
40.686,-73.9525,-1
40.7746,-73.9823,0
40.756,-73.9718,0
40.7806,-73.9549,0
40.7575,-73.9648,0
40.723,-73.9977,0
40.7496,-74.0051,0
40.739,-74.0011,0
40.7864,-73.9686,0
40.7777,-73.9795,0
40.7593,-73.9959,0
40.7358,-73.9895,0
40.7748,-73.991,0
40.7405,-73.9892,0
40.75,-73.9914,0
40.7219,-74.0019,0
40.7634,-73.9625,0
40.7219,-74.0042,0
40.7519,-73.9948,0
40.7414,-74.0049,0
40.7342,-73.978,0
40.7326,-73.9936,0
40.7915,-73.9524,0
40.7198,-73.9894,0
40.7352,-74.0018,0
40.7404,-73.9822,0
40.7291,-73.9937,0
40.7642,-73.9543,0
40.7513,-74.0068,0
40.7965,-73.963,0
40.7965,-73.963,0
40.7278,-74.0051,0
40.7551,-73.9714,0
40.7403,-73.998,0
40.7657,-73.9784,0
40.7237,-74.0055,0
40.7366,-73.9836,0
40.7599,-73.9865,0
40.7238,-73.9858,0
40.7563,-73.9972,0
40.7619,-73.9718,0
40.7624,-73.9498,0
40.7599,-73.972,0
40.759,-73.9763,0
40.7505,-74.0033,0
40.7572,-73.982,0
40.7835,-73.9792,0
40.7685,-73.9576,0
40.7761,-73.9516,0
40.7443,-73.9803,0
40.7226,-74.0106,0
40.7471,-73.9734,0
40.7652,-73.9872,0
40.8057,-73.9645,0
40.6648,-73.9825,-1
40.7411,-73.9925,0
40.7455,-73.9892,0
40.7499,-73.9919,0
40.7745,-73.9641,0
40.7733,-73.9509,0
40.7462,-74.0052,0
40.7289,-73.9814,0
40.7187,-74.0062,0
40.7241,-73.9844,0
40.6672,-73.9355,-1
40.7658,-73.9521,0
40.7441,-74.0069,0
40.7791,-73.9828,0
40.7257,-73.9999,0
40.7257,-73.9999,0
40.7262,-73.9932,0
40.7077,-74.0016,0
40.7769,-73.9776,0
40.7377,-73.984,0
40.6936,-73.9401,-1
40.7386,-73.8185,-1
40.7417,-74.0074,0
40.7374,-73.9798,0
40.7277,-74.0096,0
40.726,-73.9977,0
40.722,-73.9919,0
40.6909,-73.9979,1
40.7256,-74.0055,0
40.7302,-73.9805,0
40.7252,-73.9843,0
40.7502,-73.9833,0
40.7604,-74.0027,0
40.7533,-73.9889,0
40.727,-74.002,0
40.6836,-73.9674,-1
40.777,-73.9519,0
40.7322,-73.9962,0
40.7325,-73.9817,0
40.7293,-73.9797,0
40.7877,-73.9787,0
40.7455,-73.9887,0
40.7455,-73.9887,0
40.7322,-73.9819,0
40.7345,-74.0504,-1
40.7203,-74.0022,0
40.8205,-73.958,-1
40.7684,-73.8623,3
40.7185,-73.9863,0
40.7711,-73.8655,3
40.7561,-73.9832,0
40.7705,-73.9621,0
40.7705,-73.9621,0
40.7163,-74.0078,0
40.7239,-73.9852,0
40.7354,-73.9796,0
40.7772,-73.9616,0
40.7356,-73.9832,0
40.7287,-73.9898,0
40.7734,-73.9633,0
40.7419,-73.9971,0
40.7609,-73.9993,0
40.7523,-73.9941,0
40.7349,-73.989,0
40.7309,-73.9877,0
40.6651,-73.9849,-1
40.7744,-73.9843,0
40.7146,-74.0568,-1
40.7642,-73.9824,0
40.7596,-73.9724,0
40.7078,-74.0169,0
40.7742,-73.9493,0
40.7234,-74.0092,0
40.7293,-74.0093,0
40.6892,-73.9311,-1
40.7258,-74.0028,0
40.7543,-73.9869,0
40.7361,-73.9982,0
40.784,-73.9815,0
40.6922,-73.9439,-1
40.7248,-73.9989,0
40.7739,-73.9565,0
40.7489,-73.9922,0
40.7226,-73.9942,0
40.7226,-73.9942,0
40.6811,-73.9743,-1
40.7833,-73.9782,0
40.6643,-73.9771,-1
40.7374,-74.0082,0
40.7787,-73.9478,0
40.8111,-73.9492,-1
40.7673,-73.9548,0
40.7781,-73.9524,0
40.7306,-73.983,0
40.7306,-73.983,0
40.7679,-73.9831,0
40.7279,-74.0045,0
40.718,-74.0147,0
40.7164,-73.9402,2
40.7826,-73.9794,0
40.6836,-73.9474,-1
40.7703,-73.9518,0
40.7462,-73.9889,0
40.7288,-73.9816,0
40.7739,-73.8716,3
40.7502,-73.9922,0
40.7387,-74.009,0
40.7431,-73.986,0
40.7705,-73.982,0
40.7599,-73.9763,0
40.7618,-73.9662,0
40.769,-73.9812,0
40.718,-74.003,0
40.7362,-73.9935,0
40.7607,-74.0027,0
40.6859,-73.9735,-1
40.7312,-73.9745,0
40.7457,-73.984,0
40.7438,-73.9839,0
40.7338,-73.998,0
40.7678,-73.9591,0
40.7642,-73.975,0
40.7789,-73.9581,0
40.7256,-73.9936,0
40.7493,-73.9945,0
40.7472,-73.9914,0
40.7472,-73.9914,0
40.7501,-73.9812,0
40.7656,-73.9755,0
40.7325,-73.9812,0
40.6614,-73.9544,-1
40.7444,-73.9751,0
40.6842,-73.974,-1
40.7452,-73.9948,0
40.7701,-73.9613,0
40.743,-73.9927,0
40.7341,-73.9777,0
40.7165,-74.0166,0
40.7622,-73.9584,0
40.7437,-73.9859,0
40.7765,-73.9769,0
40.7499,-73.9818,0
40.717,-74.0143,0
40.6845,-73.9992,1
40.7747,-73.99,0
40.7688,-73.9562,0
40.778,-73.9748,0
40.7709,-73.9597,0
40.7521,-73.9858,0
40.7214,-73.9838,0
40.7167,-73.9547,2
40.7167,-73.9547,2
40.768,-73.9833,0
40.724,-73.9881,0
40.729,-74.0093,0
40.7663,-73.9701,0
40.753,-73.9786,0
40.7592,-73.9611,0
40.7064,-74.0057,0
40.7784,-73.9855,0
40.7159,-73.9913,0
40.708,-74.0167,0
40.7325,-73.9972,0
40.7225,-74.0105,0
40.7367,-73.9771,0
40.7147,-74.0068,0
40.759,-73.9801,0
40.7518,-73.9793,0
40.7679,-73.9917,0
40.7713,-73.8654,3
40.7741,-73.8723,3
40.7741,-73.8723,3
40.7679,-73.9915,0
40.792,-73.9772,0
40.7172,-73.9992,0
40.7175,-74.0078,0
40.6664,-73.9226,-1
40.7761,-73.9475,0
40.7567,-73.9925,0
40.7388,-74.0087,0
40.7499,-73.994,0
40.6616,-73.9896,-1
40.7255,-74.0058,0
40.7502,-73.9947,0
40.7458,-73.9904,0
40.8283,-73.9467,-1
40.7855,-73.95,0
40.7483,-73.9926,0
40.7632,-73.9805,0
40.6641,-73.9846,-1
40.7441,-73.9975,0
40.7441,-73.9975,0
40.756,-73.9727,0
40.6602,-73.9602,-1
40.7771,-73.9781,0
40.7771,-73.9781,0
40.7736,-73.9638,0
40.7782,-73.9768,0
40.6608,-73.9211,-1
40.7194,-74.0104,0
40.7425,-74.0032,0
40.826,-73.9435,-1
40.7685,-73.9847,0
40.7706,-73.9479,0
40.7291,-73.9771,0
40.7448,-73.976,0
40.7268,-73.9872,0
40.7426,-73.9944,0
40.7499,-73.9914,0
40.6825,-73.9817,1
40.7499,-74.0052,0
40.7236,-73.9833,0
40.7522,-74.0045,0
40.7791,-73.9832,0
40.7504,-73.991,0
40.7082,-73.9662,2
40.7784,-73.9508,0
40.7127,-73.9676,0
40.7222,-74.0007,0
40.751,-73.994,0
40.7363,-73.9985,0
40.7346,-74.0002,0
40.7726,-73.9168,-1
40.7801,-73.9769,0
40.7338,-73.9898,0
40.77,-73.9592,0
40.7774,-73.955,0
40.6767,-73.9687,-1
40.742,-74.004,0
40.7596,-73.9843,0
40.7796,-73.9846,0
40.7862,-73.9776,0
40.7388,-74.0027,0
40.7567,-73.9826,0
40.7079,-74.0098,0
40.7485,-73.9888,0
40.7706,-73.9569,0
40.7675,-73.9552,0
40.7923,-73.9663,0
40.7504,-73.9952,0
40.7481,-73.9896,0
40.746,-73.9779,0
40.7406,-74.0078,0
40.7359,-73.9762,0
40.768,-73.9643,0
40.7122,-73.954,2
40.7603,-73.9871,0
40.75,-73.9834,0
40.7856,-73.9692,0
40.7214,-74.08,-1
40.7513,-74.0051,0
40.6888,-73.9475,-1
40.7362,-73.979,0
40.7462,-73.9794,0
40.7685,-73.9575,0
40.6844,-73.961,-1
40.7244,-73.9976,0
40.6819,-73.976,-1
40.7805,-73.9519,0
40.7639,-73.9742,0
40.7614,-73.9999,0
40.7249,-74.0094,0
40.7806,-73.9568,0
40.7443,-73.989,0
40.708,-74.0178,0
40.7584,-73.8677,3
40.7821,-73.978,0
40.7672,-73.955,0
40.7481,-74.0033,0
40.7568,-73.9985,0
40.7253,-73.9901,0
40.7189,-74.0086,0
40.7932,-73.9672,0
40.7728,-73.9618,0
40.8037,-73.9486,-1
40.7221,-74.004,0
40.766,-73.9713,0
40.7817,-73.9794,0
40.7652,-73.9694,0
40.7947,-73.9342,-1
40.6926,-73.9791,1
40.7655,-73.9897,0
40.7272,-74.0058,0
40.8273,-73.83,-1
40.7436,-73.9921,0
40.7163,-73.9639,2
40.7411,-73.9827,0
40.7885,-73.9744,0
40.7602,-73.9951,0
40.6721,-73.9819,-1
40.7532,-73.9811,0
40.7307,-73.9812,0
40.7178,-73.8463,-1
40.7164,-74.0049,0
40.7389,-73.9815,0
40.7335,-73.987,0
40.7455,-73.9716,0
40.7258,-73.9889,0
40.7886,-73.9793,0
40.6849,-73.9779,1
40.763,-73.9856,0
40.7427,-73.9967,0
40.7427,-73.9967,0
40.6922,-73.9736,-1
40.7739,-73.8715,3
40.7889,-73.9803,0
40.7382,-74.0058,0
40.8017,-73.9569,0
40.7461,-73.9567,0
40.7711,-73.9568,0
40.7668,-73.9836,0
40.7374,-73.9855,0
40.782,-73.9497,0
40.7662,-73.9696,0
40.6391,-73.9668,-1
40.7227,-73.9943,0
40.7642,-73.996,0
40.7592,-73.9868,0
40.7592,-73.9868,0
40.7783,-73.9849,0
40.7195,-73.9865,0
40.7413,-73.9977,0
40.7183,-73.9864,0
40.7266,-73.9802,0
40.7335,-73.987,0
40.7714,-73.9646,0
40.7208,-74.0018,0
40.7907,-73.9782,0
40.7426,-73.993,0
40.7209,-74.0041,0
40.7526,-73.9856,0
40.7998,-73.9404,-1
40.747,-73.9769,0
40.7253,-73.9925,0
40.7746,-73.9641,0
40.7376,-74.0356,-1
40.7454,-73.991,0
40.7113,-73.9676,0
40.7257,-73.9903,0
40.7785,-73.9772,0
40.745,-73.9887,0
40.771,-73.9568,0
40.7631,-73.9832,0
40.7439,-73.9924,0
40.7666,-73.9611,0
40.7182,-74.015,0
40.7674,-73.9553,0
40.7249,-73.9826,0
40.7674,-73.9552,0
40.6224,-73.9677,-1
40.7577,-73.9896,0
40.7515,-74.0035,0
40.7678,-73.9915,0
40.7666,-73.9783,0
40.7175,-74.0022,0
40.7199,-73.9932,0
40.7271,-73.9796,0
40.7089,-74.0053,0
40.7383,-73.9999,0
40.7452,-73.9943,0
40.7632,-73.9755,0
40.7763,-73.946,0
40.7763,-73.946,0
40.77,-73.8647,3
40.7219,-73.9872,0
40.7218,-73.9876,0
40.7367,-73.9888,0
40.7551,-73.9944,0
40.674,-73.9804,-1
40.7572,-73.9898,0
40.7471,-73.9934,0
40.7763,-73.9579,0
40.742,-74.0042,0
40.6909,-73.9972,1
40.7121,-73.9568,2
40.733,-73.9796,0
40.7148,-73.9928,0
40.72,-73.9898,0
40.7184,-73.9913,0
40.7333,-74.0095,0
40.7321,-73.9577,2
40.7164,-74.0001,0
40.717,-73.9564,2
40.7668,-73.9789,0
40.717,-73.9898,0
40.7793,-73.9834,0
40.8009,-73.9654,0
40.7367,-73.9801,0
40.7367,-73.9801,0
40.689,-73.9988,1
40.7508,-73.9849,0
40.7612,-73.9753,0
40.7101,-74.0147,0
40.6926,-73.9873,1
40.713,-74.0044,0
40.6877,-73.9667,-1
40.7523,-73.9933,0
40.7731,-73.8855,-1
40.7593,-73.9745,0
40.7684,-73.9848,0
40.7398,-73.9867,0
40.7664,-73.9643,0
40.6975,-73.9586,-1
40.7569,-73.9636,0
40.6899,-73.9805,1
40.7149,-73.9587,2
40.757,-73.9937,0
40.7581,-73.9891,0
40.7274,-73.992,0
40.7386,-73.9996,0
40.723,-73.9947,0
40.752,-73.9936,0
40.8074,-73.9457,-1
40.7809,-73.9493,0
40.7788,-73.9623,0
40.7312,-73.9951,0
40.7593,-73.9851,0
40.7632,-73.9626,0
40.7156,-73.983,0
40.6994,-73.9947,0
40.7058,-74.0633,-1
40.7557,-73.9787,0
40.732,-73.9841,0
40.7303,-73.9821,0
40.7373,-73.9792,0
40.7253,-73.9818,0
40.7392,-73.9799,0
40.7783,-73.9452,0
40.7662,-73.9622,0
40.7199,-73.9998,0
40.677,-73.9755,-1
40.7255,-73.9896,0
40.7708,-73.9532,0
40.7708,-73.9532,0
40.7398,-73.9855,0
40.7874,-73.9743,0
40.7028,-73.9607,2
40.7028,-73.9607,2
40.7758,-73.9534,0
40.7612,-73.9677,0
40.721,-74.0042,0
40.7708,-73.9919,0
40.7929,-73.9674,0
40.7486,-73.9851,0
40.736,-74.0,0
40.731,-73.9956,0
40.7388,-74.0091,0
40.7721,-73.9801,0
40.7022,-73.8159,-1
40.7022,-73.8159,-1
40.7689,-73.9901,0
40.7294,-73.9822,0
40.7684,-73.8623,3
40.7688,-73.8671,3
40.7336,-73.9769,0
40.7589,-73.9923,0
40.737,-74.0071,0
40.7481,-73.9785,0
40.7525,-73.9709,0
40.7652,-73.9911,0
40.795,-73.9747,0
40.7607,-73.9707,0
40.7078,-73.9562,2
40.7722,-73.9524,0
40.7614,-73.9999,0
40.736,-73.8873,-1
40.7361,-73.9978,0
40.7361,-73.9978,0
40.774,-73.8726,3
40.7655,-73.9703,0
40.7507,-73.982,0
40.7678,-73.9915,0
40.7495,-73.9967,0
40.7359,-74.005,0
40.7892,-73.9739,0
40.6561,-73.975,-1
40.7552,-73.9813,0
40.7583,-73.9671,0
40.7556,-73.9735,0
40.7368,-73.9826,0
40.7279,-74.0021,0
40.7388,-74.009,0
40.7405,-73.9862,0
40.744,-73.9837,0
40.744,-73.9837,0
40.7284,-73.9836,0
40.7756,-73.984,0
40.7387,-73.9905,0
40.7249,-73.9872,0
40.7567,-73.9924,0
40.7482,-74.0053,0
40.771,-73.8656,3
40.7342,-73.9925,0
40.7044,-74.0118,0
40.7592,-73.9958,0
40.766,-73.9766,0
40.7355,-74.0091,0
40.7355,-74.0091,0
40.7328,-73.9899,0
40.7654,-73.9548,0
40.7137,-73.994,0
40.7549,-73.9647,0
40.7692,-73.9594,0
40.7645,-73.9778,0
40.7311,-74.0086,0
40.7573,-73.967,0
40.7262,-74.0092,0
40.761,-73.9987,0
40.6873,-73.9859,1
40.7788,-73.956,0
40.7788,-73.956,0
40.7293,-73.9775,0
40.7739,-73.9487,0
40.7454,-73.9824,0
40.7292,-73.9841,0
40.7272,-73.9996,0
40.7377,-73.9937,0
40.7329,-73.9522,2
40.7704,-73.8652,3
40.7555,-73.9916,0
40.7328,-73.9977,0
40.7297,-73.9848,0
40.74,-73.9839,0
40.7698,-73.9546,0
40.6709,-73.9207,-1
40.7457,-73.9878,0
40.7046,-74.0101,0
40.776,-73.956,0
40.6962,-73.9725,-1
40.7385,-73.9936,0
40.7719,-73.9531,0
40.7184,-73.9494,2
40.7739,-73.9486,0
40.7344,-73.9858,0
40.7716,-73.9142,-1
40.7223,-73.9918,0
40.7758,-73.9899,0
40.7169,-74.0123,0
40.751,-73.9848,0
40.7277,-73.9793,0
40.7271,-73.9806,0
40.7648,-73.9642,0
40.7393,-73.9937,0
40.7648,-73.9642,0
40.7782,-73.9565,0
40.7423,-73.9744,0
40.7292,-73.9782,0
40.7292,-73.9782,0
40.7852,-73.9714,0
40.7612,-73.968,0
40.7142,-73.9595,2
40.731,-74.0044,0
40.7761,-73.9603,0
40.7803,-73.9475,0
40.7777,-73.9835,0
40.7758,-73.9528,0
40.7339,-73.9811,0
40.7208,-73.9954,0
40.7196,-74.0105,0
40.7613,-73.9622,0
40.7318,-73.9858,0
40.7595,-73.9049,-1
40.6741,-73.9458,-1
40.7821,-73.9716,0
40.7332,-73.976,0
40.7257,-74.004,0
40.6682,-73.9531,-1
40.7724,-73.9482,0
40.7818,-73.9559,0
40.7328,-73.9796,0
40.7385,-73.9978,0
40.7488,-73.9923,0
40.7224,-73.9844,0
40.6549,-73.9585,-1
40.7281,-73.993,0
40.7207,-73.9954,0
40.7721,-73.9901,0
40.7606,-73.9683,0
40.7219,-73.985,0
40.6597,-73.9772,-1
40.7304,-73.9863,0
40.7499,-74.0055,0
40.7794,-73.9819,0
40.7744,-73.9457,0
40.7744,-73.9457,0
40.7811,-73.9593,0
40.7382,-73.9836,0
40.723,-73.9949,0
40.732,-74.0015,0
40.816,-73.9414,-1
40.7325,-73.9952,0
40.7549,-73.9799,0
40.7762,-73.947,0
40.8032,-73.9662,0
40.7689,-73.9526,0
40.7197,-73.9896,0
40.6995,-73.9297,-1
40.7382,-73.9921,0
40.6937,-73.9443,-1
40.7388,-74.0089,0
40.7106,-73.9878,0
40.7562,-73.9908,0
40.733,-73.9752,0
40.7591,-73.9926,0
40.7715,-73.9567,0
40.7476,-73.9769,0
40.7668,-73.9821,0
40.7608,-73.9992,0
40.7237,-74.0104,0
40.7211,-73.9936,0
40.7857,-73.9703,0
40.724,-73.9861,0
40.7688,-73.9857,0
40.678,-73.9846,1
40.7452,-73.986,0
40.7712,-73.9874,0
40.7517,-73.9822,0
40.7239,-73.9992,0
40.7202,-74.0037,0
40.6726,-73.9727,-1
40.7642,-73.983,0
40.7291,-73.9889,0
40.7813,-73.9598,0
40.7457,-73.9881,0
40.7306,-73.9829,0
40.7687,-73.9643,0
40.7261,-73.9931,0
40.7359,-73.9957,0
40.7437,-73.9728,0
40.7609,-73.9798,0
40.7674,-73.9902,0
40.7679,-73.9917,0
40.7326,-73.9858,0
40.7454,-74.0086,0
40.7664,-73.9587,0
40.7226,-73.9772,0
40.7905,-73.9768,0
40.7751,-73.9769,0
40.7678,-73.9832,0
40.7247,-73.9938,0
40.7202,-74.0023,0
40.6772,-73.9418,-1
40.8237,-73.9399,-1
40.7514,-73.982,0
40.7226,-73.9484,2
40.7829,-73.98,0
40.7788,-73.951,0
40.736,-73.9859,0
40.7506,-73.9816,0
40.7767,-73.9489,0
40.7078,-74.0101,0
40.7667,-73.9713,0
40.747,-73.9937,0
40.76,-73.9965,0
40.7678,-73.9531,0
40.718,-73.99,0
40.7227,-74.0091,0
40.7053,-74.0075,0
40.719,-73.9641,2
40.714,-73.9424,2
40.7547,-73.9995,0
40.7445,-73.9807,0
40.664,-73.9789,-1
40.7051,-74.0101,0
40.7512,-74.0062,0
40.7564,-73.9628,0
40.7502,-73.9945,0
40.7231,-73.9913,0
40.7587,-73.9948,0
40.7393,-73.9992,0
40.6375,-73.9989,-1
40.7741,-73.9629,0
40.7213,-73.982,0
40.7456,-73.9779,0
40.7191,-74.0051,0
40.7356,-74.0075,0
40.7526,-73.9943,0
40.7599,-73.9744,0
40.7236,-74.0112,0
40.7614,-73.9996,0
40.8069,-73.9393,-1
40.7479,-73.957,0
40.7371,-73.9886,0
40.7398,-73.9856,0
40.7599,-73.972,0
40.7659,-73.9599,0
40.7349,-73.9892,0
40.7449,-73.9914,0
40.6943,-73.9836,1
40.7329,-73.9905,0
40.7574,-73.9742,0
40.7744,-73.9656,0
40.777,-73.9778,0
40.7793,-73.9476,0
40.7684,-73.8624,3
40.7617,-73.9793,0
40.7261,-73.9864,0
40.7261,-73.9864,0
40.7647,-73.9836,0
40.7606,-73.9994,0
40.6565,-74.0035,-1
40.7323,-73.9963,0
40.7163,-73.9401,2
40.7488,-73.9803,0
40.7237,-73.9836,0
40.7791,-73.9807,0
40.7676,-73.9915,0
40.6936,-73.955,-1
40.6838,-73.9789,1
40.7737,-73.9495,0
40.7745,-73.9799,0
40.739,-73.9771,0
40.7452,-73.9943,0
40.767,-73.9933,0
40.7309,-73.9783,0
40.7176,-73.9887,0
40.7157,-73.9579,2
40.7706,-73.9919,0
40.758,-73.9753,0
40.7828,-73.9772,0
40.7828,-73.9772,0
40.6748,-73.9432,-1
40.7256,-74.0054,0
40.7643,-73.9785,0
40.7347,-74.0094,0
40.7444,-73.9962,0
40.7435,-73.9729,0
40.7521,-73.9953,0
40.7183,-74.0028,0
40.7081,-74.0119,0
40.7251,-73.9886,0
40.8408,-73.9427,-1
40.7296,-73.995,0
40.7319,-73.9966,0
40.7454,-73.9947,0
40.7668,-73.989,0
40.7482,-73.9807,0
40.8392,-73.9454,-1
40.7723,-73.963,0
40.6837,-73.976,-1
40.7489,-73.9925,0
40.7445,-73.9947,0
40.7171,-73.9957,0
40.7385,-73.996,0
40.7756,-73.9464,0
40.7576,-73.9842,0
40.7599,-73.9963,0
40.7785,-73.9832,0
40.6837,-73.94,-1
40.7404,-74.0019,0
40.6731,-73.9674,-1
40.7741,-73.8724,3
40.7741,-73.8724,3
40.7738,-73.8707,3
40.7063,-74.0168,0
40.7704,-73.8652,3
40.7251,-73.9992,0
40.8091,-73.9574,-1
40.7089,-73.9424,2
40.7473,-73.9723,0
40.7223,-73.9841,0
40.734,-73.8711,-1
40.7585,-73.9891,0
40.7439,-73.9912,0
40.7309,-73.9931,0
40.7088,-74.006,0
40.7506,-73.9739,0
40.7242,-74.0013,0
40.7269,-73.9581,2
40.7269,-73.9581,2
40.7738,-73.9488,0
40.7752,-73.9537,0
40.7321,-74.0077,0
40.7685,-73.8625,3
40.7604,-74.0031,0
40.7558,-73.916,-1
40.7558,-73.916,-1
40.7722,-73.9545,0
40.663,-73.9842,-1
40.7918,-73.9657,0
40.7747,-73.9623,0
40.7643,-73.9257,-1
40.7643,-73.9257,-1
40.7794,-73.9617,0
40.7305,-74.004,0
40.7382,-73.9946,0
40.7967,-73.9707,0
40.7551,-73.9945,0
40.7464,-73.9902,0
40.7036,-73.98,0
40.7539,-73.9782,0
40.7338,-73.9996,0
40.7413,-73.9796,0
40.7632,-73.9719,0
40.7522,-74.0045,0
40.6889,-73.9919,1
40.8065,-73.9643,0
40.7254,-73.9951,0
40.7613,-73.9913,0
40.7773,-73.9615,0
40.7209,-74.004,0
40.7764,-73.9899,0
40.7159,-74.0037,0
40.7402,-73.9894,0
40.7402,-73.9894,0
40.7562,-73.9908,0
40.7209,-74.0042,0
40.7786,-73.9884,0
40.7612,-74.0001,0
40.7612,-74.0001,0
40.7398,-74.0053,0
40.7515,-74.0266,-1
40.7788,-73.9522,0
40.7912,-73.9743,0
40.727,-73.9892,0
40.7632,-73.9594,0
40.7735,-73.9516,0
40.7766,-73.96,0
40.7482,-73.9923,0
40.7522,-73.9953,0
40.7663,-73.9242,-1
40.7165,-73.9556,2
40.7642,-73.9586,0
40.8202,-73.8764,-1
40.7419,-73.9789,0
40.7768,-73.9774,0
40.7924,-73.9753,0
40.7924,-73.9753,0
40.7878,-73.9785,0
40.7342,-73.9997,0
40.7625,-73.9963,0
40.7516,-73.994,0
40.7357,-73.9831,0
40.7227,-73.9408,2
40.7814,-73.9804,0
40.7346,-74.0031,0
40.7627,-73.9126,-1
40.774,-73.9812,0
40.7168,-74.0124,0
40.7438,-74.0065,0
40.7219,-73.9848,0
40.694,-73.9641,-1
40.7665,-73.9605,0
40.7483,-74.0057,0
40.7745,-73.964,0
40.7651,-73.9639,0
40.7297,-73.9747,0
40.7493,-73.9921,0
40.7808,-73.9811,0
40.7721,-73.9791,0
40.7561,-73.9813,0
40.7493,-73.9921,0
40.7493,-73.9945,0
40.6757,-73.9787,-1
40.7452,-73.9909,0
40.7717,-73.9472,0
40.7237,-74.0053,0
40.7859,-73.9769,0
40.7912,-73.9761,0
40.7819,-73.9471,0
40.727,-73.9917,0
40.7236,-74.0108,0
40.7522,-73.9861,0
40.7226,-73.9952,0
40.785,-73.9536,0
40.7545,-73.9778,0
40.7849,-73.9489,0
40.7666,-73.961,0
40.7412,-73.9985,0
40.7376,-74.0084,0
40.749,-73.9924,0
40.7223,-74.0043,0
40.796,-73.9617,0
40.6835,-73.9618,-1
40.8093,-73.9655,0
40.7586,-73.9912,0
40.7606,-73.9693,0
40.7402,-74.0059,0
40.7195,-73.9965,0
40.7129,-74.0035,0
40.7735,-73.9824,0
40.7556,-73.9839,0
40.7382,-74.0087,0
40.7719,-73.9598,0
40.7702,-73.9638,0
40.7114,-74.0175,0
40.7453,-73.9567,-1
40.7746,-73.9837,0
40.746,-73.9727,0
40.7336,-73.9977,0
40.6743,-73.9788,-1
40.7137,-73.9797,0
40.7704,-73.865,3
40.7682,-73.9884,0
40.7326,-73.9983,0
40.7122,-73.9573,2
40.7682,-73.9569,0
40.7546,-73.9927,0
40.7575,-73.9669,0
40.7554,-73.9648,0
40.7781,-73.9802,0
40.7204,-74.0021,0
40.7204,-74.0021,0
40.7882,-73.9756,0
40.7285,-74.0036,0
40.7665,-73.9608,0
40.7971,-73.9608,0
40.7616,-73.9976,0
40.7168,-74.0089,0
40.7415,-73.9955,0
40.7818,-73.9774,0
40.7609,-73.9712,0
40.7197,-73.9876,0
40.7902,-73.9492,0
40.6978,-73.9955,1
40.7577,-73.9639,0
40.7216,-73.9826,0
40.7387,-74.0073,0
40.7175,-74.0106,0
40.7597,-73.9897,0
40.7326,-73.9936,0
40.7614,-73.9858,0
40.7811,-73.9775,0
40.714,-74.0094,0
40.7525,-73.9932,0
40.7584,-73.9921,0
40.7506,-73.9748,0
40.7246,-73.9845,0
40.7167,-74.0147,0
40.7327,-74.0014,0
40.7451,-74.0024,0
40.7585,-73.9654,0
40.7863,-73.9425,0
40.728,-73.9845,0
40.7754,-73.9609,0
40.7188,-73.9513,2
40.7359,-74.0051,0
40.7537,-73.9971,0
40.7302,-74.0035,0
40.7214,-73.9979,0
40.7913,-73.978,0
40.7464,-73.9566,0
40.7636,-73.9691,0
40.7508,-73.9714,0
40.7674,-73.8668,3
40.7412,-73.9957,0
40.7789,-73.9866,0
40.7295,-73.981,0
40.7434,-73.9936,0
40.7472,-73.9737,0
40.7732,-73.9545,0
40.7148,-74.0162,0
40.7222,-74.0041,0
40.7203,-74.0024,0
40.7252,-73.9779,0
40.737,-73.9893,0
40.7868,-73.9412,0
40.776,-73.9553,0
40.7655,-73.9627,0
40.714,-74.0095,0
40.714,-74.0095,0
40.788,-73.9759,0
40.7485,-73.9888,0
40.776,-73.9613,0
40.7832,-73.9787,0
40.7517,-74.0014,0
40.7728,-73.9646,0
40.781,-73.953,0
40.7552,-73.993,0
40.7661,-73.9618,0
40.737,-74.0097,0
40.7383,-73.9835,0
40.7788,-73.9761,0
40.7517,-73.9875,0
40.6769,-73.969,-1
40.6551,-73.9749,-1
40.7288,-73.9881,0
40.7162,-73.9497,2
40.766,-73.9775,0
40.7524,-73.9897,0
40.7796,-73.9837,0
40.7249,-74.0078,0
40.774,-73.8722,3
40.759,-73.9959,0
40.7729,-73.9563,0
40.7803,-73.955,0
40.7396,-73.9939,0
40.7387,-74.009,0
40.7879,-73.9734,0
40.7471,-73.9857,0
40.7593,-73.9957,0
40.7686,-73.9499,0
40.7721,-73.9522,0
40.6772,-73.969,-1
40.7195,-73.9641,2
40.7786,-73.9886,0
40.7388,-74.0093,0
40.7106,-73.9663,2
40.6739,-73.9555,-1
40.7682,-73.9841,0
40.7617,-73.9923,0
40.7747,-73.9603,0
40.7626,-73.9171,-1
40.7612,-73.9973,0
40.6972,-73.9971,1
40.7454,-73.9911,0
40.705,-74.016,0
40.7995,-73.972,0
40.7454,-73.991,0
40.7022,-73.9829,0
40.7285,-73.9762,0
40.7075,-74.0172,0
40.7631,-73.9819,0
40.7197,-73.9915,0
40.7403,-73.9922,0
40.7702,-73.9201,-1
40.7136,-74.007,0
40.7773,-73.9782,0
40.7713,-73.9603,0
40.7324,-73.9946,0
40.7453,-73.977,0
40.7767,-73.9576,0
40.7767,-73.9576,0
40.7691,-73.9634,0
40.7197,-73.9963,0
40.7685,-73.9653,0
40.7626,-73.9632,0
40.7075,-74.0081,0
40.6874,-73.9448,-1
40.7511,-73.9367,-1
40.7282,-74.0072,0
40.7368,-73.9954,0
40.695,-73.9833,1
40.7767,-73.979,0
40.7324,-73.9913,0
40.6976,-73.9935,1
40.7741,-73.9813,0
40.7515,-73.9794,0
40.7515,-73.9794,0
40.7226,-73.9896,0
40.7299,-74.0069,0
40.7382,-73.9999,0
40.7326,-74.0076,0
40.7704,-73.9852,0
40.7566,-73.9976,0
40.7763,-73.948,0
40.7842,-73.9769,0
40.7284,-73.9758,0
40.7335,-74.0047,0
40.7503,-73.9812,0
40.6876,-73.9985,1
40.7366,-73.9853,0
40.7647,-73.9661,0
40.7352,-74.0012,0
40.77,-73.9554,0
40.7754,-73.9118,-1
40.7219,-73.9791,0
40.7734,-73.945,0
40.7444,-73.9923,0
40.7238,-73.9841,0
40.7164,-74.0055,0
40.7255,-73.9764,0
40.7363,-73.9962,0
40.7332,-73.9755,0
40.7558,-73.9922,0
40.7482,-73.9816,0
40.7324,-73.9871,0
40.7323,-73.995,0
40.7606,-73.9993,0
40.7291,-73.905,-1
40.7733,-73.9663,0
40.7887,-73.9742,0
40.7556,-73.9679,0
40.7202,-74.0106,0
40.7799,-73.9767,0
40.7173,-74.0026,0
40.7236,-74.0109,0
40.7231,-73.9975,0
40.7813,-73.9599,0
40.696,-73.9676,-1
40.779,-73.9845,0
40.7267,-73.9961,0
40.7047,-73.9212,-1
40.7757,-73.9859,0
40.7398,-73.9964,0
40.7718,-73.9492,0
40.7312,-73.9787,0
40.7805,-73.9861,0
40.7743,-73.9814,0
40.7262,-74.0074,0
40.7364,-73.9891,0
40.7459,-73.9785,0
40.7594,-73.9958,0
40.7208,-73.997,0
40.6642,-73.9812,-1
40.6895,-73.9939,1
40.6742,-73.9842,-1
40.7765,-73.9599,0
40.7237,-73.9799,0
40.6962,-73.9886,1
40.7406,-73.9795,0
40.6429,-73.9586,-1
40.7663,-73.9643,0
40.7687,-73.9872,0
40.7169,-74.0147,0
40.736,-73.8874,-1
40.7534,-73.9862,0
40.7958,-73.973,0
40.7273,-74.0054,0
40.7115,-73.9179,-1
40.7883,-73.9742,0
40.7303,-73.9842,0
40.7277,-73.9839,0
40.797,-73.971,0
40.7553,-73.9931,0
40.7249,-73.9884,0
40.7725,-73.9806,0
40.6778,-74.0059,-1
40.745,-74.0038,0
40.7342,-73.9972,0
40.7447,-73.9569,-1
40.766,-73.9887,0
40.6784,-73.9726,-1
40.6784,-73.9726,-1
40.7179,-74.0143,0
40.7547,-73.9908,0
40.7547,-73.9908,0
40.73,-73.992,0
40.7368,-73.9957,0
40.7261,-74.0013,0
40.7697,-73.9894,0
40.7324,-73.9872,0
40.7324,-73.9872,0
40.6992,-73.9556,-1
40.7632,-73.9819,0
40.6901,-73.9723,-1
40.7186,-73.9834,0
40.6893,-73.9867,1
40.7295,-73.9846,0
40.7267,-73.9795,0
40.8047,-73.9462,-1
40.7454,-73.9923,0
40.7803,-73.9474,0
40.7461,-73.9863,0
40.7788,-73.9865,0
40.676,-73.9566,-1
40.7743,-73.9811,0
40.8258,-73.9449,-1
40.7149,-73.9968,0
40.772,-73.9519,0
40.7459,-73.9959,0
40.7238,-73.9992,0
40.7719,-73.9612,0
40.7401,-73.9867,0
40.7416,-74.0011,0
40.7994,-73.9536,0
40.7303,-73.9821,0
40.7613,-73.9754,0
40.7636,-73.9827,0
40.7546,-73.9754,0
40.7589,-73.994,0
40.6692,-73.9764,-1
40.745,-74.0035,0
40.7986,-73.9609,0
40.7496,-73.9814,0
40.7931,-73.9741,0
40.8003,-73.9712,0
40.8003,-73.9712,0
40.7103,-73.9636,2
40.7215,-74.0103,0
40.7609,-73.9887,0
40.7609,-73.9887,0
40.7767,-73.951,0
40.7215,-73.9886,0
40.7248,-73.9806,0
40.6679,-73.975,-1
40.7683,-73.9905,0
40.7598,-73.9896,0
40.7435,-73.9982,0
40.7339,-73.9771,0
40.7718,-73.9793,0
40.7703,-73.966,0
40.7702,-73.9569,0
40.7702,-73.9569,0
40.7433,-73.9853,0
40.7506,-74.0033,0
40.776,-73.9899,0
40.7223,-73.9839,0
40.7358,-73.9868,0
40.7252,-73.9815,0
40.7846,-73.949,0
40.7423,-73.9488,-1
40.734,-73.9899,0
40.7354,-73.9776,0
40.7354,-73.9776,0
40.7683,-73.9631,0
40.7269,-73.9946,0
40.7658,-73.959,0
40.7651,-73.9641,0
40.7223,-73.9354,-1
40.7317,-73.9874,0
40.7317,-73.9874,0
40.7229,-73.9932,0
40.7394,-73.9896,0
40.7145,-73.9818,0
40.7453,-73.9768,0
40.7889,-73.9541,0
40.7689,-73.9607,0
40.7689,-73.9607,0
40.794,-73.9702,0
40.7479,-73.9569,0
40.7592,-73.9766,0
40.7296,-74.0029,0
40.6842,-73.9554,-1
40.7137,-73.9794,0
40.7823,-73.9805,0
40.7057,-74.0144,0
40.7874,-73.9739,0
40.7057,-74.0144,0
40.7752,-73.9905,0
40.8237,-73.944,-1
40.7653,-73.9598,0
40.6896,-73.9732,-1
40.753,-74.004,0
40.7465,-73.9851,0
40.7476,-74.0039,0
40.7342,-74.0082,0
40.7756,-73.9456,0
40.7294,-73.9858,0
40.7294,-73.9858,0
40.7495,-73.9921,0
40.743,-73.9871,0
40.7847,-73.9499,0
40.751,-73.98,0
40.764,-73.9885,0
40.7345,-73.9901,0
40.7632,-73.9856,0
40.7578,-73.9895,0
40.717,-74.0122,0
40.7407,-73.9987,0
40.7771,-73.9519,0
40.7369,-74.0039,0
40.7308,-73.9934,0
40.7179,-74.0033,0
40.777,-73.9797,0
40.7837,-73.9817,0
40.7416,-74.0007,0
40.7174,-73.9801,0
40.7459,-73.9906,0
40.6716,-73.9493,-1
40.7277,-73.9793,0
40.7182,-73.95,2
40.7099,-73.8165,-1
40.7353,-73.9824,0
40.7676,-73.9694,0
40.7442,-74.0067,0
40.7502,-73.9786,0
40.7562,-73.9729,0
40.7867,-73.9726,0
40.7239,-73.9968,0
40.7366,-73.9992,0
40.7236,-73.9871,0
40.7677,-73.9692,0
40.7799,-73.9607,0
40.6899,-73.98,1
40.7654,-73.9623,0
40.7331,-74.0025,0
40.7623,-73.9763,0
40.7623,-73.9763,0
40.7313,-73.9747,0
40.7666,-73.9609,0
40.7703,-73.9686,0
40.7268,-74.001,0
40.7247,-73.988,0
40.7642,-73.974,0
40.7054,-74.0076,0
40.7199,-73.9434,2
40.7254,-74.0091,0
40.736,-74.0095,0
40.7785,-73.9885,0
40.7823,-73.9535,0
40.7332,-73.9964,0
40.7166,-74.0102,0
40.7832,-73.9563,0
40.7302,-74.0032,0
40.7574,-73.9609,0
40.7616,-73.9662,0
40.7219,-74.0,0
40.6858,-73.9548,-1
40.7599,-73.9938,0
40.7595,-73.9946,0
40.7189,-73.9895,0
40.7419,-73.9937,0
40.7171,-74.0046,0
40.7284,-73.9997,0
40.7159,-74.0036,0
40.7448,-73.9719,0
40.801,-73.938,-1
40.7458,-74.0036,0
40.7596,-73.9637,0
40.7239,-73.9784,0
40.7526,-73.9923,0
40.7843,-73.9752,0
40.7446,-74.008,0
40.7465,-73.9813,0
40.7154,-73.9932,0
40.7287,-73.9974,0
40.7776,-73.9567,0
40.7652,-73.9614,0
40.7273,-73.9918,0
40.7078,-74.0102,0
40.7385,-73.992,0
40.7385,-73.992,0
40.7486,-74.0059,0
40.7321,-74.0027,0
40.7719,-73.9557,0
40.7304,-73.9825,0
40.7826,-73.9489,0
40.7477,-73.9881,0
40.7023,-73.9867,0
40.7135,-73.9776,0
40.7667,-73.961,0
40.7222,-73.9996,0
40.7612,-73.9869,0
40.7591,-73.9833,0
40.7336,-73.9899,0
40.7668,-73.9788,0
40.7777,-73.9861,0
40.7695,-73.9839,0
40.7785,-73.9833,0
40.7403,-73.9899,0
40.7945,-73.9415,0
40.7332,-74.0034,0
40.7345,-73.998,0
40.7775,-73.9431,0
40.7043,-74.0091,0
40.7322,-74.0079,0
40.7716,-73.9826,0
40.7571,-73.9694,0
40.7502,-73.9734,0
40.7387,-74.0068,0
40.7366,-73.989,0
40.7688,-73.8672,3
40.7553,-73.9712,0
40.7396,-73.9962,0
40.7069,-74.0165,0
40.7367,-73.9771,0
40.7672,-73.9546,0
40.7268,-73.9796,0
40.7106,-74.0175,0
40.7106,-74.0175,0
40.7703,-73.9615,0
40.7706,-73.9859,0
40.724,-73.9789,0
40.7115,-74.0058,0
40.7341,-73.9813,0
40.7347,-74.0062,0
40.7367,-73.9952,0
40.7679,-73.9623,0
40.7676,-73.9691,0
40.6875,-73.9722,-1
40.6965,-73.9648,-1
40.7444,-73.9964,0
40.7388,-74.0089,0
40.7548,-73.9758,0
40.7414,-73.9978,0
40.7119,-74.0078,0
40.778,-73.9539,0
40.7359,-73.9852,0
40.7378,-73.9966,0
40.7176,-74.0034,0
40.7857,-73.9692,0
40.7544,-73.9689,0
40.7945,-73.9664,0
40.6962,-73.9138,-1
40.7246,-74.009,0
40.7863,-73.9776,0
40.7323,-73.9807,0
40.7167,-74.0101,0
40.746,-73.9917,0
40.7578,-73.9628,0
40.7451,-73.9951,0
40.7241,-73.9423,2
40.7253,-73.9819,0
40.7237,-74.0035,0
40.7519,-73.9946,0
40.7587,-73.9597,0
40.7168,-74.0149,0
40.7241,-73.9843,0
40.7467,-73.986,0
40.7538,-73.9714,0
40.7493,-73.9726,0
40.7458,-73.9974,0
40.6912,-73.9939,1
40.7164,-73.9882,0
40.7519,-73.9764,0
40.8104,-73.9479,-1
40.7494,-73.9807,0
40.7154,-74.0159,0
40.7289,-73.9768,0
40.6586,-73.9873,-1
40.7165,-73.9508,2
40.7165,-73.9508,2
40.7273,-74.0061,0
40.7331,-74.0063,0
40.7686,-73.987,0
40.7434,-73.9742,0
40.7214,-73.9935,0
40.7782,-73.9608,0
40.7381,-74.0041,0
40.7483,-73.9884,0
40.6935,-73.9825,1
40.7777,-73.9887,0
40.7516,-73.9755,0
40.7427,-73.9788,0
40.7427,-73.9788,0
40.7457,-73.9823,0
40.7166,-73.9453,2
40.7785,-73.9574,0
40.7404,-73.9894,0
40.715,-74.0064,0
40.715,-74.0064,0
40.7765,-73.9854,0
40.7276,-73.9832,0
40.7693,-73.8799,3
40.7806,-73.9461,0
40.7645,-73.9683,0
40.7652,-73.9749,0
40.7503,-73.9946,0
40.7217,-73.9789,0
40.7923,-73.9404,0
40.7734,-73.8747,3
40.6868,-73.9626,-1
40.7664,-73.9916,0
40.762,-73.9752,0
40.7844,-73.9554,0
40.7463,-73.9947,0
40.7763,-73.9477,0
40.7435,-73.9726,0
40.725,-73.9782,0
40.7302,-73.9939,0
40.725,-73.9782,0
40.7858,-73.9801,0
40.719,-74.007,0
40.7847,-73.9736,0
40.7464,-73.9757,0
40.7851,-73.9786,0
40.7263,-73.9437,2
40.74,-74.0059,0
40.7241,-74.0004,0
40.7643,-73.9845,0
40.7663,-73.9916,0
40.7176,-73.9839,0
40.7431,-73.9909,0
40.7422,-74.0007,0
40.762,-74.0008,0
40.7529,-73.9677,0
40.774,-73.9648,0
40.774,-73.9648,0
40.7757,-73.9808,0
40.7906,-73.9742,0
40.7113,-74.0077,0
40.7439,-73.9991,0
40.7801,-73.953,0
40.7223,-73.9818,0
40.7227,-74.0048,0
40.7603,-73.9723,0
40.7342,-74.0097,0
40.7166,-73.9618,2
40.7482,-73.9735,0
40.7663,-73.9621,0
40.7456,-73.9909,0
40.6359,-73.9625,-1
40.7633,-73.9806,0
40.7696,-73.9504,0
40.7252,-73.9795,0
40.7252,-73.9795,0
40.7612,-73.9658,0
40.772,-73.9555,0
40.788,-73.9556,0
40.7767,-73.9489,0
40.6961,-73.9429,-1
40.7324,-73.9946,0
40.7045,-74.0095,0
40.7829,-73.9772,0
40.7829,-73.9772,0
40.8053,-73.9528,-1
40.7346,-73.9803,0
40.7415,-73.9989,0
40.6744,-73.9847,-1
40.7399,-74.0007,0
40.7361,-73.985,0
40.7368,-73.973,0
40.7233,-73.9902,0
40.744,-73.9882,0
40.7282,-73.983,0
40.7199,-74.0075,0
40.7307,-74.0091,0
40.8213,-73.9402,-1
40.7639,-73.9292,-1
40.7594,-73.9696,0
40.715,-74.0116,0
40.7515,-73.9939,0
40.7684,-73.8624,3
40.7436,-73.9904,0
40.7257,-73.9965,0
40.7429,-73.9846,0
40.7632,-73.9737,0
40.7147,-74.0089,0
40.7294,-73.9775,0
40.7489,-73.9752,0
40.745,-73.9782,0
40.7717,-73.9649,0
40.7716,-73.9474,0
40.7155,-74.0076,0
40.7004,-73.9945,0
40.7428,-73.9581,-1
40.7871,-73.9682,0
40.7637,-73.9856,0
40.7112,-74.0056,0
40.7725,-73.9551,0
40.7746,-73.954,0
40.7301,-73.9553,2
40.7739,-73.9485,0
40.7867,-73.9726,0
40.7443,-73.9842,0
40.807,-73.9474,-1
40.7363,-73.981,0
40.751,-73.9743,0
40.7659,-73.9592,0
40.7144,-74.0066,0
40.7332,-73.9957,0
40.7777,-73.9512,0
40.7741,-73.9812,0
40.8046,-73.968,0
40.7076,-73.9683,2
40.7918,-73.974,0
40.7748,-73.9484,0
40.7771,-73.9476,0
40.7733,-73.9546,0
40.717,-73.9638,2
40.7863,-73.9684,0
40.7827,-73.9772,0
40.7727,-73.9931,0
40.7243,-74.0,0
40.723,-73.9977,0
40.7725,-73.9465,0
40.7703,-73.8652,3
40.8052,-73.9548,-1
40.7842,-73.9707,0
40.7154,-74.0138,0
40.7751,-73.9452,0
40.761,-73.9972,0
40.7356,-74.0079,0
40.7754,-73.9502,0
40.7707,-73.992,0
40.7778,-73.9833,0
40.7463,-73.9818,0
40.7028,-73.8998,-1
40.7559,-73.9837,0
40.7685,-73.8625,3
40.7235,-74.0104,0
40.7629,-73.9825,0
40.7475,-74.002,0
40.6959,-73.9938,1
40.7305,-74.0092,0
40.7291,-73.9867,0
40.758,-73.9615,0
40.7594,-73.9852,0
40.7686,-73.8626,3
40.7286,-73.9841,0
40.7107,-74.017,0
40.7238,-73.9459,2
40.7146,-74.014,0
40.7679,-73.9916,0
40.7717,-73.949,0
40.7643,-73.9852,0
40.7228,-73.9983,0
40.7388,-74.0033,0
40.7456,-73.9937,0
40.7712,-73.9567,0
40.7794,-73.9775,0
40.8476,-73.9396,-1
40.7534,-73.978,0
40.7211,-73.9829,0
40.8238,-73.9483,-1
40.7234,-73.9883,0
40.737,-73.9743,0
40.6785,-73.9853,1
40.7734,-73.9814,0
40.7184,-73.9417,2
40.7684,-73.9532,0
40.7912,-73.9673,0
40.7237,-73.9778,0
40.759,-73.9849,0
40.7524,-73.9931,0
40.7388,-74.0085,0
40.6945,-73.9963,1
40.7813,-73.9542,0
40.7211,-73.9873,0
40.742,-74.0039,0
40.7663,-73.912,-1
40.744,-73.9879,0
40.7394,-74.0026,0
40.7488,-73.995,0
40.856,-73.9315,-1
40.7829,-73.9735,0
40.7308,-73.9829,0
40.774,-73.8715,3
40.771,-73.9576,0
40.7243,-74.0054,0
40.7648,-73.9917,0
40.787,-73.9754,0
40.7761,-73.9562,0
40.7276,-73.9791,0
40.7745,-73.964,0
40.687,-73.9568,-1
40.7215,-74.0034,0
40.7685,-73.8624,3
40.7128,-73.9441,2
40.7264,-74.0091,0
40.7133,-73.9503,2
40.7021,-73.88,-1
40.7485,-73.9734,0
40.7782,-73.9849,0
40.754,-73.9785,0
40.7077,-73.9667,2
40.713,-73.9982,0
40.7782,-73.957,0
40.7113,-73.9674,0
40.7408,-73.9974,0
40.7213,-73.9795,0
40.7381,-73.9907,0
40.7257,-74.0056,0
40.7236,-73.9413,2
40.7562,-73.9848,0
40.6857,-74.0004,1
40.7558,-73.9825,0
40.7311,-73.9787,0
40.7186,-74.0008,0
40.7539,-74.0307,-1
40.7578,-73.9735,0
40.7576,-73.9894,0
40.7182,-74.0073,0
40.7477,-73.9708,0
40.7347,-73.9843,0
40.7389,-74.0025,0
40.7027,-73.9812,0
40.7348,-74.0061,0
40.752,-73.9695,0
40.739,-73.9986,0
40.7826,-73.9729,0
40.7705,-73.8653,3
40.7616,-73.979,0
40.7347,-73.9861,0
40.7294,-73.986,0
40.7317,-73.9903,0
40.7335,-73.9873,0
40.722,-73.9802,0
40.7846,-73.981,0
40.7587,-73.9707,0
40.7461,-73.9925,0
40.7334,-73.99,0
40.7309,-73.9953,0
40.7309,-73.9953,0
40.7452,-73.995,0
40.7668,-73.9833,0
40.7675,-73.8815,-1
40.7781,-73.9804,0
40.7512,-73.9834,0
40.7204,-73.985,0
40.7793,-73.9478,0
40.7333,-73.9845,0
40.7889,-73.9669,0
40.7326,-73.9992,0
40.7372,-74.0051,0
40.6882,-73.9678,-1
40.7498,-73.9814,0
40.7228,-73.9854,0
40.7808,-73.955,0
40.7456,-74.0012,0
40.7706,-73.8655,3
40.6761,-74.0117,-1
40.7266,-73.9792,0
40.7751,-73.9632,0
40.7511,-73.9804,0
40.7537,-73.9715,0
40.7359,-74.0013,0
40.7632,-73.9567,0
40.7083,-74.0047,0
40.7577,-73.9715,0
40.7721,-73.9602,0
40.6951,-73.9831,1
40.7319,-73.9953,0
40.7753,-73.9904,0
40.7674,-73.9548,0
40.7938,-73.9699,0
40.7034,-73.9908,0
40.7663,-73.961,0
40.7161,-74.0045,0
40.7487,-74.0061,0
40.7705,-73.96,0
40.7645,-73.9895,0
40.7765,-73.9463,0
40.7583,-73.9924,0
40.7079,-74.0103,0
40.7348,-73.9812,0
40.7283,-73.9489,2
40.7441,-73.972,0
40.7484,-74.0056,0
40.7578,-73.9734,0
40.7502,-73.9912,0
40.7724,-73.9548,0
40.7519,-73.9848,0
40.7693,-73.9848,0
40.6889,-73.9601,-1
40.779,-73.9451,0
40.722,-73.9873,0
40.7606,-74.0027,0
40.8293,-73.941,-1
40.7681,-73.957,0
40.7724,-73.959,0
40.7344,-73.9977,0
40.7351,-73.9975,0
40.7584,-73.9792,0
40.7102,-73.9488,2
40.7627,-73.9826,0
40.797,-73.972,0
40.7246,-73.9917,0
40.76,-73.9907,0
40.7517,-74.0039,0
40.7232,-73.9843,0
40.741,-73.9827,0
40.7567,-73.9843,0
40.7782,-73.9455,0
40.7392,-73.9819,0
40.7632,-73.9939,0
40.7593,-73.9646,0
40.7488,-73.9923,0
40.7378,-74.0047,0
40.7564,-73.9933,0
40.7789,-73.956,0
40.6716,-73.9776,-1
40.7685,-73.9588,0
40.7457,-73.9911,0
40.7383,-73.9962,0
40.7679,-73.9855,0
40.6708,-73.8426,-1
40.7199,-74.0001,0
40.7266,-73.9409,2
40.7733,-73.9664,0
40.7171,-73.9625,2
40.7812,-73.96,0
40.7324,-73.9954,0
40.7324,-73.999,0
40.7055,-74.0072,0
40.7754,-73.9504,0
40.7678,-73.962,0
40.778,-73.9845,0
40.7288,-73.9876,0
40.7243,-73.9851,0
40.7256,-73.9868,0
40.7744,-73.982,0
40.7654,-73.9935,0
40.7325,-73.9775,0
40.7666,-73.9906,0
40.7411,-74.0012,0
40.765,-73.9789,0
40.7519,-74.001,0
40.7421,-73.9968,0
40.7633,-73.9891,0
40.7239,-73.9791,0
40.6783,-73.967,-1
40.7222,-73.9497,2
40.7763,-73.9521,0
40.7431,-73.9963,0
40.7339,-74.0027,0
40.7616,-73.9578,0
40.7326,-74.0039,0
40.7326,-74.0039,0
40.7725,-73.951,0
40.7323,-74.0078,0
40.7513,-73.9782,0
40.7324,-73.9875,0
40.7365,-73.9995,0
40.7793,-73.9882,0
40.752,-74.0026,0
40.7381,-73.9775,0
40.7599,-73.9958,0
40.7441,-73.9992,0
40.7591,-73.9944,0
40.7835,-73.9804,0
40.7666,-73.9615,0
40.7567,-73.9647,0
40.7318,-73.9822,0
40.7568,-73.9928,0
40.7836,-73.9506,0
40.7343,-73.9854,0
40.7593,-73.9612,0
40.7355,-74.0006,0
40.7678,-73.9665,0
40.7471,-74.0047,0
40.742,-74.0022,0
40.7275,-73.9919,0
40.7783,-73.9553,0
40.7141,-74.0066,0
40.7432,-73.9861,0
40.6873,-73.992,1
40.6785,-73.9951,1
40.7633,-73.9816,0
40.7458,-73.9883,0
40.7752,-73.9804,0
40.7606,-73.9993,0
40.7708,-73.957,0
40.7197,-73.9877,0
40.7952,-73.9672,0
40.6912,-73.9876,1
40.7521,-73.9813,0
40.7412,-73.9984,0
40.7223,-73.9984,0
40.7007,-73.9263,-1
40.7683,-73.9576,0
40.7234,-73.9913,0
40.755,-73.9841,0
40.6309,-73.9693,-1
40.7196,-74.0103,0
40.7184,-73.9918,0
40.7184,-73.9918,0
40.7497,-73.9796,0
40.7685,-73.9618,0
40.7733,-73.9451,0
40.7599,-73.9797,0
40.7671,-73.9669,0
40.7335,-74.0082,0
40.7815,-73.9759,0
40.7376,-74.0046,0
40.7645,-73.9958,0
40.8014,-73.966,0
40.7581,-73.9624,0
40.7581,-73.9624,0
40.7744,-73.9821,0
40.7794,-73.985,0
40.759,-73.9765,0
40.7555,-73.9762,0
40.7613,-74.0002,0
40.7326,-73.9814,0
40.7741,-73.8722,3
40.7149,-74.0163,0
40.7331,-73.9899,0
40.7329,-73.9964,0
40.7524,-74.0044,0
40.79,-73.9743,0
40.7312,-73.9741,0
40.7214,-73.9937,0
40.741,-73.9981,0
40.7241,-73.9828,0
40.7816,-73.9517,0
40.7835,-73.9804,0
40.788,-73.9757,0
40.7329,-73.99,0
40.7768,-73.9472,0
40.7218,-74.001,0
40.7384,-73.9856,0
40.7204,-73.9616,2
40.7264,-74.0091,0
40.7613,-73.9873,0
40.7691,-73.9611,0
40.7265,-73.9802,0
40.7537,-73.9851,0
40.7191,-73.987,0
40.7357,-73.9928,0
40.7589,-73.9941,0
40.7369,-73.9957,0
40.7862,-73.9761,0
40.7664,-73.9525,0
40.743,-73.9795,0
40.7265,-73.9494,2
40.6438,-73.9839,-1
40.756,-73.9632,0
40.7399,-73.9465,-1
40.8123,-73.9514,-1
40.7318,-73.9855,0
40.7745,-73.991,0
40.7995,-73.9615,0
40.7741,-73.8726,3
40.7531,-73.9701,0
40.7817,-73.9795,0
40.7253,-74.0022,0
40.769,-73.963,0
40.777,-73.9459,0
40.744,-74.0068,0
40.7177,-74.009,0
40.7564,-73.9679,0
40.7564,-73.9679,0
40.7607,-73.9827,0
40.6601,-73.9604,-1
40.7089,-73.8292,-1
40.7752,-73.9824,0
40.7167,-74.032,-1
40.7297,-73.9828,0
40.7783,-73.9482,0
40.7835,-73.9734,0
40.7427,-73.9949,0
40.7705,-73.8653,3
40.744,-73.9764,0
40.8167,-73.9474,-1
40.7271,-73.9856,0
40.7741,-73.8725,3
40.7261,-74.0097,0
40.7619,-73.9973,0
40.7773,-73.9545,0
40.7456,-73.9908,0
40.7823,-73.9807,0
40.7181,-73.9876,0
40.7383,-73.9879,0
40.7488,-73.9925,0
40.7441,-73.9856,0
40.7778,-73.983,0
40.7541,-73.9848,0
40.7112,-74.0104,0
40.7459,-74.0039,0
40.691,-73.9664,-1
40.7418,-73.8809,-1
40.7266,-73.9995,0
40.7722,-73.9882,0
40.737,-73.9785,0
40.7633,-73.9649,0
40.7454,-73.9715,0
40.7371,-73.9945,0
40.7222,-74.0006,0
40.7176,-74.0106,0
40.7556,-73.9906,0
40.7605,-73.9875,0
40.7147,-74.0109,0
40.7407,-74.0055,0
40.73,-73.9865,0
40.7253,-73.9841,0
40.7643,-73.9959,0
40.7341,-73.8733,-1
40.7542,-73.9634,0
40.749,-73.9731,0
40.7652,-73.9614,0
40.7996,-73.9718,0
40.7851,-73.9807,0
40.729,-73.9854,0
40.7666,-73.971,0
40.7422,-73.999,0
40.7854,-73.9785,0
40.6871,-73.9972,1
40.7493,-73.9922,0
40.7298,-73.9915,0
40.6612,-73.9964,-1
40.7279,-73.9806,0
40.7228,-73.9798,0
40.7785,-73.9836,0
40.7357,-74.0075,0
40.7225,-74.0067,0
40.7582,-73.9746,0
40.7911,-73.9725,0
40.7536,-73.995,0
40.7105,-74.0056,0
40.7377,-73.9885,0
40.7336,-73.9879,0
40.7842,-73.9738,0
40.8017,-73.965,0
40.7998,-73.9425,-1
40.7726,-73.9534,0
40.6919,-73.9706,-1
40.6919,-73.9706,-1
40.7869,-73.977,0
40.7913,-73.9651,0
40.7615,-73.9664,0
40.7752,-73.9635,0
40.7357,-73.9928,0
40.7592,-73.9756,0
40.7402,-73.9922,0
40.7222,-73.9996,0
40.7789,-73.9846,0
40.721,-73.9406,2
40.7007,-73.905,-1
40.7707,-73.992,0
40.7626,-73.9949,0
40.7503,-74.0024,0
40.732,-73.9981,0
40.7352,-73.9841,0
40.7251,-73.997,0
40.6877,-73.9843,1
40.7769,-73.9791,0
40.728,-73.9844,0
40.6952,-73.9663,-1
40.6812,-73.9904,1
40.7772,-73.9893,0
40.7645,-73.9817,0
40.7883,-73.9783,0
40.6769,-73.9753,-1
40.7298,-73.9837,0
40.7189,-73.9485,2
40.7057,-74.0084,0
40.7057,-74.0084,0
40.7222,-73.9839,0
40.7701,-73.9592,0
40.6965,-73.9972,1
40.7244,-73.9489,2
40.7111,-73.9455,2
40.7487,-73.9923,0
40.7817,-73.9491,0
40.7302,-74.003,0
40.7199,-73.9408,2
40.7162,-74.0069,0
40.758,-73.9643,0
40.7312,-74.0101,0
40.7227,-73.9768,0
40.7388,-74.0087,0
40.7142,-73.9563,2
40.738,-73.9985,0
40.7685,-73.8624,3
40.8237,-73.9441,-1
40.7759,-73.9831,0
40.7712,-73.8657,3
40.7528,-73.973,0
40.7436,-73.9809,0
40.7613,-73.9996,0
40.7763,-73.9801,0
40.7442,-73.9725,0
40.7342,-74.0046,0
40.768,-73.8672,3
40.7453,-73.9716,0
40.7622,-73.9634,0
40.7616,-73.9588,0
40.7237,-74.0002,0
40.6696,-73.9906,-1
40.7732,-73.9664,0
40.7322,-74.0003,0
40.7481,-73.9568,0
40.7349,-73.9986,0
40.785,-73.9509,0
40.7207,-73.9851,0
40.7779,-73.9891,0
40.7285,-73.9953,0
40.7649,-73.9633,0
40.72,-74.0025,0
40.8155,-73.9402,-1
40.7239,-73.9945,0
40.7552,-73.9929,0
40.7201,-74.0101,0
40.7464,-73.9859,0
40.6963,-73.9494,-1
40.7378,-74.0055,0
40.6821,-73.9982,1
40.7326,-73.9983,0
40.708,-73.9444,2
40.7462,-73.9946,0
40.711,-73.9604,2
40.7193,-73.9896,0
40.7448,-73.9817,0
40.7524,-73.9834,0
40.7788,-73.956,0
40.7839,-73.9805,0
40.7361,-73.977,0
40.7353,-73.9898,0
40.7649,-73.9743,0
40.7649,-73.9743,0
40.7755,-73.9648,0
40.7182,-74.003,0
40.7202,-73.9845,0
40.7367,-74.0037,0
40.7211,-74.0084,0
40.7317,-74.0015,0
40.7622,-73.9821,0
40.7589,-73.9893,0
40.7705,-73.8653,3
40.7833,-73.9787,0
40.7268,-74.0021,0
40.7747,-73.948,0
40.7136,-73.961,2
40.7565,-73.9667,0
40.8351,-73.946,-1
40.7438,-73.9874,0
40.7295,-73.987,0
40.7568,-73.989,0
40.7555,-73.9744,0
40.7144,-73.9566,2
40.7377,-73.9975,0
40.7783,-73.9768,0
40.6813,-73.9951,1
40.7639,-73.9772,0
40.7832,-73.9787,0
40.6858,-73.9923,1
40.7262,-73.9994,0
40.7209,-74.0042,0
40.6223,-73.9676,-1
40.7213,-73.9809,0
40.7371,-74.0014,0
40.8071,-73.9437,-1
40.7177,-73.9634,2
40.762,-73.972,0
40.7239,-73.9822,0
40.7442,-73.9918,0
40.7512,-73.9795,0
40.7341,-73.9832,0
40.7366,-73.9909,0
40.7665,-73.9782,0
40.6938,-73.9955,1
40.7365,-73.9796,0
40.7365,-73.9796,0
40.7721,-73.9519,0
40.769,-73.9526,0
40.7678,-73.9914,0
40.7632,-73.9805,0
40.7447,-73.995,0
40.7388,-74.0031,0
40.7373,-73.9947,0
40.6555,-74.0067,-1
40.7594,-73.987,0
40.7771,-73.9636,0
40.7749,-73.9539,0
40.7354,-73.9848,0
40.7718,-73.9514,0
40.7107,-73.9878,0
40.7042,-73.9337,-1
40.7522,-73.9698,0
40.7774,-73.9632,0
40.8204,-73.9558,-1
40.7542,-73.9941,0
40.7747,-73.9561,0
40.7406,-74.0056,0
40.73,-73.9794,0
40.721,-73.9941,0
40.7788,-73.956,0
40.7228,-73.9829,0
40.7867,-73.9727,0
40.6839,-73.977,-1
40.7455,-73.988,0
40.7611,-73.9853,0
40.7675,-73.9552,0
40.7439,-73.9951,0
40.7201,-73.9919,0
40.6966,-73.9832,1
40.7376,-74.0037,0
40.7718,-73.9675,0
40.7774,-73.9808,0
40.7343,-73.9865,0
40.656,-73.9416,-1
40.735,-73.9892,0
40.7899,-73.9523,0
40.7812,-73.8478,-1
40.7246,-74.0101,0
40.7199,-73.9833,0
40.7095,-74.0139,0
40.7324,-73.9851,0
40.7408,-73.9881,0
40.691,-73.9289,-1
40.721,-73.9948,0
40.7076,-73.9669,2
40.7338,-73.9863,0
40.7739,-73.966,0
40.7324,-73.9818,0
40.7435,-73.9982,0
40.7377,-73.981,0
40.7386,-73.9921,0
40.7346,-73.9833,0
40.7207,-73.9802,0
40.7243,-73.9931,0
40.7929,-73.9733,0
40.758,-73.9915,0
40.7454,-74.0058,0
40.8036,-73.9399,-1
40.7174,-73.9517,2
40.7737,-73.9559,0
40.7492,-73.9803,0
40.7185,-73.9832,0
40.7685,-73.9694,0
40.7284,-74.0036,0
40.7259,-73.9887,0
40.7296,-73.9901,0
40.7315,-73.9927,0
40.7345,-74.0031,0
40.7213,-73.9886,0
40.762,-73.979,0
40.7655,-73.9625,0
40.7615,-73.9704,0
40.7657,-73.9551,0
40.7343,-74.0061,0
40.7279,-73.9825,0
40.7342,-73.9549,2
40.6905,-73.9903,1
40.7173,-73.9628,2
40.7036,-73.9846,0
40.7647,-73.9786,0
40.7272,-73.9796,0
40.6926,-73.9862,1
40.7201,-73.9937,0
40.7239,-73.9992,0
40.7232,-73.994,0
40.7688,-73.8672,3
40.8025,-73.9508,-1
40.7485,-73.9887,0
40.7037,-73.9877,0
40.7321,-73.9865,0
40.7762,-73.9538,0
40.7282,-73.9758,0
40.7251,-73.9843,0
40.7398,-73.9931,0
40.7261,-74.0097,0
40.7897,-73.9719,0
40.7373,-73.9903,0
40.7674,-73.9534,0
40.725,-73.9884,0
40.7498,-73.9763,0
40.7338,-73.9778,0
40.7595,-73.976,0
40.7333,-73.987,0
40.7204,-74.0021,0
40.7622,-73.9782,0
40.7373,-74.0083,0
40.7384,-73.9855,0
40.7593,-73.9769,0
40.7289,-73.9788,0
40.761,-73.987,0
40.7237,-73.9797,0
40.7153,-74.0093,0
40.7809,-73.9811,0
40.7412,-73.9979,0
40.7559,-73.9928,0
40.7892,-73.9775,0
40.7412,-73.9927,0
40.8043,-73.9667,0
40.7603,-73.9599,0
40.7606,-73.9985,0
40.7387,-74.0053,0
40.8013,-73.9538,0
40.7559,-73.9737,0
40.7241,-73.9969,0
40.7436,-73.9946,0
40.7569,-73.9694,0
40.7577,-73.9753,0
40.7322,-74.0077,0
40.7608,-73.9999,0
40.7257,-74.0052,0
40.7352,-73.9829,0
40.7533,-73.9901,0
40.7138,-73.9574,2
40.7236,-73.9778,0
40.757,-73.972,0
40.6759,-73.9604,-1
40.7795,-73.9524,0
40.7257,-73.9807,0
40.7302,-73.9821,0
40.7748,-73.9545,0
40.6227,-73.9615,-1
40.7769,-73.9535,0
40.7194,-73.9896,0
40.7528,-73.9795,0
40.7517,-73.9814,0
40.7375,-74.0071,0
40.7211,-73.9985,0
40.7211,-73.9985,0
40.7152,-73.9602,2
40.731,-73.9819,0
40.7299,-73.9995,0
40.7523,-73.9783,0
40.7744,-73.981,0
40.786,-73.9725,0
40.7517,-73.99,0
40.738,-74.0043,0
40.7443,-73.9916,0
40.7453,-73.9826,0
40.7205,-73.9844,0
40.719,-73.9498,2
40.7253,-73.9779,0
40.7227,-74.0048,0
40.7252,-73.9797,0
40.6869,-73.9706,-1
40.7409,-73.9975,0
40.7401,-74.0035,0
40.7044,-73.9437,2
40.7453,-73.9827,0
40.759,-73.9688,0
40.7349,-74.0021,0
40.7836,-73.9589,0
40.7327,-74.0039,0
40.7713,-73.9823,0
40.7741,-73.8726,3
40.6815,-73.9619,-1
40.7782,-73.9457,0
40.7773,-73.9752,0
40.7523,-73.9701,0
40.7905,-73.9757,0
40.7184,-73.9864,0
40.7628,-73.9911,0
40.7256,-73.9825,0
40.7352,-73.9797,0
40.7868,-73.9779,0
40.7807,-73.9571,0
40.6818,-74.0019,1
40.7686,-73.9635,0
40.7271,-74.0046,0
40.8106,-73.9527,-1
40.7352,-73.9798,0
40.7199,-74.0003,0
40.7171,-74.008,0
40.7616,-74.0004,0
40.7386,-73.9959,0
40.7374,-74.0049,0
40.7255,-73.9841,0
40.7438,-73.9716,0
40.7428,-74.0001,0
40.7474,-73.9724,0
40.7592,-73.9944,0
40.7248,-73.9881,0
40.7511,-74.0045,0
40.6949,-73.9833,1
40.7553,-73.9735,0
40.7613,-73.9915,0
40.7778,-73.9889,0
40.7498,-74.0052,0
40.7573,-73.9627,0
40.7676,-73.9695,0
40.7508,-73.9843,0
40.7214,-73.9946,0
40.7714,-73.9649,0
40.7168,-73.9507,2
40.7699,-73.9544,0
40.733,-73.9885,0
40.7358,-73.9929,0
40.7442,-73.9763,0
40.7557,-73.9923,0
40.7801,-73.9551,0
40.6903,-73.9921,1
40.7071,-74.0046,0
40.7613,-73.998,0
40.7724,-73.9497,0
40.7824,-73.9769,0
40.7437,-73.983,0
40.7731,-73.9545,0
40.6891,-73.9189,-1
40.7458,-73.9784,0
40.7303,-73.9822,0
40.7277,-73.9799,0
40.731,-73.9878,0
40.7741,-73.979,0
40.7741,-73.979,0
40.7642,-73.9832,0
40.7809,-73.9568,0
40.7432,-73.8849,-1
40.7444,-73.9946,0
40.7465,-73.9842,0
40.7566,-73.9803,0
40.735,-73.9799,0
40.6945,-73.9442,-1
40.7514,-73.9412,-1
40.7891,-73.9761,0
40.7117,-73.9603,2
40.7452,-73.9769,0
40.7193,-73.9856,0
40.7688,-73.9612,0
40.7674,-73.9847,0
40.706,-73.9211,-1
40.6717,-73.9724,-1
40.791,-73.9538,0
40.7439,-74.0064,0
40.7566,-73.9902,0
40.7472,-73.9914,0
40.7839,-73.9798,0
40.7617,-73.9604,0
40.7346,-73.9801,0
40.7892,-73.9786,0
40.7383,-73.9799,0
40.7383,-73.9799,0
40.7621,-73.9875,0
40.7861,-73.9528,0
40.7761,-73.9555,0
40.7563,-73.9614,0
40.7742,-73.9513,0
40.7476,-74.0019,0
40.7374,-73.9794,0
40.7637,-73.9798,0
40.7241,-73.988,0
40.7312,-73.9756,0
40.661,-73.9597,-1
40.7815,-73.9491,0
40.6901,-73.9923,1
40.7504,-73.9911,0
40.7642,-73.979,0
40.7698,-73.9527,0
40.6912,-73.9596,-1
40.7442,-73.9962,0
40.7452,-73.9785,0
40.7233,-73.9912,0
40.7601,-73.985,0
40.7337,-74.0067,0
40.7681,-73.9685,0
40.7606,-73.9663,0
40.7609,-73.9965,0
40.721,-73.961,2
40.7428,-73.9808,0
40.7625,-73.9592,0
40.7195,-74.0007,0
40.7739,-73.9487,0
40.7346,-73.991,0
40.7741,-73.8725,3
40.7672,-73.9683,0
40.7789,-73.9851,0
40.7618,-73.9672,0
40.7383,-73.9969,0
40.7687,-73.9561,0
40.7225,-74.0071,0
40.7575,-73.9934,0
40.7405,-73.9892,0
40.7782,-73.9484,0
40.7586,-73.9171,-1
40.7589,-73.9886,0
40.7685,-73.8626,3
40.7756,-73.9469,0
40.7072,-74.0089,0
40.7457,-74.0056,0
40.7653,-73.9801,0
40.7259,-73.998,0
40.6784,-73.9633,-1
40.7448,-73.9829,0
40.777,-73.9893,0
40.7239,-73.979,0
40.7459,-73.9959,0
40.7266,-73.9409,2
40.7315,-73.9908,0
40.769,-73.9886,0
40.7384,-73.9835,0
40.7636,-73.9889,0
40.7668,-73.9789,0
40.7409,-74.0075,0
40.7526,-73.9966,0
40.7518,-73.979,0
40.7384,-73.9834,0
40.7313,-73.9826,0
40.7455,-73.9717,0
40.7747,-73.9845,0
40.7784,-73.9744,0
40.7281,-73.9849,0
40.7321,-73.9941,0
40.773,-73.8855,-1
40.7241,-73.998,0
40.7613,-74.0002,0
40.773,-73.9895,0
40.7883,-73.9682,0
40.7576,-73.9672,0
40.7739,-73.9814,0
40.7705,-73.9505,0
40.7442,-73.9918,0
40.7735,-73.9779,0
40.7825,-73.977,0
40.7517,-73.9768,0
40.774,-73.8726,3
40.7673,-73.9902,0
40.7248,-73.9415,2
40.6923,-73.9865,1
40.6923,-73.9865,1
40.6915,-73.9844,1
40.7325,-74.0095,0
40.7569,-73.9741,0
40.7614,-73.9998,0
40.7416,-73.98,0
40.7115,-73.9807,0
40.7519,-73.9793,0
40.7073,-74.0024,0
40.7501,-73.9943,0
40.7826,-73.9731,0
40.731,-73.9838,0
40.7385,-73.9874,0
40.7739,-73.8723,3
40.8521,-73.9378,-1
40.7399,-74.006,0
40.7608,-73.9991,0
40.7733,-73.9665,0
40.7551,-73.9776,0
40.7194,-73.9407,2
40.7632,-73.9586,0
40.7371,-73.997,0
40.7858,-73.9704,0
40.7186,-74.0061,0
40.7519,-73.9946,0
40.7489,-73.9922,0
40.7384,-73.9841,0
40.7802,-73.9475,0
40.7784,-73.9817,0
40.7639,-73.9585,0
40.7613,-73.9999,0
40.728,-73.9881,0
40.7833,-73.9528,0
40.6217,-74.0051,-1
40.7241,-73.9825,0
40.7258,-73.9889,0
40.7265,-74.0057,0
40.7418,-74.0039,0
40.6892,-73.9866,1
40.7592,-73.9945,0
40.7568,-73.9927,0
40.6786,-74.0038,-1
40.7316,-73.9931,0
40.7326,-73.9877,0
40.7409,-74.0075,0
40.7478,-74.0004,0
40.7284,-73.9997,0
40.7113,-74.0055,0
40.7682,-73.9557,0
40.7298,-73.9808,0
40.7287,-73.9466,2
40.6744,-73.9733,-1
40.7486,-74.0035,0
40.7994,-73.9395,-1
40.7364,-73.9553,2
40.7423,-73.9836,0
40.7191,-73.9956,0
40.7603,-73.9989,0
40.7832,-73.9189,-1
40.7443,-73.9763,0
40.7253,-73.998,0
40.7072,-73.9569,2
40.7053,-74.0167,0
40.7521,-73.9782,0
40.7752,-73.9506,0
40.7577,-73.9891,0
40.7821,-73.9597,0
40.6848,-73.9264,-1
40.7075,-73.9494,2
40.7925,-73.9731,0
40.7595,-73.9872,0
40.701,-73.9913,0
40.7995,-73.9718,0
40.716,-74.011,0
40.7518,-73.9938,0
40.7841,-73.9814,0
40.7288,-73.9993,0
40.7564,-73.9703,0
40.7613,-74.0019,0
40.755,-73.9805,0
40.7222,-73.9888,0
40.7458,-73.9996,0
40.7227,-73.9861,0
40.7247,-73.9464,2
40.7486,-73.9734,0
40.7758,-73.9468,0
40.7284,-73.9817,0
40.7467,-73.9198,-1
40.7706,-73.8653,3
40.7468,-73.9904,0
40.7166,-74.0164,0
40.7732,-73.8856,-1
40.7617,-73.9749,0
40.7631,-73.9938,0
40.7685,-73.985,0
40.7451,-73.9155,-1
40.723,-73.9977,0
40.7283,-73.9907,0
40.7455,-73.9783,0
40.7658,-73.965,0
40.7082,-73.9422,2
40.7659,-73.9768,0
40.7583,-73.9629,0
40.7326,-73.9773,0
40.7273,-73.9499,2
40.7483,-73.9737,0
40.7318,-74.0051,0
40.7474,-73.9769,0
40.7514,-73.9941,0
40.7576,-73.9848,0
40.7245,-73.9933,0
40.686,-73.9737,-1
40.6837,-74.0007,1
40.7137,-73.9493,2
40.7536,-73.9999,0
40.7299,-73.9807,0
40.7729,-73.9479,0
40.7283,-73.9998,0
40.7304,-73.9937,0
40.7959,-73.9666,0
40.7138,-73.9794,0
40.7685,-73.958,0
40.7726,-73.9535,0
40.7597,-73.9821,0
40.7044,-73.9436,2
40.7751,-73.9608,0
40.7306,-73.9832,0
40.7106,-74.0084,0
40.7347,-74.0094,0
40.6776,-73.9485,-1
40.7508,-73.9765,0
40.7093,-74.0146,0
40.7204,-73.9851,0
40.7374,-74.0082,0
40.7292,-73.9795,0
40.7601,-73.9613,0
40.7452,-73.9943,0
40.7515,-74.0065,0
40.7454,-73.9715,0
40.7257,-74.0058,0
40.7506,-73.9857,0
40.7043,-73.8801,-1
40.7333,-73.9591,2
40.7335,-73.9931,0
40.7629,-73.9823,0
40.74,-74.0031,0
40.7878,-73.9788,0
40.7168,-73.9562,2
40.7765,-73.9807,0
40.7466,-73.9823,0
40.7555,-73.9732,0
40.7006,-73.8899,-1
40.7219,-73.9972,0
40.7592,-73.9921,0
40.7382,-74.0021,0
40.7361,-74.0035,0
40.7411,-73.9806,0
40.7427,-73.9923,0
40.784,-73.9527,0
40.7273,-74.0056,0
40.7735,-73.9489,0
40.7664,-73.9684,0
40.7774,-73.9507,0
40.7504,-74.0022,0
40.7561,-73.9728,0
40.7346,-74.0097,0
40.7262,-74.0075,0
40.7428,-73.9808,0
40.6919,-73.9957,1
40.7433,-73.9798,0
40.769,-73.9825,0
40.7417,-73.9821,0
40.7215,-73.9822,0
40.7333,-74.0049,0
40.7284,-73.98,0
40.7827,-73.9752,0
40.6856,-73.9918,1
40.7279,-73.9911,0
40.7467,-74.0018,0
40.7311,-73.9741,0
40.7539,-73.9955,0
40.8113,-73.9539,-1
40.7473,-74.0032,0
40.7868,-73.9522,0
40.7313,-74.0024,0
40.6858,-73.9987,1
40.722,-73.9882,0
40.7166,-73.9454,2
40.7348,-73.9867,0
40.7364,-73.9748,0
40.7141,-73.9529,2
40.7152,-74.0021,0
40.8091,-73.9519,-1
40.7684,-73.9848,0
40.7368,-74.0044,0
40.778,-73.9567,0
40.7222,-73.9857,0
40.721,-74.0017,0
40.7805,-73.9468,0
40.7203,-74.0,0
40.7712,-73.9561,0
40.7828,-73.9736,0
40.6877,-73.9575,-1
40.7151,-73.9533,2
40.8048,-73.9623,0
40.7601,-73.9675,0
40.7201,-73.9555,2
40.7543,-73.9957,0
40.7355,-74.0087,0
40.7784,-73.9584,0
40.7131,-73.9641,2
40.7759,-73.9901,0
40.7821,-73.9755,0
40.7588,-73.9612,0
40.7626,-73.9717,0
40.7643,-73.9789,0
40.7424,-73.9992,0
40.7767,-73.959,0
40.7576,-73.967,0
40.7431,-73.9955,0
40.7707,-73.8656,3
40.7487,-74.0082,0
40.8182,-73.9385,-1
40.7184,-73.9416,2
40.7508,-73.9704,0
40.7496,-73.9776,0
40.7376,-74.0047,0
40.732,-74.0078,0
40.7307,-73.9516,2
40.7216,-73.9837,0
40.7917,-73.9758,0
40.7302,-74.0069,0
40.7734,-73.9893,0
40.7509,-73.9816,0
40.6791,-73.9151,-1
40.7623,-73.9824,0
40.7228,-74.0081,0
40.7564,-73.9744,0
40.7665,-73.9648,0
40.7832,-73.9506,0
40.7427,-73.9587,-1
40.7851,-73.9579,0
40.6577,-73.9742,-1
40.7258,-73.9792,0
40.7258,-73.9792,0
40.7237,-73.9892,0
40.748,-74.0027,0
40.7458,-73.9201,-1
40.7457,-73.9897,0
40.7767,-73.9465,0
40.7652,-73.9755,0
40.7986,-73.9634,0
40.778,-73.9586,0
40.7473,-73.9852,0
40.719,-73.9641,2
40.7555,-73.9873,0
40.7177,-73.9838,0
40.7227,-73.9896,0
40.7166,-73.9635,2
40.7361,-73.9939,0
40.7075,-74.007,0
40.7639,-73.9691,0
40.7453,-73.9805,0
40.7315,-73.991,0
40.715,-74.016,0
40.7691,-73.9814,0
40.7361,-73.9843,0
40.7535,-73.9985,0
40.7613,-73.9728,0
40.7128,-73.9778,0
40.7643,-73.9958,0
40.7946,-73.9662,0
40.7236,-74.0112,0
40.7789,-73.9821,0
40.7301,-73.9756,0
40.6772,-73.9577,-1
40.7784,-73.9569,0
40.7832,-73.9551,0
40.738,-74.0001,0
40.7309,-74.0059,0
40.7653,-73.9716,0
40.7824,-73.9806,0
40.763,-73.9641,0
40.7264,-73.9892,0
40.7453,-73.9769,0
40.7522,-73.9854,0
40.7611,-73.999,0
40.7561,-73.9906,0
40.7245,-73.9998,0
40.7171,-74.0142,0
40.7739,-73.8725,3
40.7288,-73.9883,0
40.7405,-73.9823,0
40.7426,-73.9572,-1
40.7353,-74.0049,0
40.7597,-73.9956,0
40.7693,-73.9892,0
40.7285,-73.9486,2
40.7255,-73.9765,0
40.7748,-73.9503,0
40.7526,-73.9812,0
40.7321,-74.0077,0
40.7907,-73.9742,0
40.7403,-73.9959,0
40.7464,-73.9723,0
40.7717,-73.9891,0
40.7345,-73.99,0
40.7258,-73.9471,2
40.6813,-73.9807,1
40.767,-73.9681,0
40.7175,-74.0071,0
40.7768,-73.9893,0
40.7325,-73.9962,0
40.7484,-73.9767,0
40.7132,-73.9557,2
40.761,-73.9989,0
40.7875,-73.9791,0
40.7383,-73.9835,0
40.7397,-73.9929,0
40.7453,-73.956,-1
40.7687,-73.9578,0
40.7287,-73.9953,0
40.7392,-74.0033,0
40.751,-73.9983,0
40.7861,-73.9707,0
40.717,-74.0049,0
40.7817,-73.9806,0
40.7731,-73.9901,0
40.7183,-74.0145,0
40.734,-73.9806,0
40.7769,-73.9473,0
40.783,-73.9821,0
40.756,-73.9966,0
40.6848,-73.9681,-1
40.7567,-73.9825,0
40.727,-74.005,0
40.7581,-73.9798,0
40.7624,-73.979,0
40.7254,-73.9779,0
40.7585,-73.96,0
40.7672,-73.955,0
40.7357,-73.9969,0
40.7374,-74.0083,0
40.7525,-73.9857,0
40.7475,-73.9565,0
40.7382,-73.9949,0
40.7374,-74.0083,0
40.7316,-74.0054,0
40.756,-73.9731,0
40.7762,-73.9602,0
40.7309,-73.983,0
40.8344,-73.9457,-1
40.7827,-73.9793,0
40.7255,-73.9777,0
40.637,-73.9585,-1
40.7225,-73.997,0
40.7328,-73.9816,0
40.7618,-73.9749,0
40.7275,-73.9811,0
40.731,-74.0029,0
40.7282,-73.9804,0
40.7218,-73.9874,0
40.7762,-73.9777,0
40.7869,-73.9731,0
40.7762,-73.9777,0
40.7762,-73.958,0
40.7678,-73.9657,0
40.7865,-73.9797,0
40.7592,-73.9924,0
40.716,-74.0035,0
40.7387,-74.0089,0
40.7611,-73.999,0
40.7264,-74.0004,0
40.6625,-73.94,-1
40.7668,-73.9892,0
40.7498,-73.9757,0
40.729,-73.9794,0
40.7187,-73.9621,2
40.7476,-73.9841,0
40.7368,-73.9888,0
40.7104,-73.9648,2
40.774,-73.8722,3
40.723,-73.9839,0
40.7616,-74.0001,0
40.7751,-73.9823,0
40.7707,-73.8657,3
40.7583,-73.9601,0
40.7938,-73.9669,0
40.7227,-73.9814,0
40.7227,-73.9814,0
40.756,-73.9634,0
40.7214,-73.9878,0
40.7402,-73.9921,0
40.7082,-73.9213,-1
40.711,-74.0056,0
40.6935,-73.9799,1
40.6935,-73.9799,1
40.7301,-73.9558,2
40.7649,-73.9688,0
40.7663,-73.964,0
40.7446,-73.9755,0
40.7891,-73.9804,0
40.7653,-73.9549,0
40.7415,-74.0051,0
40.7612,-73.9753,0
40.7881,-73.9757,0
40.7543,-73.9858,0
40.753,-73.974,0
40.7333,-73.9796,0
40.7589,-73.9858,0
40.7226,-73.9848,0
40.7135,-73.9891,0
40.7382,-74.0008,0
40.7391,-73.9815,0
40.7836,-73.9546,0
40.7694,-73.9834,0
40.7432,-73.9797,0
40.7768,-73.9829,0
40.7285,-73.9925,0
40.7263,-74.0027,0
40.7632,-73.967,0
40.7751,-73.977,0
40.7933,-73.9674,0
40.7285,-74.0002,0
40.7212,-74.0054,0
40.7527,-73.9932,0
40.7226,-73.9995,0
40.7685,-73.9837,0
40.726,-73.992,0
40.7327,-73.995,0
40.6867,-73.9591,-1
40.7631,-73.9719,0
40.7302,-73.9819,0
40.7545,-73.9771,0
40.7585,-73.9628,0
40.7525,-74.0041,0
40.7181,-74.0098,0
40.7827,-73.9733,0
40.7422,-73.9828,0
40.8094,-73.9414,-1
40.7432,-73.9914,0
40.7007,-73.9257,-1
40.7744,-73.9891,0
40.7427,-73.996,0
40.764,-73.9815,0
40.7232,-73.9955,0
40.778,-73.9747,0
40.7323,-74.0077,0
40.7294,-73.9811,0
40.7269,-74.0036,0
40.7389,-74.0083,0
40.772,-73.9598,0
40.7334,-73.9899,0
40.7825,-73.9846,0
40.7856,-73.978,0
40.7087,-73.9443,2
40.7087,-73.9443,2
40.7644,-73.9689,0
40.782,-73.9592,0
40.7561,-73.9633,0
40.7683,-73.9627,0
40.7504,-73.9911,0
40.7771,-73.9595,0
40.7522,-73.9854,0
40.7733,-73.9623,0
40.7418,-74.0039,0
40.7807,-73.961,0
40.7685,-73.9499,0
40.7368,-73.9801,0
40.7189,-74.011,0
40.7132,-74.0044,0
40.7198,-74.0033,0
40.7379,-73.996,0
40.7744,-73.983,0
40.6877,-73.9775,1
40.7583,-73.9837,0
40.7338,-74.0058,0
40.7608,-73.873,3
40.6677,-73.9867,-1
40.7472,-73.9966,0
40.7322,-73.9805,0
40.714,-73.9423,2
40.7145,-74.0105,0
40.7326,-73.9857,0
40.7429,-73.9808,0
40.785,-73.9726,0
40.7585,-73.9921,0
40.775,-73.9632,0
40.7808,-73.9838,0
40.7505,-73.9913,0
40.7831,-73.9557,0
40.7128,-73.985,0
40.7626,-73.9821,0
40.7344,-74.0072,0
40.7775,-73.9826,0
40.7228,-74.0047,0
40.7519,-73.9937,0
40.7357,-74.0078,0
40.7665,-73.9569,0
40.7493,-73.9921,0
40.7596,-73.9854,0
40.7107,-73.9662,2
40.6923,-73.979,1
40.787,-73.9729,0
40.7652,-73.9752,0
40.7151,-73.8318,-1
40.7834,-73.9768,0
40.753,-74.0039,0
40.7957,-73.9346,-1
40.7483,-74.0056,0
40.8243,-73.9519,-1
40.7619,-73.9847,0
40.7495,-73.9943,0
40.7595,-73.9615,0
40.7534,-73.9663,0
40.7194,-74.0016,0
40.7182,-73.9629,2
40.7865,-73.9425,0
40.76,-73.9144,-1
40.7342,-73.9987,0
40.778,-73.976,0
40.7312,-73.9857,0
40.7424,-73.9916,0
40.7791,-73.9805,0
40.7388,-74.0088,0
40.721,-74.0041,0
40.772,-73.9658,0
40.7508,-73.9858,0
40.7488,-73.976,0
40.7686,-73.9499,0
40.7521,-73.9854,0
40.7139,-74.0106,0
40.724,-73.9969,0
40.7146,-73.9638,2
40.7191,-73.9641,2
40.8523,-73.938,-1
40.7544,-73.9776,0
40.7611,-73.9572,0
40.7807,-73.9544,0
40.7607,-73.9977,0
40.7632,-73.9716,0
40.78,-73.9545,0
40.7961,-73.9498,0
40.8567,-73.9294,-1
40.7691,-73.9813,0
40.7388,-74.0089,0
40.7565,-73.963,0
40.7176,-74.0034,0
40.7561,-73.973,0
40.7631,-73.9699,0
40.7105,-73.9663,2
40.7314,-73.9856,0
40.68,-73.9988,1
40.7649,-73.9806,0
40.7759,-73.9583,0
40.7665,-73.9516,0
40.7908,-73.9538,0
40.7211,-73.9558,2
40.7052,-74.0079,0
40.7433,-73.9744,0
40.7694,-73.9599,0
40.7663,-73.9917,0
40.7273,-73.9808,0
40.7325,-73.977,0
40.7827,-73.957,0
40.7443,-73.9762,0
40.7377,-73.9932,0
40.7341,-74.0086,0
40.7586,-73.96,0
40.7751,-73.9477,0
40.6835,-73.9104,-1
40.7423,-73.999,0
40.7823,-73.9819,0
40.7673,-73.9799,0
40.7817,-73.9767,0
40.7286,-73.9956,0
40.736,-74.0094,0
40.711,-74.0099,0
40.7463,-73.9892,0
40.7512,-73.9825,0
40.7745,-73.9456,0
40.7182,-73.9501,2
40.734,-73.9952,0
40.681,-74.0015,1
40.73,-73.9808,0
40.7616,-73.9993,0
40.662,-73.9901,-1
40.7469,-73.9924,0
40.7375,-73.9966,0
40.7775,-73.9863,0
40.7843,-73.9559,0
40.7507,-74.0035,0
40.6867,-73.9905,1
40.7387,-73.9855,0
40.7727,-73.9607,0
40.7215,-73.949,2
40.7159,-74.0151,0
40.6886,-73.9849,1
40.7236,-74.0033,0
40.7796,-73.9878,0
40.7026,-73.9868,0
40.7406,-73.979,0
40.7522,-73.9952,0
40.7497,-73.9726,0
40.7631,-73.9939,0
40.7315,-74.0103,0
40.7618,-73.9576,0
40.7876,-73.9772,0
40.681,-73.9779,-1
40.7542,-73.9859,0
40.7412,-74.0081,0
40.7607,-73.999,0
40.7635,-73.9721,0
40.7786,-73.9833,0
40.7758,-73.9561,0
40.6641,-73.992,-1
40.6576,-73.9743,-1
40.7451,-73.9788,0
40.7362,-73.9828,0
40.7468,-73.9923,0
40.7741,-73.8723,3
40.6782,-73.9786,-1
40.7395,-73.9939,0
40.7856,-73.9786,0
40.747,-73.9965,0
40.77,-73.9588,0
40.7713,-73.9505,0
40.711,-73.9627,2
40.7969,-73.9737,0
40.742,-73.9963,0
40.7376,-74.009,0
40.7911,-73.9726,0
40.7073,-74.0081,0
40.7381,-74.0094,0
40.7645,-73.9584,0
40.753,-73.9801,0
40.7223,-74.0038,0
40.6957,-73.9469,-1
40.7322,-73.9802,0
40.7399,-74.003,0
40.7356,-73.9939,0
40.7753,-73.9452,0
40.7002,-73.946,-1
40.7413,-73.9978,0
40.745,-74.0026,0
40.7626,-73.9788,0
40.7701,-73.9552,0
40.7368,-73.989,0
40.7429,-73.9848,0
40.6706,-73.9877,-1
40.6367,-73.9576,-1
40.7276,-73.9531,2
40.7181,-74.0082,0
40.7563,-73.998,0
40.7685,-73.8624,3
40.7522,-74.0045,0
40.771,-73.9478,0
40.737,-73.9937,0
40.7615,-73.9747,0
40.7579,-74.0354,-1
40.7532,-73.986,0
40.7327,-73.9836,0
40.7313,-74.0101,0
40.7274,-73.947,2
40.7319,-73.9881,0
40.7508,-73.9763,0
40.774,-73.9596,0
40.7927,-73.9648,0
40.7741,-73.8726,3
40.6916,-73.8252,-1
40.8427,-73.9254,-1
40.7357,-73.9969,0
40.7831,-73.9807,0
40.7325,-74.0093,0
40.7198,-73.9903,0
40.7418,-73.992,0
40.7029,-73.9169,-1
40.7064,-74.0096,0
40.6818,-73.98,1
40.7418,-74.004,0
40.7573,-73.9697,0
40.7263,-73.9408,2
40.7831,-73.9529,0
40.7988,-73.9695,0
40.7319,-74.0039,0
40.7142,-73.9634,2
40.7829,-73.98,0
40.745,-73.9767,0
40.735,-74.0027,0
40.7451,-73.9951,0
40.7722,-73.9544,0
40.7473,-73.9855,0
40.7857,-73.9723,0
40.7571,-73.9675,0
40.7107,-73.9877,0
40.7592,-73.9609,0
40.7206,-73.9469,2
40.7206,-73.9469,2
40.7168,-73.9911,0
40.6757,-73.9638,-1
40.7407,-74.0047,0
40.7342,-73.987,0
40.7332,-73.9779,0
40.7793,-73.9881,0
40.7582,-73.9622,0
40.7494,-73.9846,0
40.7136,-74.0097,0
40.7846,-73.9735,0
40.7636,-73.9868,0
40.7744,-73.9455,0
40.746,-74.0004,0
40.7672,-73.9878,0
40.7065,-74.009,0
40.7834,-73.9788,0
40.7245,-73.9834,0
40.737,-73.9915,0
40.6719,-73.9774,-1
40.7368,-74.0084,0
40.7209,-74.0043,0
40.7352,-74.0016,0
40.7757,-73.9463,0
40.7627,-73.9949,0
40.7226,-73.9869,0
40.7234,-73.9826,0
40.7199,-74.006,0
40.7636,-73.9622,0
40.7371,-73.9739,0
40.7371,-73.9739,0
40.7663,-73.9675,0
40.7847,-73.9735,0
40.7745,-73.9823,0
40.7406,-74.0057,0
40.7106,-73.9454,2
40.6816,-73.9989,1
40.7593,-73.9648,0
40.6828,-73.9958,1
40.7838,-73.9821,0
40.7239,-73.985,0
40.745,-73.9937,0
40.7027,-74.012,0
40.6856,-73.9944,1
40.7166,-74.0165,0
40.7342,-74.0089,0
40.7077,-73.9626,2
40.7895,-73.9776,0
40.7335,-73.981,0
40.7758,-73.9608,0
40.7485,-73.9961,0
40.6738,-73.9569,-1
40.6663,-73.982,-1
40.7342,-73.9776,0
40.7362,-74.004,0
40.6724,-73.986,-1
40.7502,-73.9985,0
40.7388,-74.0092,0
40.7426,-73.9926,0
40.6915,-73.9843,1
40.7255,-73.9548,2
40.8063,-73.9529,-1
40.692,-73.9928,1
40.6776,-73.948,-1
40.7425,-74.0031,0
40.6951,-73.9955,1
40.727,-73.9782,0
40.7692,-73.9813,0
40.7706,-73.9547,0
40.7591,-73.9746,0
40.7229,-73.9458,2
40.7488,-73.9736,0
40.6724,-73.977,-1
40.7191,-74.0066,0
40.7606,-73.9942,0
40.7761,-73.9474,0
40.7332,-74.0041,0
40.7271,-73.984,0
40.7793,-73.9472,0
40.7741,-73.8726,3
40.7526,-73.9823,0
40.7398,-73.9814,0
40.7468,-73.9961,0
40.7433,-73.9744,0
40.7369,-73.9742,0
40.7304,-73.9821,0
40.7499,-73.9701,0
40.7738,-73.9778,0
40.7195,-73.9453,2
40.7376,-74.0084,0
40.7194,-74.0423,-1
40.686,-73.9706,-1
40.7636,-73.98,0
40.7302,-73.9822,0
40.7571,-73.9628,0
40.7807,-73.9812,0
40.7207,-73.9949,0
40.7277,-73.9839,0
40.7614,-73.9987,0
40.7051,-74.0159,0
40.7512,-73.9836,0
40.711,-74.0063,0
40.7684,-73.8624,3
40.7277,-73.9793,0
40.7566,-73.9942,0
40.7517,-73.9768,0
40.7309,-74.0058,0
40.7614,-74.0,0
40.7796,-73.9478,0
40.7698,-73.9586,0
40.7385,-73.9961,0
40.7526,-73.9732,0
40.7461,-73.9905,0
40.724,-73.999,0
40.7286,-74.0037,0
40.6954,-73.9887,1
40.7321,-74.0023,0
40.7675,-73.9886,0
40.7406,-73.9932,0
40.7426,-73.9525,-1
40.7227,-74.0073,0
40.7365,-73.9789,0
40.6851,-73.9614,-1
40.7203,-73.9874,0
40.6873,-73.9485,-1
40.738,-73.988,0
40.7498,-73.9932,0
40.7175,-73.9529,2
40.7292,-74.0453,-1
40.6869,-73.9442,-1
40.7905,-73.968,0
40.7649,-73.977,0
40.7647,-73.9954,0
40.7595,-73.9682,0
40.7843,-73.974,0
40.7593,-73.9945,0
40.7574,-73.9743,0
40.7054,-74.0172,0
40.8038,-73.9654,0
40.7348,-74.0015,0
40.7106,-74.0058,0
40.7465,-74.005,0
40.7135,-74.0109,0
40.7566,-73.9745,0
40.754,-73.9859,0
40.7867,-73.9727,0
40.7166,-73.9902,0
40.7787,-73.9822,0
40.7762,-73.9478,0
40.7755,-73.9198,-1
40.7343,-73.9755,0
40.7179,-74.0059,0
40.7566,-73.9668,0
40.749,-73.9921,0
40.7096,-74.014,0
40.6608,-73.9396,-1
40.7728,-73.9584,0
40.76,-73.9903,0
40.7987,-73.9676,0
40.7396,-73.9941,0
40.7465,-73.9724,0
40.733,-73.9756,0
40.7614,-73.9998,0
40.7519,-73.9946,0
40.7443,-73.9748,0
40.7443,-73.9748,0
40.7665,-73.9862,0
40.7379,-74.0065,0
40.7292,-73.9795,0
40.7665,-73.9674,0
40.7483,-73.9393,-1
40.7644,-73.9885,0
40.7588,-73.9815,0
40.7507,-73.8922,-1
40.7753,-73.9904,0
40.7614,-74.0,0
40.75,-73.9864,0
40.75,-73.9864,0
40.6816,-73.9515,-1
40.7123,-74.0092,0
40.7337,-74.0074,0
40.6982,-73.9135,-1
40.7816,-73.9812,0
40.723,-73.9839,0
40.7653,-73.9698,0
40.7427,-74.0039,0
40.6847,-73.9612,-1
40.7425,-73.9919,0
40.732,-74.0078,0
40.6962,-73.9426,-1
40.7477,-73.9967,0
40.7225,-73.9918,0
40.7631,-73.981,0
40.7388,-74.0071,0
40.774,-73.8725,3
40.744,-74.0068,0
40.744,-74.0068,0
40.7337,-73.9808,0
40.7433,-73.9871,0
40.6981,-73.9929,1
40.7252,-74.0077,0
40.6664,-73.9055,-1
40.6693,-73.973,-1
40.734,-73.9806,0
40.7189,-74.0052,0
40.7188,-73.964,2
40.7826,-73.949,0
40.7099,-73.9555,2
40.774,-73.8709,3
40.7219,-73.9496,2
40.7566,-73.9976,0
40.7072,-74.012,0
40.7209,-74.0041,0
40.694,-73.949,-1
40.7615,-73.9579,0
40.7613,-73.9998,0
40.737,-73.8777,-1
40.774,-73.8727,3
40.6799,-73.9667,-1
40.7685,-73.9847,0
40.7644,-73.9773,0
40.6211,-74.024,-1
40.7643,-73.9791,0
40.7388,-74.0083,0
40.774,-73.8726,3
40.7113,-74.016,0
40.7444,-73.9968,0
40.7218,-73.9829,0
40.7405,-73.9848,0
40.7715,-73.9507,0
40.7722,-73.9881,0
40.7442,-73.9854,0
40.7331,-73.9868,0
40.7777,-73.9557,0
40.6893,-73.846,-1
40.7349,-73.9892,0
40.7677,-73.9825,0
40.7707,-73.9565,0
40.7098,-73.9474,2
40.7737,-73.9622,0
40.7574,-73.9629,0
40.7829,-73.9816,0
40.7278,-74.0032,0
40.7526,-73.9897,0
40.7602,-73.987,0
40.7542,-73.9858,0
40.7344,-73.9902,0
40.7103,-73.9965,0
40.7485,-73.9928,0
40.7752,-73.9824,0
40.7599,-73.8288,-1
40.7078,-74.0067,0
40.7484,-73.9393,-1
40.6621,-73.9553,-1
40.7515,-73.9977,0
40.7342,-74.0032,0
40.7241,-73.9883,0
40.7685,-73.9497,0
40.8364,-73.9049,-1
40.711,-73.9675,0
40.7801,-73.957,0
40.6978,-73.9683,-1
40.6859,-73.9904,1
40.7717,-73.9886,0
40.7706,-73.957,0
40.7627,-73.9873,0
40.6948,-73.9682,-1
40.7451,-73.9921,0
40.7393,-73.9871,0
40.6598,-73.9606,-1
40.7211,-73.9943,0
40.7211,-73.9943,0
40.7726,-73.9592,0
40.7259,-74.0057,0
40.735,-73.9572,2
40.7687,-73.9582,0
40.7304,-73.9864,0
40.6924,-73.9727,-1
40.6924,-73.9727,-1
40.6336,-73.9733,-1
40.6336,-73.9733,-1
40.7273,-73.9791,0
40.6632,-73.9844,-1
40.6734,-73.9658,-1
40.7316,-74.0058,0
40.7806,-73.9463,0
40.8012,-73.9652,0
40.7099,-74.0073,0
40.6872,-73.9226,-1
40.7542,-73.9357,-1
40.8067,-73.9672,0
40.7461,-73.9778,0
40.6656,-73.9387,-1
40.7401,-73.9821,0
40.7471,-73.9735,0
40.7828,-73.9834,0
40.757,-73.9795,0
40.78,-73.9567,0
40.765,-73.9631,0
40.7273,-73.9438,2
40.7415,-73.9818,0
40.7928,-73.975,0
40.7784,-73.9852,0
40.6783,-73.9907,1
40.7869,-73.973,0
40.7236,-73.9913,0
40.7333,-74.0046,0
40.7369,-73.9786,0
40.7648,-73.9626,0
40.8235,-73.9476,-1
40.7327,-73.9776,0
40.7187,-74.0011,0
40.7036,-74.0885,-1
40.7063,-74.0177,0
40.7699,-73.9611,0
40.7122,-73.9661,2
40.7537,-73.9696,0
40.7976,-73.9715,0
40.7493,-73.9754,0
40.6883,-73.9805,1
40.7875,-73.9746,0
40.6953,-73.9957,1
40.7637,-73.9953,0
40.7501,-73.9708,0
40.7168,-73.9435,2
40.7772,-73.9442,0
40.7265,-73.977,0
40.7363,-73.9811,0
40.6688,-73.9838,-1
40.7434,-73.9924,0
40.7301,-73.9866,0
40.7418,-74.0077,0
40.7293,-74.0024,0
40.7985,-73.961,0
40.7657,-73.9807,0
40.7057,-74.0083,0
40.7677,-73.9684,0
40.8027,-73.967,0
40.7691,-73.9828,0
40.684,-73.9995,1
40.7271,-73.9932,0
40.7476,-73.993,0
40.7783,-73.985,0
40.7607,-73.9941,0
40.7811,-73.9796,0
40.7216,-74.0044,0
40.7787,-73.9477,0
40.7222,-73.9839,0
40.7359,-73.9838,0
40.7579,-73.9893,0
40.745,-74.0053,0
40.7174,-74.007,0
40.7385,-73.9844,0
40.699,-73.9857,1
40.714,-73.9597,2
40.7121,-74.0059,0
40.7423,-73.9989,0
40.7217,-73.9895,0
40.7359,-73.9912,0
40.7588,-73.863,3
40.7454,-73.9325,-1
40.7318,-73.9579,2
40.7587,-73.9727,0
40.7877,-73.9531,0
40.7169,-74.0123,0
40.7169,-74.0123,0
40.7843,-73.979,0
40.7496,-73.9725,0
40.7613,-73.968,0
40.7758,-73.9533,0
40.7012,-73.9226,-1
40.7761,-73.956,0
40.7334,-74.001,0
40.7158,-73.9901,0
40.7217,-74.0393,-1
40.7217,-74.0393,-1
40.6847,-73.9634,-1
40.7882,-73.9674,0
40.7761,-73.9517,0
40.7426,-73.9921,0
40.8506,-73.9395,-1
40.7568,-73.9984,0
40.7743,-73.9793,0
40.6948,-73.9413,-1
40.738,-73.9851,0
40.7736,-73.9658,0
40.7683,-73.9602,0
40.7335,-74.0091,0
40.6877,-73.927,-1
40.7439,-73.9777,0
40.6943,-73.9293,-1
40.718,-73.9827,0
40.7765,-73.9464,0
40.6761,-73.9732,-1
40.7077,-74.0102,0
40.7802,-73.9589,0
40.7193,-74.0019,0
40.778,-73.9784,0
40.7576,-73.9846,0
40.732,-74.0065,0
40.7696,-73.992,0
40.6998,-73.9296,-1
40.7356,-73.9755,0
40.7877,-73.9729,0
40.816,-73.9453,-1
40.7211,-74.0038,0
40.7305,-74.0091,0
40.7069,-73.898,-1
40.7771,-73.9784,0
40.7442,-74.0017,0
40.7638,-73.9936,0
40.7482,-74.0056,0
40.7702,-73.9576,0
40.7746,-73.964,0
40.7699,-73.9588,0
40.7754,-73.9628,0
40.7172,-74.0048,0
40.7772,-73.9615,0
40.7758,-73.9568,0
40.7312,-73.9827,0
40.7411,-73.9926,0
40.7757,-73.9808,0
40.7163,-74.0068,0
40.7496,-73.9838,0
40.7289,-73.9847,0
40.7561,-73.9713,0
40.7366,-73.9975,0
40.7704,-73.9562,0
40.8569,-73.9326,-1
40.7733,-73.9893,0
40.764,-73.9762,0
40.7238,-73.9967,0
40.7238,-73.9967,0
40.7876,-73.9677,0
40.7165,-74.0051,0
40.744,-73.978,0
40.7641,-73.9609,0
40.7426,-73.8787,-1
40.7229,-74.0011,0
40.7361,-74.0041,0
40.7518,-73.9938,0
40.6732,-74.0105,-1
40.7275,-74.0095,0
40.7462,-73.9871,0
40.7467,-73.9826,0
40.7912,-73.9651,0
40.7226,-73.9897,0
40.7435,-73.9512,-1
40.6652,-73.9903,-1
40.7287,-73.9952,0
40.6805,-73.9568,-1
40.6805,-73.9568,-1
40.7185,-74.0042,0
40.7346,-73.9824,0
40.7453,-73.9948,0
40.7594,-73.9871,0
40.7331,-73.8742,-1
40.6251,-73.9749,-1
40.6476,-74.0099,-1
40.7443,-73.9769,0
40.7248,-73.9783,0
40.7594,-73.9873,0
40.7261,-74.0096,0
40.7186,-73.9636,2
40.7138,-73.9902,0
40.6878,-73.9737,-1
40.7453,-74.0021,0
40.7419,-73.9749,0
40.7266,-74.0027,0
40.7584,-73.9789,0
40.6838,-73.912,-1
40.7705,-73.948,0
40.7705,-73.948,0
40.7742,-73.9528,0
40.7786,-73.9582,0
40.7342,-73.9817,0
40.752,-73.9931,0
40.7329,-73.9865,0
40.7513,-73.9804,0
40.7085,-74.0094,0
40.7466,-73.9919,0
40.7616,-73.9648,0
40.7143,-73.9879,0
40.7303,-74.0026,0
40.7236,-73.9972,0
40.7878,-73.9754,0
40.7703,-73.8655,3
40.7075,-74.0084,0
40.7075,-74.0084,0
40.7757,-73.9487,0
40.7133,-73.9926,0
40.7459,-73.9883,0
40.7239,-73.9923,0
40.7257,-73.9791,0
40.7363,-73.9792,0
40.6937,-73.9825,1
40.7387,-73.9833,0
40.72,-73.9989,0
40.7583,-73.8345,-1
40.7773,-73.949,0
40.7773,-73.949,0
40.7641,-73.9746,0
40.7365,-73.9949,0
40.7792,-73.9571,0
40.7489,-73.9916,0
40.7247,-73.9822,0
40.7452,-73.9911,0
40.7349,-74.007,0
40.7783,-73.9528,0
40.691,-73.9209,-1
40.7514,-73.9976,0
40.7756,-73.9534,0
40.7512,-74.0051,0
40.7004,-73.9231,-1
40.7396,-73.9896,0
40.7257,-73.8787,-1
40.7485,-73.9946,0
40.7485,-73.9946,0
40.6816,-74.0011,1
40.7161,-73.9425,2
40.7699,-73.9589,0
40.7725,-73.9496,0
40.7256,-74.0055,0
40.7716,-73.9489,0
40.6665,-73.9388,-1
40.745,-73.9786,0
40.696,-73.9678,-1
40.7502,-73.9866,0
40.7604,-73.9934,0
40.7464,-73.972,0
40.6936,-73.9888,1
40.6936,-73.9888,1
40.7381,-74.0099,0
40.7207,-73.9852,0
40.7115,-73.9948,0
40.751,-73.9943,0
40.7749,-73.9469,0
40.7428,-73.9926,0
40.7761,-73.9761,0
40.7369,-74.0013,0
40.742,-73.907,-1
40.7946,-73.9663,0
40.7754,-73.9903,0
40.7458,-73.9981,0
40.7633,-73.961,0
40.7875,-73.9745,0
40.7388,-74.0029,0
40.7736,-73.9496,0
40.7511,-73.9734,0
40.7364,-74.0052,0
40.7459,-73.9921,0
40.7489,-73.9922,0
40.6831,-73.9652,-1
40.7802,-73.9814,0
40.7213,-73.9988,0
40.802,-73.9673,0
40.6754,-73.9737,-1
40.7744,-73.9638,0
40.7734,-73.9491,0
40.7383,-73.9835,0
40.7748,-73.9653,0
40.8094,-73.9642,0
40.7546,-73.9875,0
40.724,-74.0087,0
40.7825,-73.9484,0
40.7586,-73.9705,0
40.771,-73.9575,0
40.7621,-73.9858,0
40.7189,-73.9595,2
40.7254,-74.0445,-1
40.7782,-73.9806,0
40.7423,-73.9922,0
40.7137,-73.945,2
40.7293,-74.0036,0
40.7498,-73.9915,0
40.76,-73.9952,0
40.6754,-74.0128,-1
40.6349,-74.0241,-1
40.7667,-73.9906,0
40.7323,-74.0077,0
40.7449,-73.9442,-1
40.7567,-73.9984,0
40.775,-73.9611,0
40.775,-73.9611,0
40.77,-73.9672,0
40.7419,-73.9759,0
40.7754,-73.962,0
40.8553,-73.8593,-1
40.7614,-73.9879,0
40.7665,-73.928,-1
40.7361,-73.9843,0
40.7546,-73.9699,0
40.779,-73.9559,0
40.6872,-73.929,-1
40.6872,-73.929,-1
40.7629,-73.9934,0
40.6595,-73.9842,-1
40.6739,-73.9671,-1
40.7741,-73.9527,0
40.7248,-73.9769,0
40.6851,-73.9535,-1
40.7325,-73.9817,0
40.7805,-73.9466,0
40.7492,-73.9767,0
40.6834,-73.9729,-1
40.7383,-73.9735,0
40.7188,-74.0047,0
40.7316,-74.0058,0
40.8102,-73.9434,-1
40.7149,-73.9649,2
40.6945,-73.9612,-1
40.7711,-73.9559,0
40.8096,-73.9131,-1
40.7521,-74.0045,0
40.7459,-73.9906,0
40.7651,-73.991,0
40.7246,-73.9415,2
40.6551,-73.9749,-1
40.7381,-74.0055,0
40.7574,-73.9824,0
40.7718,-73.9902,0
40.7613,-73.9979,0
40.7547,-73.9935,0
40.7788,-73.96,0
40.7313,-73.9757,0
40.7465,-74.0018,0
40.6883,-73.9996,1
40.7568,-73.9828,0
40.7292,-73.9891,0
40.784,-73.9723,0
40.7526,-73.9673,0
40.71,-74.0167,0
40.7665,-73.9526,0
40.7286,-74.0,0
40.7348,-74.0061,0
40.7442,-73.9725,0
40.7515,-73.994,0
40.7408,-73.9981,0
40.7443,-73.9768,0
40.6957,-73.9468,-1
40.7232,-73.9952,0
40.7446,-73.9948,0
40.8023,-73.9642,0
40.7802,-73.9512,0
40.7542,-73.9846,0
40.7231,-73.994,0
40.7927,-73.9649,0
40.741,-74.0034,0
40.7729,-73.9478,0
40.7313,-74.0038,0
40.7388,-74.0314,-1
40.7782,-73.9546,0
40.7476,-74.0024,0
40.7745,-73.9809,0
40.7136,-73.9569,2
40.7214,-73.9882,0
40.731,-73.9787,0
40.8333,-73.9406,-1
40.7408,-73.9972,0
40.7745,-73.9635,0
40.7152,-74.0093,0
40.7517,-73.994,0
40.7375,-73.98,0
40.7522,-74.0044,0
40.7571,-73.9899,0
40.7381,-73.8105,-1
40.6752,-73.9361,-1
40.7591,-73.994,0
40.7266,-74.0022,0
40.7266,-74.0022,0
40.7093,-74.0152,0
40.7653,-73.9894,0
40.7326,-73.992,0
40.7112,-74.006,0
40.7767,-73.9772,0
40.7786,-73.9482,0
40.6721,-73.974,-1
40.7409,-73.9974,0
40.7569,-73.9901,0
40.7743,-73.9593,0
40.7581,-73.9914,0
40.7035,-74.0099,0
40.7226,-73.9772,0
40.7139,-74.0105,0
40.7326,-73.885,-1
40.8037,-73.9656,0
40.7774,-73.9767,0
40.7215,-73.9562,2
40.7584,-73.9889,0
40.7519,-73.9949,0
40.735,-73.9818,0
40.7221,-73.9888,0
40.7538,-73.9895,0
40.7745,-73.9639,0
40.6806,-73.9839,1
40.7604,-73.9598,0
40.6255,-73.9673,-1
40.723,-73.9949,0
40.7712,-73.9535,0
40.7609,-74.0022,0
40.7317,-74.0033,0
40.7547,-73.9896,0
40.7433,-73.9963,0
40.7607,-73.9785,0
40.6886,-73.955,-1
40.753,-73.9915,0
40.7678,-73.9833,0
40.7368,-73.9859,0
40.7138,-74.0088,0
40.843,-73.8879,-1
40.7143,-73.9567,2
40.7578,-73.9659,0
40.7416,-73.9853,0
40.7761,-73.9555,0
40.7437,-73.9926,0
40.6719,-73.9814,-1
40.7455,-73.9846,0
40.7276,-73.98,0
40.7463,-73.9723,0
40.7301,-74.0069,0
40.6869,-73.9317,-1
40.6851,-73.999,1
40.763,-73.9687,0
40.7319,-74.0102,0
40.7408,-74.0077,0
40.7242,-73.9887,0
40.7048,-73.9392,-1
40.7846,-73.9758,0
40.7435,-73.9509,-1
40.703,-73.9867,0
40.7533,-73.9964,0
40.781,-73.9762,0
40.7248,-73.9783,0
40.7388,-74.0092,0
40.7388,-74.0092,0
40.6366,-73.9425,-1
40.7287,-73.9941,0
40.7593,-73.9957,0
40.7617,-73.9829,0
40.7316,-74.0012,0
40.7393,-73.9854,0
40.7867,-73.9422,0
40.6995,-73.9298,-1
40.7518,-73.9938,0
40.7829,-73.9838,0
40.7308,-73.9742,0
40.7396,-73.9826,0
40.733,-73.9751,0
40.6948,-73.9722,-1
40.7218,-73.983,0
40.7798,-73.9744,0
40.7442,-73.9786,0
40.744,-73.9272,-1
40.7914,-73.9443,0
40.7236,-74.0109,0
40.7626,-73.9629,0
40.7561,-73.9793,0
40.6765,-73.9829,-1
40.7606,-73.9878,0
40.6715,-73.9892,-1
40.7148,-73.9493,2
40.7618,-74.0004,0
40.7544,-73.9806,0
40.7195,-73.9923,0
40.7764,-73.9895,0
40.8521,-73.9298,-1
40.7439,-73.9838,0
40.676,-73.973,-1
40.8117,-73.9398,-1
40.7866,-73.9725,0
40.7292,-73.9771,0
40.7025,-73.989,0
40.7197,-74.0004,0
40.8195,-73.9401,-1
40.725,-74.0016,0
40.6918,-73.9666,-1
40.72,-74.0101,0
40.7643,-73.9849,0
40.7198,-74.0004,0
40.7189,-73.9907,0
40.7084,-73.9067,-1
40.7556,-73.9836,0
40.7426,-73.9997,0
40.7582,-73.9602,0
40.7503,-73.9792,0
40.781,-73.9464,0
40.7775,-73.9513,0
40.7266,-74.0011,0
40.6851,-73.9776,-1
40.7785,-73.9822,0
40.7605,-73.9255,-1
40.7452,-73.9845,0
40.7102,-74.0076,0
40.7102,-74.0076,0
40.7259,-74.0091,0
40.7805,-73.984,0
40.7658,-73.9543,0
40.7824,-73.9768,0
40.7698,-73.9508,0
40.6869,-73.9636,-1
40.7265,-74.0089,0
40.7481,-73.9784,0
40.762,-73.9584,0
40.7736,-73.9288,-1
40.7735,-73.949,0
40.7642,-73.979,0
40.7467,-73.9824,0
40.6892,-73.9867,1
40.7571,-73.967,0
40.7769,-73.9477,0
40.6976,-73.9841,1
40.7435,-73.9728,0
40.7206,-74.0085,0
40.7877,-73.9747,0
40.7741,-73.8726,3
40.7625,-73.9965,0
40.7724,-73.9612,0
40.7605,-73.9911,0
40.765,-73.9619,0
40.7223,-73.9509,2
40.7583,-73.9195,-1
40.6786,-73.997,1
40.7346,-73.9826,0
40.7779,-73.9539,0
40.7984,-73.9597,0
40.7645,-73.9663,0
40.7779,-73.959,0
40.7129,-74.0044,0
40.7556,-73.9925,0
40.6427,-74.0048,-1
40.761,-73.9928,0
40.74,-73.9793,0
40.7577,-73.8127,-1
40.7619,-73.9914,0
40.6748,-73.9816,-1
40.7217,-74.0033,0
40.7295,-74.0023,0
40.7524,-74.0269,-1
40.7767,-73.9774,0
40.7767,-73.9774,0
40.6762,-73.9988,-1
40.7676,-73.9597,0
40.7836,-73.9835,0
40.7213,-74.0319,-1
40.7359,-73.9766,0
40.6832,-73.9988,1
40.6798,-73.9666,-1
40.762,-73.9673,0
40.733,-73.9755,0
40.6904,-73.9541,-1
40.7235,-74.0108,0
40.7596,-73.9842,0
40.7843,-73.983,0
40.7742,-73.9633,0
40.7748,-73.991,0
40.711,-74.0055,0
40.7454,-73.9925,0
40.8148,-73.9613,-1
40.7322,-73.9949,0
40.7091,-74.0172,0
40.6856,-73.9918,1
40.6856,-73.9918,1
40.7073,-74.0024,0
40.7926,-73.9677,0
40.7375,-73.982,0
40.758,-73.9694,0
40.7471,-73.9566,0
40.7729,-73.9501,0
40.717,-73.9899,0
40.7375,-73.9804,0
40.7463,-74.0008,0
40.7429,-73.9416,-1
40.7463,-73.9812,0
40.7417,-73.996,0
40.713,-73.9514,2
40.7595,-73.9703,0
40.7227,-73.9968,0
40.7555,-73.9208,-1
40.7014,-73.988,0
40.7498,-73.9918,0
40.7786,-73.961,0
40.7819,-73.9571,0
40.779,-73.9805,0
40.7685,-73.9496,0
40.7995,-73.9702,0
40.772,-73.9582,0
40.7045,-73.9051,-1
40.7086,-73.9515,2
40.8009,-73.9704,0
40.7338,-73.9808,0
40.7166,-74.0165,0
40.7041,-74.0128,0
40.7356,-73.9577,2
40.7061,-74.0092,0
40.7843,-73.9829,0
40.741,-74.0078,0
40.7748,-73.9902,0
40.7307,-73.993,0
40.6923,-73.9688,-1
40.7481,-73.9907,0
40.715,-74.0116,0
40.7195,-73.9627,2
40.7202,-74.0109,0
40.7253,-73.9981,0
40.7492,-73.9955,0
40.6745,-74.0021,-1
40.722,-73.9791,0
40.7385,-73.9734,0
40.7784,-73.9491,0
40.7385,-73.9734,0
40.7737,-73.9558,0
40.7202,-73.979,0
40.7368,-74.0014,0
40.7453,-73.9911,0
40.7412,-73.9754,0
40.7843,-73.9709,0
40.7071,-74.0071,0
40.7126,-73.9441,2
40.7104,-73.9586,2
40.7049,-73.9285,-1
40.7171,-74.0025,0
40.7323,-73.9941,0
40.7801,-73.9852,0
40.7583,-73.9836,0
40.7385,-74.0017,0
40.7376,-73.9803,0
40.7184,-73.9414,2
40.7869,-73.9566,0
40.734,-73.9984,0
40.7426,-73.9922,0
40.6871,-73.9619,-1
40.7803,-73.9475,0
40.7341,-73.9776,0
40.7184,-73.9494,2
40.6286,-74.0181,-1
40.7372,-73.9797,0
40.7188,-73.9927,0
40.7711,-73.9519,0
40.7742,-73.9531,0
40.7153,-74.0071,0
40.7192,-74.0073,0
40.6937,-73.9644,-1
40.7397,-73.9248,-1
40.7351,-73.9957,0
40.6832,-73.9655,-1
40.7668,-73.9608,0
40.7659,-73.9543,0
40.774,-73.9203,-1
40.6752,-73.999,-1
40.7332,-73.9904,0
40.7984,-73.9528,0
40.7255,-73.9949,0
40.7456,-73.9715,0
40.7793,-73.9851,0
40.7528,-73.9781,0
40.7247,-73.9898,0
40.7557,-73.9915,0
40.6984,-73.9842,1
40.7568,-73.9983,0
40.7913,-73.966,0
40.6834,-73.9609,-1
40.7335,-74.0046,0
40.7237,-74.0106,0
40.7423,-73.8306,-1
40.766,-73.9178,-1
40.7117,-73.9438,2
40.7531,-73.9833,0
40.7452,-73.9949,0
40.7359,-73.9854,0
40.7298,-73.9887,0
40.7616,-73.9998,0
40.7934,-73.9745,0
40.7812,-73.9777,0
40.7453,-73.9863,0
40.7597,-73.9617,0
40.7337,-73.9564,2
40.7637,-73.9679,0
40.7244,-73.9786,0
40.641,-74.0168,-1
40.7733,-73.9541,0
40.7028,-74.0131,0
40.7476,-73.9746,0
40.6938,-73.9936,1
40.721,-73.9995,0
40.7267,-73.9794,0
40.7565,-73.9818,0
40.7497,-74.0251,-1
40.7671,-73.9584,0
40.7172,-74.0107,0
40.7442,-73.9855,0
40.7217,-74.01,0
40.7785,-73.9773,0
40.7238,-74.0108,0
40.767,-73.9618,0
40.7351,-73.9765,0
40.7351,-73.9765,0
40.7306,-73.9929,0
40.7304,-74.0091,0
40.7891,-73.9782,0
40.7288,-73.8494,-1
40.7528,-73.8599,-1
40.7528,-73.8599,-1
40.742,-73.976,0
40.742,-73.976,0
40.7401,-73.9948,0
40.7595,-73.9814,0
40.7902,-73.9492,0
40.7491,-73.9818,0
40.7541,-73.9772,0
40.7158,-74.0047,0
40.7474,-74.0008,0
40.8552,-73.9285,-1
40.7636,-73.9777,0
40.7543,-73.977,0
40.7594,-73.9957,0
40.7563,-73.9618,0
40.6409,-73.9486,-1
40.6409,-73.9486,-1
40.7199,-74.0041,0
40.7613,-73.9795,0
40.7247,-73.9919,0
40.8187,-73.946,-1
40.783,-73.9816,0
40.7746,-73.9891,0
40.7718,-73.9481,0
40.7091,-74.0057,0
40.7091,-74.0057,0
40.7246,-73.9852,0
40.7398,-73.9194,-1
40.6719,-73.9732,-1
40.7666,-73.9529,0
40.6934,-73.9996,1
40.6886,-73.9729,-1
40.7503,-73.9867,0
40.7529,-73.9966,0
40.671,-73.9579,-1
40.7613,-73.9676,0
40.6891,-73.9691,-1
40.7513,-73.9826,0
40.7771,-73.9434,0
40.7667,-73.9629,0
40.7222,-74.0098,0
40.7656,-73.963,0
40.7188,-73.9921,0
40.7471,-73.9868,0
40.7187,-74.0079,0
40.7722,-73.9498,0
40.7722,-73.9498,0
40.7554,-73.9759,0
40.7707,-73.954,0
40.7154,-74.0136,0
40.7808,-73.9563,0
40.7546,-73.9845,0
40.7642,-73.9608,0
40.6845,-73.9974,1
40.782,-73.983,0
40.782,-73.983,0
40.7007,-73.8967,-1
40.7192,-74.0046,0
40.7335,-73.9915,0
40.7624,-73.9174,-1
40.7797,-73.9597,0
40.7512,-73.9847,0
40.7781,-73.9623,0
40.7241,-74.0008,0
40.7248,-73.9974,0
40.7592,-73.9884,0
40.7887,-73.967,0
40.7215,-73.9824,0
40.6781,-73.9761,-1
40.7748,-73.9626,0
40.6875,-73.9719,-1
40.776,-73.9795,0
40.782,-73.9812,0
40.7742,-73.949,0
40.7742,-73.949,0
40.695,-73.952,-1
40.7383,-74.0039,0
40.7479,-73.8888,-1
40.7353,-73.9936,0
40.7827,-73.9556,0
40.7204,-73.999,0
40.7388,-74.0091,0
40.7226,-73.9896,0
40.7388,-73.9808,0
40.721,-73.9948,0
40.7099,-74.0113,0
40.7099,-74.0113,0
40.7098,-73.967,2
40.7465,-73.9818,0
40.769,-73.9524,0
40.7753,-73.9904,0
40.7829,-73.9736,0
40.7209,-73.9565,2
40.7515,-73.9904,0
40.7936,-73.9668,0
40.7488,-73.9803,0
40.7388,-74.0092,0
40.7626,-73.9964,0
40.778,-73.9586,0
40.7135,-73.9619,2
40.7324,-73.995,0
40.7184,-73.9412,2
40.7241,-73.9824,0
40.724,-73.9767,0
40.7777,-73.9472,0
40.7839,-73.9718,0
40.7204,-73.9892,0
40.7736,-73.9816,0
40.7736,-73.9816,0
40.73,-73.9893,0
40.7683,-73.9564,0
40.7333,-74.0048,0
40.6798,-73.9911,1
40.7616,-73.9577,0
40.6844,-73.9978,1
40.7373,-73.9794,0
40.7657,-73.9825,0
40.7474,-73.9974,0
40.7413,-73.9976,0
40.7364,-73.9934,0
40.7388,-73.9876,0
40.7621,-73.9639,0
40.7101,-73.8776,-1
40.7921,-73.9719,0
40.6933,-73.9722,-1
40.7457,-74.0053,0
40.6909,-73.9965,1
40.7584,-73.9625,0
40.777,-73.9777,0
40.7571,-73.9129,-1
40.7228,-73.9859,0
40.7243,-74.0014,0
40.7788,-73.9562,0
40.7293,-73.9567,2
40.7787,-73.9578,0
40.7123,-73.9449,2
40.7243,-73.9848,0
40.7141,-74.0086,0
40.7526,-73.9703,0
40.6769,-73.9562,-1
40.7368,-74.0047,0
40.7278,-73.9839,0
40.7264,-74.002,0
40.7491,-73.9802,0
40.7177,-73.9522,2
40.7406,-73.989,0
40.7768,-73.963,0
40.7589,-73.9937,0
40.7523,-74.0008,0
40.7735,-73.9553,0
40.7676,-73.9812,0
40.7593,-73.9957,0
40.735,-73.9974,0
40.7722,-73.9099,-1
40.7557,-73.9946,0
40.7615,-73.9995,0
40.6978,-73.9346,-1
40.7562,-73.9638,0
40.7368,-73.9971,0
40.7376,-74.0082,0
40.7766,-73.9624,0
40.7417,-73.9763,0
40.7123,-73.9474,2
40.7612,-73.9753,0
40.7248,-73.9942,0
40.7481,-73.9881,0
40.7227,-73.948,2
40.7677,-73.9914,0
40.7748,-73.9582,0
40.7343,-73.9935,0
40.7468,-73.986,0
40.7825,-73.9468,0
40.6782,-73.9824,-1
40.7215,-73.9993,0
40.7215,-73.9993,0
40.7311,-73.9529,2
40.6934,-73.9964,1
40.7318,-74.0033,0
40.6777,-73.96,-1
40.7328,-73.9877,0
40.6915,-73.9899,1
40.7808,-73.9488,0
40.6877,-73.9579,-1
40.7645,-73.9708,0
40.7324,-74.0055,0
40.7817,-73.9833,0
40.7218,-73.9432,2
40.7759,-73.9442,0
40.752,-73.9738,0
40.7641,-73.961,0
40.7661,-73.9262,-1
40.7191,-74.0051,0
40.6885,-73.9749,-1
40.7357,-73.9563,2
40.7715,-73.9483,0
40.7873,-73.9716,0
40.7771,-73.9557,0
40.7335,-73.9809,0
40.724,-73.9901,0
40.7269,-73.9833,0
40.7337,-73.9766,0
40.7229,-73.9828,0
40.7716,-73.9882,0
40.791,-73.9783,0
40.7233,-73.9913,0
40.7472,-73.9933,0
40.7757,-73.9467,0
40.7195,-73.9635,2
40.7216,-74.011,0
40.6759,-73.9814,-1
40.7219,-73.9944,0
40.7752,-73.9575,0
40.7192,-73.9956,0
40.7734,-73.9633,0
40.7021,-73.9899,0
40.776,-73.9899,0
40.7447,-73.9889,0
40.694,-73.9099,-1
40.7331,-74.0075,0
40.7782,-73.9608,0
40.7935,-73.9689,0
40.7743,-73.9455,0
40.7194,-73.9529,2
40.6915,-73.9373,-1
40.7123,-73.9492,2
40.7727,-73.9534,0
40.7848,-73.9734,0
40.797,-73.961,0
40.797,-73.961,0
40.6904,-73.9845,1
40.7573,-73.9833,0
40.7646,-73.9641,0
40.7383,-73.9856,0
40.7762,-73.9555,0
40.7386,-73.9977,0
40.7761,-73.9495,0
40.7125,-73.9491,2
40.7579,-73.9931,0
40.7367,-73.9802,0
40.6245,-73.9313,-1
40.6245,-73.9313,-1
40.7729,-73.9584,0
40.7729,-73.9584,0
40.7297,-74.0008,0
40.724,-73.9963,0
40.7289,-73.8552,-1
40.7197,-73.9847,0
40.7714,-73.9501,0
40.7694,-73.9615,0
40.737,-73.9793,0
40.7073,-74.017,0
40.7748,-73.9591,0
40.7002,-73.8157,-1
40.774,-73.8723,3
40.7601,-73.9868,0
40.7561,-73.9907,0
40.723,-73.9828,0
40.6844,-73.9929,1
40.7166,-74.0101,0
40.6833,-73.9498,-1
40.7745,-73.9774,0
