lat,lon,cluster
40.7254,-73.9969,0
40.7525,-73.9858,0
40.774,-74.0152,-1
40.7604,-74.0028,0
40.7547,-73.9801,0
40.7542,-73.9688,0
40.6769,-73.9867,0
40.6698,-73.9623,-1
40.7623,-73.9023,-1
40.7616,-73.9712,0
40.7212,-73.9882,0
40.707,-74.0164,0
40.7099,-74.0051,0
40.7835,-73.9743,0
40.7485,-74.0022,0
40.7208,-73.9625,1
40.7513,-74.0304,-1
40.7689,-73.9879,0
40.7442,-73.9892,0
40.765,-73.9705,0
40.7647,-73.9705,0
40.7411,-74.0056,0
40.7352,-73.994,0
40.7272,-74.0327,-1
40.7272,-74.0327,-1
40.7695,-73.9603,0
40.7392,-73.9878,0
40.7556,-73.9789,0
40.7264,-74.0022,0
40.7184,-74.0108,0
40.7591,-73.9953,0
40.758,-73.9873,0
40.723,-73.9973,0
40.7641,-73.9765,0
40.7759,-73.9622,0
40.7239,-74.0006,0
40.7565,-73.9939,0
40.7783,-73.9808,0
40.6515,-73.9533,-1
40.7443,-73.9544,-1
40.7402,-74.008,0
40.7243,-74.0032,0
40.7458,-73.9881,0
40.7695,-73.9226,-1
40.765,-73.9806,0
40.7142,-73.9653,1
40.7662,-73.9661,0
40.7223,-74.0009,0
40.7811,-73.9725,0
40.7341,-73.9905,0
40.6888,-74.0001,0
40.7738,-73.9547,0
40.7097,-74.0112,0
40.8457,-73.8589,-1
40.7616,-74.0004,0
40.7755,-73.9621,0
40.7316,-73.9182,-1
40.6758,-73.9633,0
40.6758,-73.9633,0
40.7452,-73.9325,-1
40.7353,-74.0049,0
40.7568,-73.983,0
40.7862,-73.9694,0
40.7258,-74.0057,0
40.6686,-73.8157,-1
40.732,-74.0029,0
40.6889,-73.9851,0
40.7856,-73.9719,0
40.7734,-73.9619,0
40.7667,-73.9786,0
40.7369,-73.9886,0
40.7516,-73.9822,0
40.7672,-73.9643,0
40.7453,-74.0022,0
40.7459,-73.9569,-1
40.7258,-73.9997,0
40.7334,-74.0036,0
40.7732,-73.8856,-1
40.7852,-73.9811,0
40.7839,-73.9705,0
40.6722,-73.9957,-1
40.6722,-73.9957,-1
40.7231,-74.0041,0
40.7192,-73.9641,1
40.7755,-73.9626,0
40.776,-73.9615,0
40.7167,-74.0081,0
40.7699,-73.8642,2
40.7488,-73.9808,0
40.7537,-73.985,0
40.7557,-73.9862,0
40.7651,-73.9531,0
40.7337,-73.9976,0
40.6752,-74.0168,-1
40.735,-73.9914,0
40.7398,-73.9879,0
40.7131,-73.9595,1
40.7648,-73.9765,0
40.7747,-73.9888,0
40.7348,-74.0443,-1
40.7348,-74.0443,-1
40.7323,-74.0102,0
40.7336,-73.9928,0
40.779,-73.9556,0
40.7424,-73.9951,0
40.7779,-73.9555,0
40.7652,-73.9695,0
40.7613,-73.9722,0
40.6697,-73.8467,-1
40.7467,-74.0074,0
40.7639,-73.9732,0
40.7604,-73.9717,0
40.7596,-73.9992,0
40.7497,-73.9798,0
40.8547,-73.8884,-1
40.687,-73.9499,-1
40.7476,-74.0005,0
40.76,-73.9662,0
40.7575,-73.9711,0
40.7559,-74.0021,0
40.7216,-73.9968,0
40.766,-73.9793,0
40.7449,-73.9324,-1
40.6931,-73.9986,0
40.71,-74.0156,0
40.7405,-74.0055,0
40.7619,-73.9695,0
40.7599,-73.9699,0
40.7927,-73.9192,-1
40.7637,-73.9763,0
40.7481,-73.9888,0
40.7194,-74.0086,0
40.7739,-73.8725,2
40.7702,-73.9805,0
40.7299,-73.9982,0
40.736,-73.9936,0
40.7744,-73.9658,0
40.7693,-73.9534,0
40.7514,-74.0025,0
40.6797,-73.9342,-1
40.7452,-73.9765,0
40.7658,-73.9842,0
40.7709,-73.8659,2
40.7651,-73.983,0
40.7701,-73.975,0
40.721,-73.9979,0
40.7218,-73.9828,0
40.7394,-74.0037,0
40.724,-74.0367,-1
40.724,-74.0367,-1
40.7686,-73.9602,0
40.7244,-73.9981,0
40.7722,-73.9603,0
40.7783,-73.9628,0
40.771,-73.9822,0
40.7634,-73.9774,0
40.7452,-73.9889,0
40.7269,-74.0308,-1
40.7269,-74.0308,-1
40.79,-73.9665,0
40.717,-74.0067,0
40.725,-73.9994,0
40.7325,-73.9904,0
40.7754,-73.9833,0
40.7707,-73.965,0
40.7595,-73.9918,0
40.761,-73.9994,0
40.7653,-73.9722,0
40.7272,-74.0056,0
40.7031,-73.9942,0
40.734,-74.0064,0
40.7493,-73.9918,0
40.7217,-74.0043,0
40.734,-74.0043,0
40.7835,-73.9792,0
40.7236,-74.0108,0
40.7251,-74.0092,0
40.7245,-73.9985,0
40.7777,-73.9749,0
40.8129,-73.9439,-1
40.7252,-74.0094,0
40.7672,-73.984,0
40.7219,-73.9934,0
40.7686,-73.9579,0
40.7817,-73.9754,0
40.6909,-73.9959,0
40.7078,-74.005,0
40.7502,-73.9947,0
40.6878,-73.9121,-1
40.7401,-73.992,0
40.7645,-73.9729,0
40.6854,-73.9988,0
40.8263,-73.9019,-1
40.7392,-74.003,0
40.7692,-73.9691,0
40.727,-74.0074,0
40.7682,-73.9568,0
40.7233,-73.9825,0
40.6707,-73.9784,0
40.6914,-73.9906,0
40.7768,-73.9777,0
40.7245,-73.9817,0
40.762,-73.9658,0
40.7641,-73.9543,0
40.7253,-74.0084,0
40.7049,-73.9335,-1
40.7339,-73.9899,0
40.774,-73.8715,2
40.6918,-73.9966,0
40.744,-73.9955,0
40.7187,-74.0093,0
40.6743,-73.949,-1
40.7227,-73.9985,0
40.7145,-73.9988,0
40.7305,-73.9828,0
40.8158,-73.9237,-1
40.694,-73.973,0
40.7336,-73.9564,1
40.7562,-73.9241,-1
40.7744,-73.9535,0
40.7249,-73.9924,0
40.7343,-73.9847,0
40.6998,-73.9225,-1
40.7397,-73.9873,0
40.7063,-74.0156,0
40.7196,-73.9606,1
40.7406,-73.9964,0
40.7612,-73.97,0
40.7705,-73.8652,2
40.7583,-73.9651,0
40.7076,-74.0098,0
40.8091,-73.9443,-1
40.7259,-73.9415,1
40.7663,-73.9869,0
40.7153,-74.0094,0
40.7635,-73.9216,-1
40.7458,-74.0018,0
40.7702,-73.9687,0
40.7787,-73.9477,0
40.7747,-73.9784,0
40.719,-73.9904,0
40.6982,-73.993,0
40.7465,-73.982,0
40.7725,-73.967,0
40.7661,-73.9699,0
40.7385,-73.9855,0
40.7323,-73.9963,0
40.7198,-73.9986,0
40.6758,-73.999,0
40.7483,-73.9809,0
40.7049,-74.0158,0
40.7636,-73.9672,0
40.7417,-73.9562,-1
40.6605,-73.9802,0
40.7109,-74.006,0
40.7644,-73.97,0
40.7361,-74.0009,0
40.7323,-73.9965,0
40.7147,-74.0092,0
40.7159,-74.0038,0
40.7389,-73.9965,0
40.7518,-73.9767,0
40.7251,-73.9527,1
40.6543,-73.9635,-1
40.7381,-74.0087,0
40.7501,-74.006,0
40.7363,-73.9248,-1
40.7876,-73.953,0
40.7614,-73.9644,0
40.745,-73.9865,0
40.726,-73.9409,1
40.6912,-73.9973,0
40.7942,-73.9665,0
40.7276,-73.9922,0
40.76,-73.969,0
40.7096,-74.0019,0
40.7435,-73.9839,0
40.7659,-73.9772,0
40.7168,-74.0145,0
40.772,-73.9893,0
40.7375,-73.9885,0
40.6727,-73.9778,0
40.7181,-73.9908,0
40.7715,-73.9647,0
40.742,-74.008,0
40.7766,-73.9578,0
40.7526,-73.9875,0
40.6765,-73.9588,0
40.7215,-74.0013,0
40.746,-73.9567,-1
40.7728,-73.96,0
40.688,-73.9855,0
40.7198,-73.9988,0
40.7202,-74.0085,0
40.7278,-73.9884,0
40.6734,-73.9914,0
40.7414,-74.0004,0
40.7264,-73.9971,0
40.802,-73.9611,-1
40.7372,-74.0082,0
40.7186,-73.999,0
40.757,-73.9272,-1
40.7655,-73.9629,0
40.6925,-73.9216,-1
40.6913,-73.9928,0
40.7524,-73.9682,0
40.7636,-73.968,0
40.7146,-73.9376,1
40.757,-73.9932,0
40.7098,-73.9475,1
40.7302,-73.9894,0
40.7381,-73.9812,0
40.686,-73.9994,0
40.6876,-73.9189,-1
40.7917,-73.978,0
40.7823,-73.9784,0
40.7278,-73.9857,0
40.7388,-73.9737,0
40.7206,-73.9902,0
40.7593,-73.9712,0
40.748,-73.9887,0
40.7194,-73.9997,0
40.774,-73.9311,-1
40.7111,-74.0055,0
40.7348,-73.992,0
40.6755,-73.9893,0
40.7668,-73.9527,0
40.7919,-73.9529,0
40.7799,-73.9877,0
40.7195,-73.9626,1
40.7308,-74.0068,0
40.7247,-73.9985,0
40.7526,-73.9932,0
40.7262,-73.9841,0
40.7236,-74.0111,0
40.6895,-73.9721,0
40.686,-73.9926,0
40.7297,-73.9934,0
40.7151,-74.0092,0
40.7642,-73.9805,0
40.7255,-73.9468,1
40.6932,-73.9705,0
40.7517,-73.9938,0
40.7374,-73.9801,0
40.7198,-73.9782,0
40.7498,-73.9955,0
40.7322,-74.0021,0
40.7203,-73.9995,0
40.7396,-73.996,0
40.7507,-73.9876,0
40.6486,-73.9784,-1
40.7182,-74.0029,0
40.7839,-73.9519,0
40.7203,-73.9969,0
40.711,-74.0062,0
40.7731,-73.9625,0
40.7128,-73.9372,1
40.7177,-73.9636,1
40.7401,-73.9222,-1
40.7898,-73.9772,0
40.782,-73.9459,0
40.6593,-73.9884,-1
40.6537,-73.9729,-1
40.6722,-73.9642,0
40.7197,-73.9639,1
40.694,-73.9888,0
40.7244,-73.9974,0
40.6996,-73.9452,-1
40.6655,-73.9528,-1
40.7699,-73.8644,2
40.8297,-73.8784,-1
40.7448,-73.9495,-1
40.724,-73.9963,0
40.6932,-73.9887,0
40.7466,-73.9859,0
40.8225,-73.9495,-1
40.7669,-73.9895,0
40.7227,-73.9884,0
40.7124,-73.9359,1
40.7268,-73.9911,0
40.7215,-73.9973,0
40.6947,-73.9524,-1
40.6938,-73.9888,0
40.7787,-73.9818,0
40.7702,-73.9573,0
40.7427,-73.9788,0
40.716,-74.0071,0
40.7382,-73.9912,0
40.6967,-73.9017,-1
40.7026,-73.9912,0
40.7518,-73.9764,0
40.7029,-73.9941,0
40.8573,-73.8861,-1
40.7881,-73.9541,0
40.738,-73.9964,0
40.7214,-74.0111,0
40.7872,-73.9776,0
40.766,-73.9557,0
40.7411,-73.9925,0
40.7905,-73.9797,0
40.7628,-73.981,0
40.7863,-73.9508,0
40.7604,-73.9846,0
40.7617,-73.9741,0
40.7076,-73.9401,1
40.7635,-73.9612,0
40.7167,-74.0145,0
40.693,-74.0011,0
40.7863,-73.9527,0
40.7232,-73.8532,-1
40.7573,-73.9902,0
40.7433,-73.9744,0
40.6937,-73.9731,0
40.7044,-74.0072,0
40.7565,-73.9883,0
40.7168,-74.0079,0
40.6901,-73.9814,0
40.7479,-73.9919,0
40.7532,-73.9409,-1
40.7566,-73.9731,0
40.748,-73.9887,0
40.6866,-73.9837,0
40.7253,-74.0438,-1
40.7612,-73.9608,0
40.746,-73.9884,0
40.798,-73.9694,0
40.7043,-74.0092,0
40.8147,-73.9056,-1
40.7693,-73.9866,0
40.7586,-73.9303,-1
40.7208,-74.0041,0
40.748,-73.9552,-1
40.7485,-73.9944,0
40.744,-73.978,0
40.7248,-74.0077,0
40.7472,-74.0046,0
40.7949,-73.9717,0
40.7707,-73.9883,0
40.7628,-73.9819,0
40.7427,-73.9807,0
40.6747,-74.016,-1
40.741,-73.9924,0
40.6895,-73.9691,0
40.725,-73.9948,0
40.7323,-73.9846,0
40.7606,-73.9948,0
40.7255,-73.9965,0
40.7789,-73.9815,0
40.7475,-73.9882,0
40.7664,-73.9784,0
40.747,-73.9965,0
40.731,-73.9743,0
40.7527,-74.0237,-1
40.7327,-73.9797,0
40.7426,-73.9913,0
40.7365,-73.9945,0
40.7467,-73.9747,0
40.746,-73.9721,0
40.7114,-73.9459,1
40.7225,-73.9933,0
40.7303,-73.9841,0
40.7624,-73.9666,0
40.6261,-74.016,-1
40.7687,-73.9677,0
40.7225,-73.983,0
40.6678,-73.9981,-1
40.7142,-74.0079,0
40.7785,-73.9835,0
40.7479,-73.972,0
40.7469,-73.9559,-1
40.68,-73.968,0
40.7218,-73.9581,1
40.7835,-73.9495,0
40.7456,-73.9894,0
40.7335,-74.0063,0
40.7271,-73.9919,0
40.7086,-73.9564,1
40.743,-74.0006,0
40.6905,-73.9952,0
40.7445,-73.8861,-1
40.7166,-74.0144,0
40.7529,-73.9792,0
40.716,-74.0087,0
40.668,-73.9856,0
40.7518,-74.0036,0
40.7369,-74.0056,0
40.7188,-73.9611,1
40.7331,-74.0064,0
40.7111,-73.9511,1
40.7523,-73.9934,0
40.7523,-73.9934,0
40.7816,-73.9811,0
40.7488,-74.0082,0
40.7218,-74.0042,0
40.7422,-73.9989,0
40.7345,-74.0048,0
40.8268,-73.9228,-1
40.7361,-73.9918,0
40.7427,-74.0077,0
40.6896,-73.9726,0
40.6653,-73.9765,0
40.7419,-74.0333,-1
40.7313,-74.0037,0
40.7541,-73.9977,0
40.7473,-74.0078,0
40.711,-74.0054,0
40.7369,-74.0031,0
40.7596,-73.9944,0
40.7333,-73.9989,0
40.769,-73.9676,0
40.8542,-73.8648,-1
40.712,-73.9629,1
40.7346,-73.9999,0
40.7468,-74.0288,-1
40.7076,-73.9615,1
40.6853,-73.9196,-1
40.7322,-73.9929,0
40.7664,-73.9861,0
40.7213,-73.9934,0
40.8267,-73.9392,-1
40.7202,-74.0771,-1
40.7693,-73.963,0
40.7223,-73.984,0
40.72,-73.9884,0
40.7497,-73.9768,0
40.7155,-73.9607,1
40.7748,-73.991,0
40.7283,-73.9999,0
40.7203,-73.9541,1
40.7061,-74.0097,0
40.7237,-74.0108,0
40.7817,-73.9602,0
40.7658,-73.9545,0
40.7389,-74.0081,0
40.7275,-73.9934,0
40.7109,-74.0162,0
40.7608,-73.9694,0
40.7221,-73.9984,0
40.7222,-74.0007,0
40.7392,-73.9935,0
40.7347,-74.0095,0
40.7446,-73.9756,0
40.6756,-73.9978,0
40.763,-73.9691,0
40.7254,-73.9929,0
40.7738,-73.9576,0
40.7509,-73.9962,0
40.6967,-73.9887,0
40.7706,-73.9663,0
40.7679,-73.958,0
40.7193,-73.9878,0
40.6852,-73.9844,0
40.7516,-73.9898,0
40.7525,-73.9725,0
40.7192,-73.9999,0
40.6383,-73.9661,-1
40.7075,-73.9489,1
40.7359,-74.0053,0
40.7627,-73.9732,0
40.7283,-74.0053,0
40.7258,-73.9884,0
40.7712,-73.9632,0
40.8084,-73.9449,-1
40.7404,-73.982,0
40.7517,-73.9764,0
40.7517,-73.9764,0
40.7595,-73.9776,0
40.768,-73.9618,0
40.7137,-74.0085,0
40.7594,-73.9854,0
40.7159,-73.959,1
40.7192,-74.0103,0
40.7293,-73.9987,0
40.7189,-73.9888,0
40.7933,-73.9219,-1
40.6381,-73.9638,-1
40.755,-73.9943,0
40.775,-73.9499,0
40.7359,-73.9856,0
40.7572,-74.001,0
40.694,-73.8617,-1
40.7716,-73.9827,0
40.7929,-73.9749,0
40.7769,-73.9792,0
40.7551,-73.9731,0
40.7626,-73.987,0
40.7128,-73.997,0
40.7552,-73.9718,0
40.6899,-73.9803,0
40.7189,-73.9871,0
40.7432,-73.9955,0
40.7217,-73.9998,0
40.7176,-74.0126,0
40.6846,-73.9682,0
40.7641,-73.9982,0
40.7161,-74.015,0
40.7762,-73.98,0
40.6878,-73.9696,0
40.7636,-73.9731,0
40.7424,-73.993,0
40.769,-73.9812,0
40.7733,-73.9782,0
40.7405,-74.0052,0
40.7468,-73.9856,0
40.6915,-73.9878,0
40.673,-73.8942,-1
40.7782,-73.9829,0
40.7571,-73.9621,0
40.719,-73.961,1
40.7448,-74.0025,0
40.7456,-73.9102,-1
40.7806,-73.9758,0
40.7169,-74.0122,0
40.7422,-73.9988,0
40.7579,-73.9892,0
40.7688,-73.9582,0
40.7577,-74.0042,0
40.6811,-73.9648,0
40.7552,-73.9712,0
40.761,-73.9988,0
40.6652,-73.983,0
40.7754,-73.9903,0
40.7618,-73.9712,0
40.7078,-74.0126,0
40.6769,-74.0133,-1
40.7615,-73.9705,0
40.7229,-73.9939,0
40.7382,-73.9892,0
40.6957,-73.9471,-1
40.7217,-73.9975,0
40.7903,-73.9791,0
40.7239,-73.9922,0
40.7187,-74.0024,0
40.729,-73.8967,-1
40.729,-73.8967,-1
40.7157,-73.9588,1
40.7698,-73.9507,0
40.7364,-74.0029,0
40.726,-74.0026,0
40.7146,-73.9661,1
40.6935,-73.9994,0
40.774,-73.872,2
40.7082,-74.0078,0
40.7147,-73.9409,1
40.719,-73.9992,0
40.6841,-73.9919,0
40.6948,-73.9943,0
40.8015,-73.9564,-1
40.7226,-74.0025,0
40.7313,-73.9841,0
40.7442,-73.9822,0
40.6893,-73.9963,0
40.7886,-73.9551,0
40.6608,-73.8895,-1
40.7453,-74.0058,0
40.7143,-73.9472,1
40.7441,-74.0063,0
40.7026,-73.9939,0
40.7056,-74.0134,0
40.7505,-73.9954,0
40.7905,-73.9481,0
40.7024,-74.0129,0
40.6827,-73.9553,0
40.7421,-74.0038,0
40.7396,-73.9846,0
40.7604,-74.0027,0
40.7575,-73.9665,0
40.7471,-74.0081,0
40.7434,-73.9785,0
40.7048,-73.934,-1
40.7443,-74.0073,0
40.7225,-73.9932,0
40.6948,-73.9939,0
40.774,-73.873,2
40.7376,-73.9913,0
40.6922,-73.9444,-1
40.6747,-74.0169,-1
40.721,-73.9778,0
40.7568,-73.9722,0
40.7215,-73.9926,0
40.7804,-73.9612,0
40.7158,-73.9469,1
40.7279,-74.0012,0
40.7203,-73.9964,0
40.735,-73.9932,0
40.6786,-73.982,0
40.728,-74.0011,0
40.7191,-74.0051,0
40.7648,-73.9624,0
40.7107,-73.9538,1
40.7679,-73.9917,0
40.6631,-73.9616,-1
40.7754,-73.9621,0
40.6836,-73.9352,-1
40.7215,-73.9973,0
40.7641,-73.999,0
40.7857,-73.9483,0
40.6718,-73.9637,0
40.6347,-74.0159,-1
40.7375,-73.9563,-1
40.6802,-73.9755,0
40.8088,-73.9537,-1
40.7066,-74.0101,0
40.7492,-73.9923,0
40.6905,-73.9603,0
40.6828,-73.9824,0
40.7814,-73.9758,0
40.7255,-73.9996,0
40.7235,-74.0104,0
40.7252,-73.9992,0
40.7182,-74.0148,0
40.8008,-73.9379,-1
40.7366,-73.9892,0
40.7074,-74.012,0
40.6703,-73.9504,-1
40.7663,-73.9624,0
40.7053,-74.01,0
40.7743,-73.9634,0
40.6928,-73.9888,0
40.7035,-73.9885,0
40.7242,-73.991,0
40.772,-73.9659,0
40.7313,-74.0023,0
40.6795,-73.9411,-1
40.7444,-73.9789,0
40.7218,-73.9999,0
40.8028,-73.9668,-1
40.7118,-73.9497,1
40.6724,-74.0109,-1
40.7445,-73.9805,0
40.7755,-73.9906,0
40.7753,-73.9904,0
40.7121,-73.9661,1
40.7325,-74.0031,0
40.719,-73.9956,0
40.7804,-73.9861,0
40.7359,-74.0007,0
40.6754,-73.9888,0
40.747,-74.0064,0
40.6821,-73.989,0
40.7193,-74.0024,0
40.7025,-74.0126,0
40.7511,-73.985,0
40.6905,-73.992,0
40.7901,-73.9726,0
40.7204,-73.9545,1
40.6823,-73.9613,0
40.6922,-73.9486,-1
40.7523,-73.9127,-1
40.7523,-73.9127,-1
40.7192,-73.9969,0
40.7175,-73.999,0
40.7085,-74.0071,0
40.7191,-73.9627,1
40.7644,-73.9767,0
40.6854,-73.9447,-1
40.7238,-73.997,0
40.7301,-73.9926,0
40.7131,-73.9414,1
40.7392,-74.0034,0
40.7651,-73.9652,0
40.7361,-73.9937,0
40.7248,-74.0027,0
40.6786,-73.9034,-1
40.7274,-74.0056,0
40.8307,-73.9431,-1
40.7064,-74.0168,0
40.7715,-73.9656,0
40.7616,-73.9786,0
40.8554,-73.8877,-1
40.774,-73.8726,2
40.7602,-73.9754,0
40.7661,-73.9578,0
40.7268,-73.9834,0
40.7834,-73.9547,0
40.7437,-73.9945,0
40.7716,-73.9508,0
40.7294,-74.0023,0
40.7555,-73.9719,0
40.7096,-73.9371,1
40.7626,-73.9691,0
40.6931,-74.0011,0
40.7134,-73.9585,1
40.7127,-73.9486,1
40.7572,-73.9899,0
40.7487,-73.98,0
40.7614,-73.9619,0
40.723,-73.9838,0
40.7566,-74.0014,0
40.7173,-74.0085,0
40.7317,-74.0071,0
40.6881,-73.9532,0
40.7292,-74.0001,0
40.7948,-73.9661,0
40.7611,-73.9987,0
40.6675,-73.981,0
40.7463,-73.9081,-1
40.7206,-74.002,0
40.7826,-73.9484,0
40.7174,-74.016,0
40.746,-74.0054,0
40.6304,-74.0388,-1
40.719,-74.0066,0
40.7347,-73.988,0
40.722,-73.9833,0
40.7572,-74.001,0
40.708,-74.008,0
40.7617,-73.9664,0
40.715,-73.99,0
40.7107,-73.9654,1
40.7402,-73.9959,0
40.7108,-74.0058,0
40.8179,-73.9608,-1
40.7363,-73.9829,0
40.6799,-73.9581,0
40.7408,-73.9898,0
40.771,-73.866,2
40.7611,-73.9757,0
40.6838,-73.9923,0
40.7086,-73.9485,1
40.7487,-74.0082,0
40.7548,-73.9655,0
40.7722,-73.9673,0
40.7655,-73.982,0
40.8051,-73.9528,-1
40.7544,-73.9651,0
40.7451,-74.0057,0
40.7225,-74.0011,0
40.7653,-73.9754,0
40.7806,-73.9763,0
40.7255,-73.9868,0
40.724,-73.9969,0
40.6865,-73.9547,0
40.6963,-73.9874,0
40.7587,-73.9834,0
40.7284,-73.9954,0
40.7237,-73.9852,0
40.7317,-73.9883,0
40.73,-73.9976,0
40.7659,-73.9889,0
40.7464,-73.9774,0
40.774,-73.8718,2
40.6892,-73.9888,0
40.7608,-73.9992,0
40.7607,-73.9581,0
40.7573,-73.9776,0
40.7115,-73.9512,1
40.7556,-73.9819,0
40.7594,-73.9621,0
40.7243,-73.9935,0
40.7502,-73.9864,0
40.7196,-73.998,0
40.7031,-73.918,-1
40.7441,-73.9871,0
40.729,-74.0025,0
40.7329,-73.9899,0
40.6717,-73.9843,0
40.7308,-74.0044,0
40.7508,-73.9801,0
40.6989,-73.9308,-1
40.738,-73.9923,0
40.7504,-73.9834,0
40.7467,-73.9766,0
40.7112,-74.0053,0
40.6802,-73.9461,-1
40.7553,-73.9914,0
40.7788,-73.9621,0
40.7219,-73.9555,1
40.7672,-73.9708,0
40.7605,-73.9971,0
40.7469,-74.0079,0
40.7461,-73.9863,0
40.6963,-73.9248,-1
40.7256,-74.005,0
40.6874,-73.9547,0
40.7381,-73.9854,0
40.7445,-73.9928,0
40.7624,-73.9942,0
40.6914,-73.9906,0
40.6702,-73.9848,0
40.7199,-74.0086,0
40.7458,-73.957,-1
40.7373,-73.975,0
40.7171,-74.0139,0
40.7375,-73.9535,-1
40.7716,-73.9488,0
40.7207,-73.9802,0
40.683,-73.9397,-1
40.7901,-73.9769,0
40.6604,-73.9804,0
40.762,-73.9789,0
40.6769,-73.9801,0
40.7275,-73.9793,0
40.7636,-73.9754,0
40.7652,-73.9592,0
40.7173,-74.0091,0
40.7159,-73.9974,0
40.677,-73.9507,-1
40.7374,-73.9247,-1
40.7337,-73.9924,0
40.7733,-73.9449,0
40.7469,-73.9934,0
40.7221,-73.989,0
40.7572,-73.9674,0
40.737,-74.0055,0
40.7242,-73.9787,0
40.7209,-73.9851,0
40.7593,-73.9622,0
40.7373,-73.9964,0
40.7468,-74.0081,0
40.779,-73.9474,0
40.7579,-73.9546,0
40.7167,-74.0148,0
40.7421,-73.9968,0
40.7415,-73.997,0
40.7506,-73.9983,0
40.7647,-73.9706,0
40.7121,-73.9661,1
40.758,-73.9774,0
40.7277,-74.0014,0
40.7683,-73.955,0
40.7673,-73.9937,0
40.727,-74.0036,0
40.6747,-73.9042,-1
40.6921,-73.9448,-1
40.7546,-73.9836,0
40.7397,-74.0002,0
40.7831,-73.9775,0
40.7831,-73.9775,0
40.7384,-73.9894,0
40.7184,-74.0088,0
40.7418,-74.0032,0
40.7237,-73.9967,0
40.85,-73.9386,-1
40.728,-73.9845,0
40.7322,-73.9851,0
40.7132,-74.0071,0
40.7645,-73.9817,0
40.7633,-73.978,0
40.7072,-74.0075,0
40.6734,-73.9827,0
40.7626,-73.988,0
40.7529,-74.0293,-1
40.7244,-74.0041,0
40.7224,-74.0026,0
40.7591,-73.9787,0
40.72,-73.9836,0
40.7273,-73.9989,0
40.6765,-73.9926,0
40.7037,-73.9947,0
40.7433,-74.0068,0
40.7312,-74.0025,0
40.7673,-73.9707,0
40.7253,-73.9923,0
40.7406,-73.9798,0
40.7701,-73.9574,0
40.7565,-73.99,0
40.7382,-73.9878,0
40.7247,-73.9984,0
40.695,-73.9308,-1
40.6894,-73.9551,0
40.7025,-73.9895,0
40.662,-73.9438,-1
40.7181,-74.0029,0
40.7437,-73.8561,-1
40.7806,-73.9872,0
40.717,-74.0061,0
40.7208,-74.0018,0
40.8294,-73.9284,-1
40.7422,-74.0042,0
40.7021,-73.919,-1
40.6878,-73.9693,0
40.7421,-73.991,0
40.7512,-74.0383,-1
40.6677,-73.998,-1
40.6993,-73.9921,0
40.7512,-73.9715,0
40.7656,-73.9696,0
40.7406,-73.9981,0
40.7116,-74.0076,0
40.7277,-73.9892,0
40.7552,-74.0024,0
40.744,-73.9794,0
40.7494,-73.9889,0
40.7558,-73.9782,0
40.723,-73.9988,0
40.7785,-73.9884,0
40.7201,-74.0083,0
40.6858,-73.9942,0
40.6582,-74.0064,-1
40.6721,-73.9707,0
40.7875,-73.9745,0
40.656,-73.8931,-1
40.7328,-73.9838,0
40.716,-74.0152,0
40.7878,-73.9692,0
40.7664,-73.9607,0
40.7064,-74.0168,0
40.7303,-73.9805,0
40.774,-73.8717,2
40.7291,-74.011,0
40.7516,-73.9765,0
40.7988,-73.9714,0
40.7961,-73.9632,0
40.7391,-73.9928,0
40.7092,-74.0135,0
40.7271,-73.9802,0
40.7236,-73.9517,1
40.745,-73.9808,0
40.7586,-73.993,0
40.7718,-73.989,0
40.7241,-73.9791,0
40.7229,-73.9985,0
40.768,-73.9916,0
40.7158,-73.9862,0
40.7617,-73.9868,0
40.6846,-73.9437,-1
40.7386,-73.9978,0
40.764,-73.9723,0
40.7504,-73.8863,-1
40.7469,-73.9861,0
40.6936,-73.972,0
40.6895,-73.9547,0
40.7685,-73.9575,0
40.7245,-74.0019,0
40.783,-73.9785,0
40.7998,-73.9543,-1
40.7852,-73.9811,0
40.7211,-73.9873,0
40.7257,-74.0054,0
40.7413,-73.9977,0
40.689,-73.9927,0
40.7365,-74.0421,-1
40.742,-73.9935,0
40.7292,-73.9967,0
40.6968,-73.9831,0
40.679,-74.011,-1
40.7297,-73.9598,1
40.7642,-73.979,0
40.6935,-73.9792,0
40.7563,-73.9788,0
40.7297,-73.9848,0
40.7136,-74.0087,0
40.752,-73.9773,0
40.7436,-73.973,0
40.7335,-73.9974,0
40.7388,-74.0091,0
40.7024,-73.9948,0
40.8003,-73.9695,0
40.671,-73.9742,0
40.708,-74.0064,0
40.7081,-73.9572,1
40.7374,-73.9836,0
40.7774,-73.9513,0
40.7499,-73.9834,0
40.6731,-74.0011,-1
40.706,-74.0087,0
40.7563,-73.9745,0
40.7386,-73.984,0
40.7502,-73.9948,0
40.6889,-73.9889,0
40.7623,-73.966,0
40.765,-73.9173,-1
40.6807,-73.9581,0
40.7116,-73.9489,1
40.7152,-74.0055,0
40.721,-73.9994,0
40.73,-73.9992,0
40.6842,-73.9814,0
40.7526,-73.9704,0
40.7526,-73.9704,0
40.7701,-73.9095,-1
40.7284,-73.9997,0
40.7833,-73.9844,0
40.6617,-73.9192,-1
40.7529,-73.9807,0
40.806,-73.9544,-1
40.7502,-73.9873,0
40.8087,-73.9456,-1
40.6979,-73.9708,0
40.7315,-73.9969,0
40.733,-74.0003,0
40.7594,-73.9944,0
40.7834,-73.9707,0
40.7245,-73.9919,0
40.7523,-73.9934,0
40.6879,-73.969,0
40.6999,-73.9225,-1
40.709,-73.9485,1
40.7648,-73.9824,0
40.7751,-73.9635,0
40.7172,-73.9459,1
40.7053,-73.9254,-1
40.7288,-74.0014,0
40.7567,-73.9142,-1
40.7237,-74.0052,0
40.6882,-73.9843,0
40.7643,-73.9883,0
40.6718,-73.9591,-1
40.7218,-73.9582,1
40.7203,-73.962,1
40.7345,-73.9999,0
40.7675,-73.9851,0
40.6497,-73.9515,-1
40.773,-73.9567,0
40.718,-73.955,1
40.7363,-74.0025,0
40.7254,-73.9951,0
40.709,-73.9415,1
40.7817,-73.9793,0
40.7311,-73.9898,0
40.7191,-74.0064,0
40.7957,-73.9739,0
40.7647,-73.9729,0
40.7339,-73.9898,0
40.6648,-73.9876,0
40.7219,-73.8672,-1
40.7459,-73.9864,0
40.7693,-73.8799,-1
40.7397,-73.991,0
40.777,-73.9427,0
40.7341,-73.9925,0
40.771,-73.9831,0
40.7624,-73.966,0
40.7132,-73.9557,1
40.7132,-73.9557,1
40.7396,-73.9907,0
40.7781,-73.9563,0
40.7203,-73.9969,0
40.7504,-73.9813,0
40.7405,-74.0056,0
40.7827,-73.9825,0
40.7623,-73.9782,0
40.7873,-73.9792,0
40.7753,-73.9797,0
40.7275,-73.9934,0
40.6913,-73.9227,-1
40.7645,-73.9769,0
40.7614,-73.9647,0
40.7191,-73.9642,1
40.7681,-73.9923,0
40.7183,-73.9988,0
40.7437,-74.0026,0
40.7215,-73.9952,0
40.7326,-74.001,0
40.7371,-74.0022,0
40.7392,-74.0056,0
40.7305,-73.9958,0
40.7842,-73.983,0
40.7163,-73.9489,1
40.7578,-73.9778,0
40.7613,-73.9644,0
40.7238,-73.9928,0
40.7297,-74.0007,0
40.7743,-73.8718,2
40.6805,-73.9508,-1
40.7682,-73.9824,0
40.7526,-74.0041,0
40.7161,-73.9896,0
40.6846,-73.9682,0
40.6501,-74.0064,-1
40.6883,-73.9726,0
40.8022,-73.9432,-1
40.7451,-74.0037,0
40.7725,-73.9669,0
40.715,-73.9909,0
40.723,-73.9975,0
40.7573,-73.9743,0
40.7745,-73.9637,0
40.6733,-73.9719,0
40.7714,-73.9832,0
40.6934,-73.9248,-1
40.7264,-74.0065,0
40.7025,-74.0113,0
40.7337,-73.9979,0
40.7215,-74.0112,0
40.7661,-73.9616,0
40.7821,-73.9755,0
40.7226,-73.9825,0
40.7517,-73.9844,0
40.7281,-73.9844,0
40.636,-74.0208,-1
40.762,-73.9258,-1
40.7945,-73.9715,0
40.7407,-74.0057,0
40.7223,-73.9551,1
40.6802,-73.9683,0
40.6988,-73.9264,-1
40.7551,-73.9926,0
40.6886,-73.9887,0
40.7341,-73.9997,0
40.711,-74.0058,0
40.7341,-74.0085,0
40.672,-73.9906,0
40.7748,-73.9591,0
40.7024,-73.9848,0
40.7188,-73.9863,0
40.7674,-73.9563,0
40.747,-73.9855,0
40.7609,-73.9944,0
40.7625,-73.9281,-1
40.7164,-73.9597,1
40.7396,-74.0427,-1
40.7116,-73.9489,1
40.736,-74.0019,0
40.7103,-74.0126,0
40.7599,-73.9857,0
40.69,-73.9629,0
40.7295,-73.9803,0
40.7044,-73.9673,1
40.6998,-73.9189,-1
40.7351,-73.9892,0
40.7026,-73.9896,0
40.7266,-73.9957,0
40.7115,-74.0172,0
40.6542,-73.9764,-1
40.7742,-73.8719,2
40.6766,-73.9636,0
40.7296,-74.0023,0
40.6829,-73.9533,0
40.7098,-73.9012,-1
40.6839,-73.966,0
40.7338,-74.0027,0
40.7134,-73.997,0
40.7578,-73.9715,0
40.773,-73.9525,0
40.7964,-73.9684,0
40.7626,-73.9821,0
40.6303,-73.9594,-1
40.7548,-73.9634,0
40.7182,-73.9941,0
40.7939,-73.9726,0
40.7625,-73.9819,0
40.7626,-73.9743,0
40.7625,-73.9681,0
40.7081,-73.93,-1
40.7329,-74.0077,0
40.7675,-73.9818,0
40.7476,-74.0096,0
40.7841,-73.9502,0
40.7806,-73.9727,0
40.7095,-74.018,0
40.7319,-74.0033,0
40.7483,-73.9962,0
40.7193,-73.9616,1
40.719,-73.961,1
40.7309,-74.0059,0
40.6782,-73.9668,0
40.7515,-74.0303,-1
40.7559,-73.9963,0
40.6952,-73.9447,-1
40.7745,-73.9837,0
40.7646,-73.9221,-1
40.7445,-73.9835,0
40.7105,-73.9878,0
40.732,-74.0096,0
40.756,-73.9904,0
40.6897,-73.9528,0
40.7417,-73.9937,0
40.7771,-73.9778,0
40.7184,-73.9835,0
40.724,-73.9979,0
40.7493,-73.9768,0
40.6731,-73.974,0
40.7449,-74.0052,0
40.7628,-73.9598,0
40.7525,-73.9933,0
40.7758,-73.9527,0
40.6924,-73.9424,-1
40.7461,-73.9939,0
40.7745,-73.9834,0
40.7637,-73.9783,0
40.762,-73.9716,0
40.7652,-73.9694,0
40.7774,-73.9864,0
40.7301,-73.9976,0
40.7256,-74.0031,0
40.6672,-73.9353,-1
40.787,-73.9682,0
40.6647,-73.977,0
40.7219,-73.958,1
40.7255,-73.9988,0
40.7233,-73.9914,0
40.6889,-73.953,0
40.7408,-73.9973,0
40.7484,-73.9942,0
40.7529,-73.9835,0
40.7263,-74.0074,0
40.6677,-73.9745,0
40.733,-73.9898,0
40.7457,-73.9402,-1
40.6872,-73.9486,-1
40.7968,-73.9707,0
40.7026,-74.014,0
40.7548,-73.9975,0
40.6774,-74.0172,-1
40.7204,-73.9873,0
40.7211,-74.0003,0
40.7381,-73.989,0
40.7446,-73.9757,0
40.7627,-73.9682,0
40.7246,-73.9916,0
40.6956,-73.9911,0
40.7209,-73.9595,1
40.7383,-73.9968,0
40.7266,-73.9793,0
40.6611,-73.9913,-1
40.7192,-73.9631,1
40.6563,-74.0022,-1
40.7371,-73.9961,0
40.7262,-73.9927,0
40.7182,-73.9641,1
40.6772,-74.0128,-1
40.7578,-73.993,0
40.7147,-73.9423,1
40.8013,-73.9695,0
40.719,-73.9625,1
40.7636,-73.9549,0
40.7545,-73.8304,-1
40.741,-73.9933,0
40.6717,-73.9627,0
40.7236,-74.0034,0
40.7456,-73.9913,0
40.8517,-73.9301,-1
40.7228,-73.9959,0
40.7309,-74.0049,0
40.774,-73.9488,0
40.774,-73.9488,0
40.7362,-73.9789,0
40.714,-73.9899,0
40.6962,-73.9237,-1
40.7643,-73.9112,-1
40.7934,-73.9672,0
40.7569,-73.9669,0
40.68,-73.9495,-1
40.7218,-74.0042,0
40.7104,-74.0112,0
40.7443,-74.0027,0
40.7349,-73.991,0
40.7761,-73.9616,0
40.7124,-73.9621,1
40.7703,-73.8667,2
40.7314,-74.0001,0
40.7233,-73.9912,0
40.753,-74.0039,0
40.72,-74.0085,0
40.6313,-74.0275,-1
40.7421,-74.0083,0
40.7614,-73.9863,0
40.7449,-73.9782,0
40.6692,-73.9619,-1
40.7483,-74.0056,0
40.6653,-73.9784,0
40.7403,-73.9818,0
40.7219,-73.9918,0
40.7128,-74.0076,0
40.6777,-74.0174,-1
40.7415,-73.9933,0
40.6938,-73.946,-1
40.6962,-73.9884,0
40.7423,-73.9529,-1
40.7214,-73.9986,0
40.7259,-73.9948,0
40.7345,-73.9999,0
40.7025,-74.0137,0
40.7859,-73.9573,0
40.7221,-74.0006,0
40.6943,-73.9244,-1
40.6937,-73.9883,0
40.72,-74.0118,0
40.7414,-73.9951,0
40.7399,-74.0071,0
40.7643,-73.9556,0
40.7434,-74.0059,0
40.74,-74.0023,0
40.7022,-73.9439,1
40.7202,-73.9596,1
40.6796,-73.9741,0
40.7714,-73.9823,0
40.7161,-74.0151,0
40.8211,-73.9574,-1
40.7755,-73.9097,-1
40.7768,-73.9529,0
40.6496,-73.9732,-1
40.7193,-73.9601,1
40.7288,-74.0,0
40.7423,-73.9909,0
40.7521,-73.9952,0
40.7383,-73.9268,-1
40.7256,-73.9932,0
40.6794,-73.9954,0
40.7793,-73.9881,0
40.762,-73.9719,0
40.7364,-73.9816,0
40.7389,-73.9852,0
40.7255,-73.9869,0
40.7257,-74.0019,0
40.7673,-73.9533,0
40.7452,-73.9864,0
40.7476,-74.0037,0
40.7097,-74.018,0
40.6931,-73.9889,0
40.774,-73.8717,2
40.8196,-73.9443,-1
40.7772,-73.978,0
40.7616,-73.9855,0
40.7514,-73.994,0
40.7682,-73.9505,0
40.7218,-73.9931,0
40.6733,-73.9722,0
40.7223,-73.9888,0
40.6793,-74.0116,-1
40.7628,-73.9734,0
40.7828,-73.9531,0
40.6788,-73.9822,0
40.7159,-73.9619,1
40.7374,-73.9854,0
40.7109,-73.9472,1
40.7388,-74.0082,0
40.7168,-74.0054,0
40.7569,-74.0013,0
40.7227,-74.0003,0
40.6875,-73.9688,0
40.7625,-73.9802,0
40.762,-73.9834,0
40.7377,-74.0018,0
40.7476,-73.9564,-1
40.6719,-73.9906,0
40.7738,-73.9801,0
40.8024,-73.9563,-1
40.6946,-73.9228,-1
40.7259,-73.9927,0
40.7328,-73.9921,0
40.7313,-73.9885,0
40.7986,-73.9351,-1
40.7184,-73.9637,1
40.7583,-73.978,0
40.7583,-73.978,0
40.7736,-73.9182,-1
40.7588,-73.9605,0
40.7933,-73.9489,0
40.7709,-73.9589,0
40.7163,-74.0078,0
40.7566,-73.9723,0
40.7753,-73.9514,0
40.7753,-73.9514,0
40.7253,-73.9964,0
40.7441,-73.9918,0
40.7446,-73.996,0
40.7181,-73.9857,0
40.7172,-73.9942,0
40.7339,-74.0005,0
40.7327,-73.9878,0
40.7071,-74.0173,0
40.844,-73.9427,-1
40.7306,-73.9927,0
40.6922,-73.9873,0
40.7239,-73.9921,0
40.7443,-73.9916,0
40.7374,-73.9842,0
40.735,-73.9913,0
40.6609,-73.9606,-1
40.7689,-73.981,0
40.7545,-73.9652,0
40.7382,-73.9854,0
40.7259,-73.9962,0
40.6739,-73.9857,0
40.7715,-73.8929,-1
40.7644,-73.9703,0
40.7132,-74.0139,0
40.7542,-73.9905,0
40.7144,-73.9459,1
40.7344,-73.9998,0
40.7483,-73.9889,0
40.7612,-73.9749,0
40.7293,-74.0012,0
40.769,-73.9674,0
40.7752,-73.9475,0
40.7747,-73.9914,0
40.7621,-73.9785,0
40.7685,-73.8626,2
40.7119,-74.0062,0
40.6906,-73.9523,0
40.7238,-74.0033,0
40.6801,-73.9772,0
40.7349,-74.0084,0
40.7561,-73.9838,0
40.7303,-73.9929,0
40.7408,-73.9899,0
40.7006,-73.9408,-1
40.719,-74.0069,0
40.6744,-73.9537,-1
40.6863,-73.994,0
40.7144,-73.9343,-1
40.6835,-73.9562,0
40.6797,-73.9816,0
40.7152,-73.9918,0
40.7735,-73.9547,0
40.7571,-74.0011,0
40.7198,-74.0041,0
40.7615,-73.9781,0
40.7273,-74.0004,0
40.7741,-73.8727,2
40.7663,-73.9917,0
40.747,-74.0026,0
40.7201,-73.9613,1
40.7754,-73.9637,0
40.7608,-73.9991,0
40.7839,-73.9587,0
40.7606,-73.9731,0
40.7192,-73.9939,0
40.6978,-73.9914,0
40.7224,-73.9872,0
40.7685,-73.9852,0
40.8168,-73.9472,-1
40.7502,-73.9945,0
40.7898,-73.9801,0
40.7615,-73.9601,0
40.6648,-73.9773,0
40.7123,-73.9474,1
40.7254,-74.0001,0
40.6713,-73.9549,-1
40.7298,-73.8623,-1
40.6627,-73.9882,0
40.7377,-73.9886,0
40.6975,-73.936,-1
40.7603,-73.9739,0
40.6752,-73.9889,0
40.6787,-73.9692,0
40.722,-73.9992,0
40.679,-73.9984,0
40.7363,-73.9894,0
40.7195,-73.9866,0
40.7228,-73.9967,0
40.7739,-73.8718,2
40.7606,-73.9994,0
40.7512,-73.9941,0
40.7512,-73.9941,0
40.7376,-73.9562,-1
40.6739,-73.9824,0
40.7645,-73.9659,0
40.793,-73.9749,0
40.7579,-73.988,0
40.6678,-73.9306,-1
40.7468,-73.9904,0
40.7137,-73.9477,1
40.7529,-73.9697,0
40.7856,-73.9574,0
40.7144,-74.0089,0
40.7635,-73.9599,0
40.7684,-73.9534,0
40.7413,-74.0059,0
40.7461,-73.9725,0
40.6263,-73.9773,-1
40.7568,-73.9895,0
40.6927,-73.9971,0
40.664,-73.9873,0
40.7877,-73.9728,0
40.7222,-74.0114,0
40.7204,-73.9965,0
40.738,-73.9983,0
40.7263,-74.002,0
40.7703,-73.9802,0
40.7475,-73.9932,0
40.7214,-73.9929,0
40.6803,-73.9749,0
40.7821,-73.9759,0
40.7529,-73.9929,0
40.7165,-74.015,0
40.724,-73.998,0
40.7426,-73.9998,0
40.7449,-73.9808,0
40.7719,-73.9677,0
40.7292,-73.9891,0
40.6653,-73.9895,0
40.7215,-74.0013,0
40.7742,-73.9531,0
40.774,-73.8722,2
40.7279,-73.9931,0
40.7203,-73.9848,0
40.7157,-74.0073,0
40.7085,-74.008,0
40.756,-73.9679,0
40.782,-73.9576,0
40.684,-74.002,0
40.7618,-74.0008,0
40.7424,-73.9562,-1
40.6979,-73.9619,0
40.7514,-73.9433,-1
40.7389,-73.9928,0
40.7227,-73.983,0
40.7172,-74.0047,0
40.7276,-73.9836,0
40.727,-73.9803,0
40.7053,-73.9393,1
40.8031,-73.9127,-1
40.7242,-74.0001,0
40.6509,-73.9647,-1
40.7788,-73.9827,0
40.7122,-73.9513,1
40.6509,-73.9771,-1
40.7249,-74.0028,0
40.7406,-74.0056,0
40.7731,-73.9569,0
40.7747,-73.9562,0
40.7625,-73.9703,0
40.7641,-73.9735,0
40.7506,-74.0034,0
40.7258,-74.0091,0
40.6692,-73.9377,-1
40.7827,-73.9733,0
40.81,-73.9376,-1
40.7601,-73.9848,0
40.7165,-74.0117,0
40.7399,-73.9926,0
40.7151,-73.9971,0
40.6705,-73.9298,-1
40.772,-73.9828,0
40.7505,-73.9873,0
40.7778,-73.9616,0
40.6724,-73.9903,0
40.7589,-73.9643,0
40.721,-74.0017,0
40.7243,-74.0023,0
40.6812,-73.8728,-1
40.7403,-73.9961,0
40.7203,-74.0023,0
40.7415,-74.0066,0
40.7684,-73.8623,2
40.7454,-73.9888,0
40.7368,-73.987,0
40.7616,-73.9998,0
40.7214,-73.9834,0
40.714,-73.9616,1
40.774,-73.9485,0
40.7094,-73.9685,1
40.8162,-73.9379,-1
40.7195,-74.0104,0
40.7268,-73.9853,0
40.7458,-74.0057,0
40.7217,-73.9889,0
40.7325,-73.9769,0
40.7663,-73.9582,0
40.6886,-73.9803,0
40.7502,-73.9789,0
40.7593,-73.9766,0
40.734,-74.0002,0
40.6804,-73.9691,0
40.7918,-73.9646,0
40.7877,-73.9554,0
40.7171,-74.0039,0
40.7718,-73.9886,0
40.6813,-73.9557,0
40.8042,-73.9508,-1
40.7487,-74.0082,0
40.7189,-73.9881,0
40.7849,-73.9559,0
40.7657,-73.9679,0
40.7206,-73.8629,-1
40.713,-73.9412,1
40.7373,-73.9794,0
40.7677,-73.981,0
40.7234,-73.9912,0
40.7425,-73.9923,0
40.7349,-74.0084,0
40.7449,-73.9861,0
40.7433,-73.9728,0
40.6997,-73.9512,1
40.7615,-73.9644,0
40.7778,-73.9499,0
40.764,-73.9785,0
40.7458,-73.988,0
40.733,-74.0031,0
40.7164,-73.8772,-1
40.7075,-74.0099,0
40.7627,-73.9895,0
40.6871,-73.9751,0
40.7108,-73.962,1
40.685,-73.9997,0
40.7395,-73.9808,0
40.7585,-73.9889,0
40.7016,-73.9828,0
40.7256,-73.9967,0
40.6713,-73.8177,-1
40.7199,-73.96,1
40.7514,-73.994,0
40.7521,-73.9814,0
40.7752,-73.9635,0
40.7449,-73.9988,0
40.7239,-73.9981,0
40.7356,-73.9948,0
40.7185,-73.999,0
40.705,-73.9444,1
40.7641,-73.9548,0
40.7274,-74.0012,0
40.7448,-73.9972,0
40.7765,-73.9463,0
40.7385,-73.9854,0
40.7066,-74.0093,0
40.6988,-73.9328,-1
40.7021,-73.9899,0
40.7093,-74.0134,0
40.7248,-74.0025,0
40.7453,-73.921,-1
40.7474,-74.0103,0
40.7744,-73.9815,0
40.8102,-73.953,-1
40.7592,-73.9958,0
40.7615,-73.9997,0
40.7225,-73.9865,0
40.7386,-73.9976,0
40.6724,-73.9474,-1
40.6594,-73.91,-1
40.7517,-73.9938,0
40.7021,-73.9896,0
40.7237,-73.9822,0
40.7666,-73.9688,0
40.7331,-73.9544,1
40.7459,-74.0037,0
40.7597,-73.9742,0
40.7195,-73.9987,0
40.7082,-74.0062,0
40.7202,-73.9983,0
40.7586,-73.9794,0
40.6934,-73.9796,0
40.678,-73.9845,0
40.7381,-74.0,0
40.8452,-73.9406,-1
40.7214,-73.995,0
40.7366,-73.9949,0
40.7853,-73.9731,0
40.7433,-73.982,0
40.7517,-73.9938,0
40.7433,-73.9819,0
40.7276,-74.0033,0
40.7714,-73.9473,0
40.7414,-73.994,0
40.7385,-73.9938,0
40.7142,-73.9552,1
40.812,-73.9615,-1
40.6917,-73.967,0
40.7704,-73.9503,0
40.703,-73.9847,0
40.77,-73.9553,0
40.7798,-73.9456,0
40.7518,-73.9705,0
40.7574,-73.9667,0
40.7652,-73.9723,0
40.7451,-73.977,0
40.6895,-73.9708,0
40.795,-73.9732,0
40.6329,-73.9236,-1
40.7759,-73.9441,0
40.7133,-73.9493,1
40.7983,-73.9418,-1
40.7636,-73.9728,0
40.7748,-73.9504,0
40.7669,-73.9831,0
40.7471,-73.9848,0
40.7491,-73.9823,0
40.7841,-73.9543,0
40.7639,-73.9733,0
40.7095,-74.0139,0
40.7826,-73.9483,0
40.6834,-73.9589,0
40.7333,-74.0047,0
40.6899,-73.9647,0
40.7505,-73.9947,0
40.7161,-74.015,0
40.6848,-73.9672,0
40.7707,-73.9669,0
40.7305,-73.9827,0
40.7536,-73.981,0
40.824,-73.9407,-1
40.752,-73.9946,0
40.7075,-74.0129,0
40.7655,-73.9637,0
40.7469,-73.9868,0
40.7156,-74.0063,0
40.7593,-73.9868,0
40.6922,-73.9857,0
40.7486,-73.9927,0
40.6659,-73.983,0
40.6885,-73.9889,0
40.8049,-73.9525,-1
40.6905,-73.995,0
40.6864,-73.9876,0
40.6739,-73.9568,-1
40.7524,-73.9748,0
40.7965,-73.9701,0
40.6591,-73.9912,-1
40.719,-73.9497,1
40.7222,-74.0045,0
40.7182,-73.9893,0
40.7206,-73.9749,0
40.7591,-73.9805,0
40.7634,-73.981,0
40.6903,-73.9965,0
40.7692,-73.9695,0
40.6619,-73.963,-1
40.7648,-73.9706,0
40.6745,-73.9602,0
40.7163,-73.9508,1
40.7444,-74.0029,0
40.7688,-73.9815,0
40.7538,-73.9678,0
40.7215,-73.9886,0
40.6948,-73.9433,-1
40.6878,-73.919,-1
40.73,-74.032,-1
40.7512,-74.0256,-1
40.7652,-73.984,0
40.7463,-73.9792,0
40.7634,-73.9631,0
40.76,-73.9648,0
40.7551,-73.9685,0
40.6744,-73.9625,0
40.7322,-73.8677,-1
40.7587,-73.9859,0
40.6921,-73.9633,0
40.786,-73.977,0
40.7482,-74.0055,0
40.7236,-73.9963,0
40.7906,-73.9778,0
40.754,-73.9784,0
40.7157,-73.9859,0
40.7502,-74.0348,-1
40.7047,-74.0093,0
40.7767,-73.9619,0
40.7741,-73.8726,2
40.7196,-73.9943,0
40.7329,-73.9918,0
40.7127,-73.9586,1
40.7158,-73.9588,1
40.7439,-74.0082,0
40.7701,-73.9804,0
40.7145,-73.9615,1
40.7331,-74.0034,0
40.7207,-73.9802,0
40.706,-74.0161,0
40.7376,-74.0039,0
40.7196,-74.0096,0
40.7581,-73.9767,0
40.7146,-73.9432,1
40.7175,-74.0056,0
40.7448,-73.9837,0
40.7504,-73.9874,0
40.7187,-73.9433,1
40.724,-73.9807,0
40.6722,-74.0108,-1
40.7499,-73.9846,0
40.7426,-74.007,0
40.7741,-73.8725,2
40.7218,-73.9975,0
40.7647,-73.9781,0
40.7016,-73.9886,0
40.76,-73.969,0
40.6724,-73.9835,0
40.7472,-73.9897,0
40.7591,-73.9942,0
40.7388,-73.9852,0
40.7669,-73.9539,0
40.7905,-73.9679,0
40.7346,-74.0022,0
40.7411,-74.0268,-1
40.774,-73.8737,2
40.7209,-73.9611,1
40.787,-73.9693,0
40.7771,-73.9804,0
40.7194,-73.9643,1
40.6681,-73.8729,-1
40.7537,-73.9694,0
40.7209,-74.0052,0
40.7324,-73.9811,0
40.7579,-73.9617,0
40.7681,-73.9961,0
40.7326,-74.0008,0
40.7623,-73.988,0
40.7625,-73.9709,0
40.672,-73.987,0
40.6741,-74.0167,-1
40.7457,-73.9908,0
40.7327,-74.0033,0
40.7404,-74.0056,0
40.7786,-73.9821,0
40.766,-73.9177,-1
40.7691,-73.9828,0
40.7274,-73.992,0
40.7468,-73.9923,0
40.7187,-73.9613,1
40.7427,-73.9945,0
40.7166,-73.937,1
40.7949,-73.972,0
40.7657,-73.9719,0
40.715,-74.016,0
40.7481,-73.977,0
40.7149,-73.9967,0
40.7467,-73.9901,0
40.6675,-73.9976,-1
40.7632,-73.9738,0
40.7941,-73.9722,0
40.652,-73.9632,-1
40.7226,-74.0063,0
40.7347,-73.9883,0
40.7348,-74.0442,-1
40.7137,-73.9581,1
40.6971,-73.9648,0
40.7449,-73.9762,0
40.7629,-73.9798,0
40.7691,-73.9519,0
40.7592,-73.9749,0
40.7141,-73.9515,1
40.697,-73.9349,-1
40.746,-73.9766,0
40.7618,-73.9976,0
40.7853,-73.9753,0
40.7246,-73.9937,0
40.7215,-73.9886,0
40.7225,-73.98,0
40.7158,-74.0154,0
40.7413,-73.994,0
40.722,-73.9992,0
40.7115,-74.0057,0
40.7044,-73.9313,-1
40.7293,-73.9977,0
40.67,-73.9791,0
40.7416,-73.9561,-1
40.7448,-73.9884,0
40.7745,-73.9459,0
40.761,-73.9967,0
40.7337,-73.9949,0
40.7906,-73.9662,0
40.7052,-74.0102,0
40.7038,-74.0069,0
40.7122,-73.9569,1
40.7228,-74.0046,0
40.7447,-73.989,0
40.74,-74.0061,0
40.7648,-73.9706,0
40.7941,-73.9684,0
40.7525,-73.9932,0
40.7255,-73.997,0
40.7154,-73.9568,1
40.7294,-74.0023,0
40.7524,-73.9743,0
40.7443,-73.9805,0
40.7239,-74.0399,-1
40.7175,-74.0091,0
40.7392,-73.9931,0
40.7855,-73.9795,0
40.7507,-73.9907,0
40.7624,-73.9972,0
40.7472,-73.977,0
40.7436,-73.9945,0
40.7105,-73.9486,1
40.6806,-73.9658,0
40.7683,-73.8626,2
40.69,-73.9932,0
40.7321,-74.0637,-1
40.7804,-73.9599,0
40.7288,-73.9762,0
40.76,-73.969,0
40.7641,-73.9787,0
40.7939,-73.9722,0
40.7224,-74.004,0
40.7164,-74.0043,0
40.7493,-74.0059,0
40.7396,-73.9826,0
40.7353,-73.9918,0
40.6787,-73.9955,0
40.728,-73.9939,0
40.7624,-73.9839,0
40.7224,-73.9551,1
40.7741,-73.9514,0
40.7275,-73.9941,0
40.7795,-73.9751,0
40.7134,-73.9977,0
40.7229,-74.0021,0
40.7166,-74.0359,-1
40.769,-73.9949,0
40.7008,-73.9868,0
40.7681,-73.996,0
40.7236,-73.9983,0
40.6993,-73.9938,0
40.7567,-73.9187,-1
40.7107,-73.966,1
40.7114,-74.0102,0
40.7403,-74.0059,0
40.7512,-73.9942,0
40.7507,-73.9743,0
40.7378,-73.9852,0
40.7075,-74.0099,0
40.7178,-74.0042,0
40.7346,-73.9901,0
40.7814,-73.9803,0
40.7212,-73.9459,1
40.7435,-73.9922,0
40.7297,-73.9983,0
40.764,-73.9711,0
40.758,-73.9892,0
40.7841,-73.9469,0
40.7523,-73.9933,0
40.6897,-73.974,0
40.6744,-73.9723,0
40.7586,-73.9788,0
40.7679,-73.9313,-1
40.77,-73.9917,0
40.7185,-74.0106,0
40.6885,-73.9272,-1
40.7454,-73.991,0
40.7518,-73.8439,-1
40.8178,-73.9606,-1
40.7655,-73.9721,0
40.7686,-73.9659,0
40.7483,-73.98,0
40.7186,-73.9833,0
40.7709,-73.9633,0
40.7313,-74.0563,-1
40.7053,-73.9297,-1
40.7456,-74.0084,0
40.7183,-73.9541,1
40.74,-73.9793,0
40.7567,-74.0049,0
40.8505,-73.9384,-1
40.7691,-73.963,0
40.7535,-73.9907,0
40.7793,-73.9552,0
40.7642,-73.9584,0
40.7764,-73.9084,-1
40.7345,-73.9999,0
40.7481,-74.0052,0
40.7204,-73.9896,0
40.7428,-73.9809,0
40.7219,-73.9791,0
40.7968,-73.9701,0
40.7547,-73.9798,0
40.732,-73.9965,0
40.7201,-73.9569,1
40.6979,-73.974,0
40.7077,-74.017,0
40.7583,-73.9162,-1
40.7368,-73.9803,0
40.8047,-73.9665,-1
40.7183,-74.0071,0
40.75,-74.0404,-1
40.77,-73.8646,2
40.6703,-73.9581,-1
40.7315,-73.9885,0
40.7177,-74.009,0
40.7343,-73.978,0
40.7567,-73.9713,0
40.7685,-73.8869,-1
40.7332,-73.9828,0
40.7392,-73.9872,0
40.7417,-73.9895,0
40.7642,-73.9731,0
40.7534,-73.9676,0
40.7659,-73.9767,0
40.7651,-73.9654,0
40.7384,-74.0057,0
40.7273,-73.9921,0
40.7481,-73.9735,0
40.7052,-74.0079,0
40.7211,-74.0052,0
40.7642,-73.9731,0
40.7525,-74.0058,0
40.7428,-73.952,-1
40.7362,-73.9821,0
40.7471,-73.9564,-1
40.7739,-73.8726,2
40.6714,-73.9844,0
40.6898,-73.9925,0
40.7074,-73.9433,1
40.74,-73.9801,0
40.7276,-74.0054,0
40.6734,-73.9915,0
40.7949,-73.9728,0
40.7123,-73.9675,1
40.7349,-73.9932,0
40.76,-73.9652,0
40.7169,-74.0122,0
40.7099,-74.009,0
40.7195,-74.0367,-1
40.744,-73.9954,0
40.7179,-74.003,0
40.7094,-73.9624,1
40.7716,-73.9532,0
40.6883,-73.9068,-1
40.7682,-73.9855,0
40.7743,-73.9818,0
40.724,-73.994,0
40.7698,-73.9576,0
40.6867,-73.9625,0
40.7381,-73.9735,0
40.735,-73.9892,0
40.7459,-73.9724,0
40.7474,-74.008,0
40.6843,-73.9405,-1
40.7442,-73.9842,0
40.696,-73.9679,0
40.7429,-73.9886,0
40.763,-73.9931,0
40.7427,-73.998,0
40.7044,-74.0118,0
40.7558,-73.9865,0
40.7018,-73.9867,0
40.7241,-73.9789,0
40.7397,-73.9909,0
40.7173,-74.0049,0
40.7461,-73.9886,0
40.7461,-73.9886,0
40.7328,-73.9839,0
40.7515,-73.9841,0
40.6932,-73.9995,0
40.711,-74.0108,0
40.762,-73.9758,0
40.7537,-73.9122,-1
40.7059,-74.0038,0
40.7071,-74.0046,0
40.7373,-73.9987,0
40.7617,-73.965,0
40.7176,-74.0057,0
40.7817,-73.9808,0
40.6691,-73.9825,0
40.7157,-73.9869,0
40.6693,-73.9813,0
40.7493,-73.9826,0
40.7303,-73.9841,0
40.848,-73.9393,-1
40.7199,-73.9877,0
40.7282,-73.9998,0
40.7479,-73.9766,0
40.7878,-73.9775,0
40.7667,-73.9533,0
40.7278,-73.9856,0
40.7604,-74.0027,0
40.6731,-73.9433,-1
40.7133,-74.011,0
40.6856,-73.9813,0
40.7303,-74.0002,0
40.7599,-73.9863,0
40.729,-74.0009,0
40.7541,-73.984,0
40.725,-73.9947,0
40.6879,-73.9478,-1
40.7164,-73.8468,-1
40.7229,-73.9947,0
40.7837,-73.9795,0
40.7248,-73.9941,0
40.7334,-74.0074,0
40.7394,-74.008,0
40.7307,-73.9848,0
40.7333,-73.9969,0
40.6719,-73.9639,0
40.7631,-73.9687,0
40.7841,-73.9424,0
40.7251,-73.995,0
40.6838,-73.9739,0
40.7265,-73.997,0
40.7265,-73.997,0
40.7216,-73.9935,0
40.6607,-73.9628,-1
40.7796,-73.9881,0
40.7231,-73.9948,0
40.7696,-73.9504,0
40.726,-74.0007,0
40.735,-73.9571,1
40.6899,-74.0003,0
40.716,-74.0038,0
40.7605,-73.9994,0
40.7094,-74.0082,0
40.7528,-73.9676,0
40.7388,-73.9926,0
40.7394,-73.9975,0
40.7914,-73.9402,-1
40.7468,-73.9923,0
40.7182,-73.9442,1
40.6884,-73.9887,0
40.7144,-73.9572,1
40.711,-74.0056,0
40.737,-73.9902,0
40.7437,-73.9927,0
40.762,-73.9854,0
40.7684,-73.8676,2
40.7684,-73.8676,2
40.7576,-73.9716,0
40.7182,-74.0027,0
40.7444,-73.9919,0
40.7617,-73.8135,-1
40.7796,-73.9538,0
40.7302,-73.9935,0
40.774,-73.8726,2
40.7147,-73.9902,0
40.717,-74.0026,0
40.6732,-73.9912,0
40.6542,-73.9487,-1
40.7634,-73.9693,0
40.7224,-73.997,0
40.6844,-73.9338,-1
40.7361,-73.9911,0
40.7237,-74.0108,0
40.7031,-73.9855,0
40.7403,-73.9821,0
40.744,-73.9957,0
40.7111,-74.0112,0
40.7227,-73.9958,0
40.7275,-73.9794,0
40.6746,-73.9722,0
40.7391,-74.003,0
40.7398,-73.9985,0
40.7508,-73.9706,0
40.6884,-73.9628,0
40.6932,-73.948,-1
40.7446,-74.0008,0
40.7075,-73.949,1
40.7332,-73.9928,0
40.7259,-74.0012,0
40.743,-73.9554,-1
40.7438,-74.0063,0
40.7379,-73.998,0
40.6974,-73.9958,0
40.7396,-73.9926,0
40.7143,-73.9929,0
40.7153,-74.0094,0
40.6986,-73.9673,0
40.7252,-73.9465,1
40.6799,-74.01,-1
40.7662,-73.9659,0
40.6827,-73.938,-1
40.7596,-73.9993,0
40.7199,-73.9941,0
40.6694,-73.9861,0
40.689,-73.9053,-1
40.7855,-73.9719,0
40.7439,-73.9577,-1
40.7422,-73.9828,0
40.7279,-74.0017,0
40.7706,-73.9565,0
40.7631,-73.9874,0
40.7162,-74.0043,0
40.724,-73.9901,0
40.726,-73.9962,0
40.7154,-74.0088,0
40.7217,-73.9964,0
40.6933,-73.9661,0
40.7723,-73.9607,0
40.6872,-74.0007,0
40.7526,-73.9924,0
40.7421,-73.9909,0
40.7132,-73.9557,1
40.7712,-73.8661,2
40.7825,-73.9808,0
40.7563,-73.9701,0
40.7503,-73.9835,0
40.7458,-73.988,0
40.7118,-73.952,1
40.7303,-74.0073,0
40.7063,-74.0168,0
40.6886,-73.9749,0
40.7434,-73.9978,0
40.7198,-74.0086,0
40.7558,-73.9908,0
40.7328,-73.9858,0
40.763,-73.98,0
40.7459,-73.9916,0
40.7785,-73.9774,0
40.7207,-73.9948,0
40.7288,-73.9862,0
40.6803,-73.9713,0
40.742,-73.9829,0
40.7165,-73.9965,0
40.7212,-73.9563,1
40.7172,-74.0017,0
40.69,-73.9922,0
40.6696,-73.9574,-1
40.7309,-74.0028,0
40.757,-73.9228,-1
40.7634,-73.9737,0
40.6927,-73.9922,0
40.7109,-74.0104,0
40.727,-73.9802,0
40.7256,-73.9479,1
40.7032,-73.9941,0
40.7412,-74.0017,0
40.7157,-74.015,0
40.7853,-73.9533,0
40.6875,-73.9597,0
40.7051,-74.0119,0
40.7662,-73.964,0
40.7406,-73.9932,0
40.7204,-73.9967,0
40.711,-73.951,1
40.672,-74.0036,-1
40.7384,-73.9955,0
40.7361,-73.9872,0
40.7513,-73.9941,0
40.7739,-73.8714,2
40.8082,-73.9665,-1
40.76,-73.9691,0
40.711,-74.0057,0
40.8152,-73.9588,-1
40.7775,-73.959,0
40.7223,-73.9872,0
40.7342,-74.008,0
40.7174,-74.016,0
40.707,-74.0089,0
40.7437,-73.9923,0
40.7342,-73.9992,0
40.7335,-74.0079,0
40.7424,-73.9917,0
40.6997,-73.9296,-1
40.7676,-73.9807,0
40.7413,-73.9898,0
40.678,-73.9589,0
40.7063,-74.0091,0
40.7621,-73.9716,0
40.7582,-73.9773,0
40.772,-73.9517,0
40.7608,-73.9142,-1
40.7483,-73.9889,0
40.7614,-73.9637,0
40.7147,-73.9502,1
40.7237,-74.0033,0
40.7593,-73.9731,0
40.7603,-73.9653,0
40.7186,-73.9864,0
40.7232,-74.0116,0
40.7372,-74.0006,0
40.7274,-74.0087,0
40.707,-74.0089,0
40.7081,-74.0063,0
40.7428,-73.9964,0
40.694,-73.9998,0
40.7231,-73.9892,0
40.6918,-73.9921,0
40.7552,-73.9735,0
40.7379,-73.9965,0
40.6961,-73.9881,0
40.6438,-73.9946,-1
40.7391,-73.9889,0
40.7165,-74.0067,0
40.719,-73.9582,1
40.7305,-74.009,0
40.7484,-73.9962,0
40.7317,-73.9875,0
40.7124,-73.9784,0
40.7869,-73.942,0
40.774,-73.8728,2
40.7806,-73.9464,0
40.7514,-73.994,0
40.755,-73.9684,0
40.7208,-73.9925,0
40.7554,-73.9933,0
40.6865,-73.9644,0
40.713,-73.9664,1
40.7424,-73.991,0
40.7355,-74.0033,0
40.6723,-73.9644,0
40.7219,-73.9791,0
40.7881,-73.9758,0
40.7583,-73.9766,0
40.6837,-73.9669,0
40.6896,-73.9723,0
40.7812,-73.9606,0
40.6764,-73.9858,0
40.7553,-73.9931,0
40.7189,-74.0066,0
40.7261,-73.9979,0
40.691,-73.9968,0
40.73,-73.9923,0
40.7351,-73.9873,0
40.7215,-74.0019,0
40.7533,-73.9747,0
40.7339,-73.9966,0
40.6879,-73.9227,-1
40.696,-73.9849,0
40.7843,-73.9571,0
40.7084,-74.0152,0
40.7348,-74.0021,0
40.6812,-73.9646,0
40.7794,-73.9737,0
40.726,-74.0028,0
40.7486,-73.9801,0
40.7326,-73.9971,0
40.759,-73.9942,0
40.7555,-73.9731,0
40.7454,-73.9768,0
40.6884,-73.9383,-1
40.6915,-73.9844,0
40.709,-74.0078,0
40.7761,-73.9896,0
40.7404,-73.989,0
40.795,-73.9216,-1
40.7529,-73.9771,0
40.7529,-73.9771,0
40.6656,-73.984,0
40.7439,-73.9893,0
40.7745,-73.9579,0
40.6848,-73.9947,0
40.7666,-73.9531,0
40.7491,-73.992,0
40.7385,-73.8176,-1
40.7472,-73.9711,0
40.7705,-73.9482,0
40.7543,-73.9633,0
40.758,-73.9692,0
40.6758,-73.9388,-1
40.7339,-73.9993,0
40.774,-73.8729,2
40.767,-73.9536,0
40.7229,-74.0011,0
40.7351,-73.9976,0
40.847,-73.9202,-1
40.7571,-73.9668,0
40.6948,-73.9945,0
40.7795,-73.9456,0
40.7702,-73.9577,0
40.6945,-73.9934,0
40.7742,-73.9632,0
40.7586,-74.0,0
40.7317,-74.0015,0
40.7098,-73.964,1
40.7381,-74.0089,0
40.7323,-73.9879,0
40.7488,-74.0082,0
40.7756,-73.9824,0
40.7508,-73.9902,0
40.7666,-73.9649,0
40.7265,-73.9992,0
40.7164,-74.0044,0
40.6676,-73.9911,0
40.6746,-73.925,-1
40.7905,-73.968,0
40.6898,-73.9522,0
40.8047,-73.9662,-1
40.7337,-73.9978,0
40.7214,-73.9989,0
40.7329,-74.0039,0
40.6838,-73.9332,-1
40.74,-73.9819,0
40.782,-73.9537,0
40.7184,-73.9909,0
40.751,-73.9906,0
40.7636,-73.9776,0
40.7141,-73.9644,1
40.7643,-73.9546,0
40.7646,-73.9718,0
40.6804,-73.9811,0
40.7657,-73.9885,0
40.7229,-73.9459,1
40.758,-73.9759,0
40.7367,-73.989,0
40.7464,-73.9856,0
40.7195,-73.9996,0
40.7474,-74.001,0
40.7022,-73.9828,0
40.7155,-73.9646,1
40.7603,-73.993,0
40.7532,-73.9808,0
40.7251,-73.9931,0
40.7342,-74.0078,0
40.7739,-73.8725,2
40.7892,-73.9484,0
40.7235,-73.996,0
40.7418,-73.9831,0
40.7754,-73.9905,0
40.6885,-73.9631,0
40.76,-73.9671,0
40.734,-73.9952,0
40.6574,-74.005,-1
40.7335,-73.9877,0
40.6714,-73.9568,-1
40.6896,-73.9857,0
40.7297,-73.96,1
40.7683,-73.9846,0
40.7602,-73.9672,0
40.7624,-73.9814,0
40.7516,-74.0035,0
40.7191,-74.0051,0
40.7369,-74.0032,0
40.7592,-73.9758,0
40.7462,-73.9559,-1
40.7261,-74.0016,0
40.723,-73.9514,1
40.7442,-73.9959,0
40.731,-73.9898,0
40.7358,-74.0007,0
40.7215,-73.9978,0
40.7511,-73.9931,0
40.759,-73.9942,0
40.7116,-74.0083,0
40.7494,-73.9918,0
40.6799,-73.9988,0
40.6976,-73.9586,0
40.7506,-73.9876,0
40.7207,-73.9613,1
40.7212,-73.9364,-1
40.7574,-73.9819,0
40.6991,-73.9936,0
40.7603,-73.9579,0
40.7182,-74.015,0
40.7863,-73.9723,0
40.7254,-73.9928,0
40.7551,-73.9734,0
40.7749,-73.9789,0
40.7571,-74.001,0
40.7605,-73.9584,0
40.6799,-73.9408,-1
40.6779,-73.9858,0
40.7423,-74.0044,0
40.7436,-73.9886,0
40.7581,-73.9754,0
40.7524,-73.9655,0
40.7183,-73.9983,0
40.7515,-73.9985,0
40.7222,-73.9943,0
40.7529,-73.9846,0
40.7204,-73.9987,0
40.7245,-74.0019,0
40.7229,-74.0068,0
40.7515,-73.9939,0
40.7858,-73.9689,0
40.6967,-73.9296,-1
40.7028,-73.9944,0
40.7192,-73.9539,1
40.744,-73.9835,0
40.7191,-73.9868,0
40.7564,-73.9941,0
40.714,-74.0087,0
40.7254,-73.852,-1
40.7051,-74.0074,0
40.7142,-74.0088,0
40.797,-73.9699,0
40.6922,-73.9727,0
40.6533,-73.8461,-1
40.7185,-73.9989,0
40.7935,-73.9672,0
40.7199,-73.9878,0
40.7808,-73.9607,0
40.694,-73.9651,0
40.7501,-73.9933,0
40.6519,-73.9592,-1
40.6922,-73.9441,-1
40.7176,-73.9953,0
40.7767,-73.9627,0
40.7441,-73.984,0
40.7165,-74.0023,0
40.7789,-73.9621,0
40.6799,-73.9625,0
40.7108,-73.9678,1
40.7468,-73.9872,0
40.729,-74.0035,0
40.7373,-73.9903,0
40.7241,-73.9478,1
40.7653,-73.9609,0
40.7571,-74.0012,0
40.7657,-73.9813,0
40.7049,-73.9186,-1
40.7661,-73.9691,0
40.7755,-73.95,0
40.7221,-73.9983,0
40.7921,-73.9754,0
40.7044,-74.0093,0
40.7063,-74.0097,0
40.7699,-73.8644,2
40.7041,-74.0128,0
40.7525,-73.9674,0
40.7208,-73.9851,0
40.6818,-73.9349,-1
40.783,-73.9747,0
40.7626,-73.9898,0
40.7526,-73.9742,0
40.6901,-73.963,0
40.7649,-73.9725,0
40.7754,-73.9501,0
40.7619,-74.0007,0
40.7494,-73.9916,0
40.808,-73.966,-1
40.8441,-73.8773,-1
40.7408,-73.9791,0
40.7305,-74.002,0
40.7403,-73.9843,0
40.675,-73.9195,-1
40.7645,-73.9846,0
40.7168,-73.9909,0
40.7383,-74.0326,-1
40.7514,-74.0069,0
40.7164,-74.0091,0
40.7099,-74.0607,-1
40.725,-73.9406,1
40.6944,-74.0005,0
40.6771,-73.9399,-1
40.7604,-73.9695,0
40.7529,-73.9835,0
40.7696,-73.9857,0
40.797,-73.974,0
40.6866,-73.9735,0
40.6694,-73.9129,-1
40.7389,-74.0072,0
40.7688,-73.9871,0
40.7158,-74.0098,0
40.7668,-73.9788,0
40.6894,-73.9549,0
40.7693,-73.9676,0
40.7396,-74.0422,-1
40.6766,-73.9419,-1
40.7403,-74.0058,0
40.7366,-73.9908,0
40.7652,-73.9808,0
40.7684,-73.8624,2
40.676,-73.9648,0
40.7303,-74.0068,0
40.7791,-73.9849,0
40.6924,-73.9954,0
40.7277,-74.0013,0
40.732,-73.9945,0
40.725,-73.9983,0
40.7257,-74.0019,0
40.7923,-73.9264,-1
40.7554,-73.9942,0
40.7848,-73.9791,0
40.7339,-73.9777,0
40.7661,-73.9657,0
40.7279,-74.0434,-1
40.7602,-73.967,0
40.7201,-73.9883,0
40.7667,-73.9889,0
40.8096,-73.9589,-1
40.7634,-73.9738,0
40.7375,-74.0039,0
40.7362,-73.9981,0
40.7224,-74.0081,0
40.7617,-73.9857,0
40.7665,-73.9822,0
40.7317,-73.9976,0
40.7776,-73.9832,0
40.7391,-74.0055,0
40.743,-74.0078,0
40.7755,-73.9581,0
40.7327,-74.002,0
40.7244,-74.0021,0
40.7653,-73.9697,0
40.7246,-74.0021,0
40.723,-73.9982,0
40.7094,-74.0148,0
40.7257,-74.0038,0
40.769,-73.9696,0
40.7595,-73.966,0
40.7422,-73.9873,0
40.7701,-73.9667,0
40.7646,-73.9698,0
40.7379,-74.0002,0
40.763,-73.9741,0
40.7803,-73.9592,0
40.7906,-73.9654,0
40.7394,-74.0079,0
40.7717,-73.983,0
40.7549,-73.9728,0
40.763,-73.9808,0
40.7334,-74.0046,0
40.7353,-74.0016,0
40.7384,-73.988,0
40.6948,-73.9942,0
40.763,-73.9596,0
40.7525,-73.9732,0
40.7514,-73.994,0
40.7507,-73.9899,0
40.7456,-74.0089,0
40.7141,-74.0336,-1
40.7611,-73.9752,0
40.7673,-73.9686,0
40.7132,-74.0379,-1
40.7479,-73.9458,-1
40.7222,-73.984,0
40.7559,-73.9908,0
40.7454,-73.9771,0
40.7532,-73.9778,0
40.7517,-73.9938,0
40.7161,-74.0103,0
40.7593,-73.9867,0
40.7153,-74.0158,0
40.7331,-73.9962,0
40.8031,-73.9681,-1
40.7856,-73.9541,0
40.7558,-73.9735,0
40.7211,-74.0042,0
40.7702,-73.9617,0
40.751,-73.9906,0
40.7162,-74.0154,0
40.72,-74.008,0
40.7073,-74.004,0
40.7485,-73.9945,0
40.7407,-73.9796,0
40.739,-73.9893,0
40.756,-73.9645,0
40.7454,-73.9792,0
40.711,-74.0037,0
40.7056,-74.0062,0
40.7428,-73.9915,0
40.6683,-73.8752,-1
40.7594,-73.9856,0
40.764,-73.9849,0
40.6765,-73.9929,0
40.7581,-73.9892,0
40.7755,-73.9503,0
40.7447,-74.0067,0
40.7199,-74.0076,0
40.7188,-74.0025,0
40.7487,-74.0081,0
40.6849,-73.9564,0
40.7513,-73.9941,0
40.7561,-73.9824,0
40.742,-73.9759,0
40.7485,-73.9891,0
40.757,-74.0013,0
40.7207,-73.9954,0
40.7282,-74.0329,-1
40.8396,-73.9413,-1
40.6754,-73.9579,0
40.7734,-73.9832,0
40.77,-73.8646,2
40.7556,-73.974,0
40.7529,-73.9835,0
40.7657,-73.9759,0
40.795,-74.0715,-1
40.7235,-74.0106,0
40.7379,-73.9829,0
40.7095,-74.0126,0
40.7234,-74.0029,0
40.672,-74.0107,-1
40.7078,-74.0082,0
40.774,-73.8727,2
40.7522,-73.9357,-1
40.7739,-73.9179,-1
40.7562,-73.9914,0
40.6698,-73.9623,-1
40.7525,-73.9674,0
40.772,-73.956,0
40.7331,-73.9752,0
40.7682,-73.9211,-1
40.7423,-73.9869,0
40.7226,-73.9552,1
40.7635,-73.9728,0
40.8224,-74.1041,-1
40.7805,-73.955,0
40.753,-73.9661,0
40.7471,-73.9792,0
40.7575,-73.965,0
40.7658,-73.9693,0
40.7417,-74.0051,0
40.7208,-74.0048,0
40.68,-73.9328,-1
40.738,-73.9836,0
40.6902,-73.9653,0
40.764,-73.9765,0
40.7647,-73.9813,0
40.7722,-73.9609,0
40.7376,-73.9996,0
40.8054,-73.9636,-1
40.739,-73.9956,0
40.7844,-73.9475,0
40.7301,-73.9551,1
40.7823,-73.9514,0
40.7257,-74.0054,0
40.7582,-73.9923,0
40.6774,-73.9983,0
40.7467,-73.9806,0
40.7197,-74.007,0
40.7796,-73.9459,0
40.7346,-74.0094,0
40.7215,-73.9575,1
40.7162,-74.0124,0
40.7751,-73.9588,0
40.7258,-73.9964,0
40.756,-73.9825,0
40.729,-74.0026,0
40.7599,-73.992,0
40.7599,-73.992,0
40.6923,-73.9911,0
40.7668,-73.9599,0
40.7722,-73.9672,0
40.7582,-73.9772,0
40.7253,-74.0092,0
40.7633,-73.9746,0
40.8063,-73.9638,-1
40.7635,-73.9725,0
40.6835,-73.9158,-1
40.7362,-73.9972,0
40.7387,-73.9979,0
40.7635,-73.9715,0
40.7294,-74.001,0
40.7754,-73.9832,0
40.7459,-73.994,0
40.7955,-73.9187,-1
40.7807,-73.9083,-1
40.7664,-73.9607,0
40.7436,-73.9728,0
40.7588,-73.9895,0
40.72,-74.0052,0
40.7191,-73.9609,1
40.6989,-73.9081,-1
40.748,-73.9569,0
40.7695,-73.9835,0
40.7113,-73.9492,1
40.7215,-74.0,0
40.7303,-73.9859,0
40.7166,-74.0162,0
40.7485,-73.9781,0
40.78,-73.9554,0
40.7674,-73.9356,-1
40.6945,-73.909,-1
40.7257,-73.9976,0
40.7273,-73.9921,0
40.6876,-73.9924,0
40.7334,-74.0024,0
40.7688,-73.8672,2
40.7744,-73.9635,0
40.71,-74.0072,0
40.7383,-73.9949,0
40.7756,-73.9626,0
40.7411,-73.9888,0
40.7362,-74.0331,-1
40.7371,-73.9865,0
40.8256,-73.9397,-1
40.765,-73.9174,-1
40.7325,-74.0092,0
40.7657,-73.9705,0
40.771,-73.9681,0
40.6827,-73.9904,0
40.7609,-73.9965,0
40.7382,-73.9999,0
40.7363,-73.9831,0
40.76,-73.9943,0
40.7778,-73.9437,0
40.719,-74.0011,0
40.7736,-73.9549,0
40.7822,-73.9599,0
40.7503,-73.9707,0
40.7678,-73.9705,0
40.7551,-73.9624,0
40.7199,-73.9953,0
40.7241,-73.9574,1
40.7113,-73.9169,-1
40.6712,-73.9593,-1
40.7641,-73.9758,0
40.7584,-73.9624,0
40.732,-73.984,0
40.7333,-74.0047,0
40.7614,-73.9682,0
40.7228,-73.9883,0
40.706,-74.0087,0
40.7652,-73.9792,0
40.7477,-73.9881,0
40.7114,-74.0079,0
40.7374,-74.005,0
40.7191,-74.0064,0
40.7474,-73.9565,-1
40.7881,-73.97,0
40.7073,-73.9398,1
40.7401,-73.9946,0
40.7187,-73.9636,1
40.7197,-73.9917,0
40.7411,-73.9936,0
40.74,-73.9949,0
40.7142,-73.9517,1
40.7788,-73.9839,0
40.7443,-73.9918,0
40.69,-73.9681,0
40.7601,-73.9927,0
40.7247,-73.9945,0
40.7408,-73.9889,0
40.7756,-73.9545,0
40.774,-73.8724,2
40.7462,-73.983,0
40.7221,-73.9917,0
40.7245,-73.9975,0
40.7474,-73.9441,-1
40.6756,-74.0149,-1
40.7301,-73.9757,0
40.7943,-73.9763,0
40.7443,-73.9827,0
40.7068,-73.9145,-1
40.7565,-73.9958,0
40.7277,-74.0055,0
40.7552,-73.9736,0
40.7711,-73.9634,0
40.6732,-73.9862,0
40.7683,-73.9668,0
40.7394,-74.0054,0
40.7611,-73.999,0
40.7615,-73.9938,0
40.6978,-73.9928,0
40.7088,-73.8751,-1
40.7219,-73.992,0
40.7107,-73.9846,0
40.7233,-73.9912,0
40.716,-74.0071,0
40.7163,-73.9594,1
40.7404,-74.0278,-1
40.7525,-74.0321,-1
40.7366,-74.0339,-1
40.7655,-73.97,0
40.7874,-74.0123,-1
40.7527,-73.9811,0
40.664,-73.9112,-1
40.7228,-73.9944,0
40.7275,-73.9923,0
40.736,-73.9839,0
40.7503,-73.991,0
40.7343,-73.9883,0
40.726,-73.9962,0
40.7297,-74.0049,0
40.6922,-73.9065,-1
40.7523,-73.9934,0
40.6718,-73.9576,-1
40.7712,-73.9474,0
40.7223,-73.984,0
40.7457,-74.0069,0
40.6982,-73.9956,0
40.7674,-73.9904,0
40.7037,-73.9812,0
40.795,-73.9202,-1
40.702,-73.9812,0
40.746,-73.9513,-1
40.7232,-74.0009,0
40.7407,-73.9798,0
40.7906,-73.9503,0
40.7049,-74.0089,0
40.7506,-73.9857,0
40.6948,-73.9344,-1
40.7261,-73.9918,0
40.7264,-73.9933,0
40.7631,-73.9739,0
40.738,-73.9942,0
40.6873,-73.9873,0
40.7598,-73.9794,0
40.7807,-73.9524,0
40.7706,-73.9566,0
40.7768,-73.9642,0
40.6722,-73.9838,0
40.7601,-73.9806,0
40.7958,-73.9326,-1
40.6921,-73.9639,0
40.7691,-73.961,0
40.6729,-73.8664,-1
40.7526,-73.8418,-1
40.7526,-73.8418,-1
40.6459,-73.9031,-1
40.7946,-73.9765,0
40.7211,-74.0053,0
40.6921,-73.9638,0
40.7755,-73.9556,0
40.7552,-73.9722,0
40.752,-73.9706,0
40.7044,-74.0097,0
40.7218,-73.9975,0
40.6846,-73.9786,0
40.7624,-73.9824,0
40.7953,-73.9189,-1
40.7953,-73.9189,-1
40.756,-73.9967,0
40.706,-74.0091,0
40.7078,-74.002,0
40.7273,-73.9921,0
40.7789,-73.9777,0
40.7837,-73.9348,-1
40.779,-73.9449,0
40.757,-73.9657,0
40.7411,-73.9921,0
40.781,-73.9799,0
40.7091,-74.0141,0
40.7168,-74.0123,0
40.7168,-74.0123,0
40.6902,-73.9294,-1
40.7415,-73.9953,0
40.746,-73.9842,0
40.7184,-73.9487,1
40.7214,-73.999,0
40.7486,-73.9903,0
40.7402,-74.0034,0
40.6716,-73.9627,0
40.7032,-73.9942,0
40.7534,-73.9872,0
40.7765,-73.9506,0
40.7169,-73.9936,0
40.757,-73.9658,0
40.7671,-73.9619,0
40.7633,-73.9747,0
40.7448,-73.9951,0
40.7414,-73.9934,0
40.7427,-73.9959,0
40.7387,-73.9732,0
40.746,-73.9905,0
40.7213,-73.9947,0
40.7644,-73.9814,0
40.7033,-73.9896,0
40.783,-73.974,0
40.7576,-73.9849,0
40.7765,-73.987,0
40.7628,-73.9669,0
40.7285,-74.0053,0
40.7187,-73.9591,1
40.681,-73.9964,0
40.7201,-73.9991,0
40.7501,-74.0347,-1
40.7607,-73.9992,0
40.7305,-74.01,0
40.7457,-73.9995,0
40.7212,-73.9963,0
40.715,-74.0098,0
40.6458,-74.006,-1
40.7559,-73.9865,0
40.7426,-73.9921,0
40.7604,-73.9581,0
40.7214,-73.9606,1
40.7169,-73.9591,1
40.7342,-74.0026,0
40.7418,-74.0326,-1
40.7657,-73.9631,0
40.7631,-73.9693,0
40.8073,-73.9551,-1
40.736,-73.9766,0
40.7115,-73.9952,0
40.6752,-73.9572,0
40.7261,-74.0026,0
40.7259,-73.9972,0
40.8118,-73.961,-1
40.7644,-73.9597,0
40.7253,-73.9998,0
40.7623,-73.9764,0
40.6968,-73.9126,-1
40.7321,-74.0075,0
40.7175,-73.9897,0
40.7396,-73.9871,0
40.7145,-73.9906,0
40.7795,-73.988,0
40.7243,-73.9884,0
40.7363,-73.9935,0
40.7344,-73.9908,0
40.7261,-73.9402,1
40.7359,-74.0016,0
40.7204,-73.9945,0
40.7714,-73.9604,0
40.7365,-73.9988,0
40.7472,-73.997,0
40.6702,-73.956,-1
40.7376,-74.0092,0
40.7107,-74.0074,0
40.7556,-73.9932,0
40.7568,-73.9785,0
40.7153,-73.9919,0
40.7886,-73.9732,0
40.7667,-73.9652,0
40.7471,-73.9898,0
40.7262,-73.9933,0
40.6752,-73.989,0
40.7463,-74.0052,0
40.6882,-73.9588,0
40.7755,-73.9601,0
40.7614,-73.962,0
40.7199,-74.0124,0
40.7398,-74.0062,0
40.747,-73.9813,0
40.7626,-73.9745,0
40.73,-73.9561,1
40.7393,-73.9936,0
40.7775,-73.957,0
40.7216,-73.947,1
40.72,-73.9621,1
40.6877,-74.0012,0
40.7562,-73.9916,0
40.7332,-73.9859,0
40.6769,-73.9653,0
40.7887,-73.9762,0
40.7203,-73.9632,1
40.7243,-73.992,0
40.8055,-73.9597,-1
40.6872,-73.9901,0
40.7715,-73.9628,0
40.7074,-73.9425,1
40.7372,-73.9792,0
40.7583,-73.9795,0
40.7563,-73.9788,0
40.7154,-73.9647,1
40.7555,-73.9771,0
40.7331,-73.9925,0
40.7199,-74.0014,0
40.7268,-73.9834,0
40.724,-74.0107,0
40.7274,-73.9863,0
40.7735,-73.9555,0
40.734,-74.0004,0
40.7606,-73.9716,0
40.7331,-73.9752,0
40.7417,-73.9974,0
40.7045,-74.0095,0
40.7082,-74.0076,0
40.7287,-74.0002,0
40.7319,-74.0048,0
40.765,-73.9708,0
40.7482,-74.0038,0
40.7448,-74.0286,-1
40.7569,-73.994,0
40.7357,-73.9938,0
40.7394,-74.008,0
40.7265,-73.9992,0
40.6865,-73.9919,0
40.7342,-73.997,0
40.7167,-73.9958,0
40.6777,-73.9839,0
40.67,-73.9449,-1
40.7647,-73.9797,0
40.7296,-74.0048,0
40.7395,-73.9937,0
40.7324,-74.0018,0
40.7811,-73.9761,0
40.716,-74.0153,0
40.7284,-73.9489,1
40.7452,-73.9947,0
40.7704,-73.958,0
40.7963,-73.9181,-1
40.7227,-73.998,0
40.7706,-73.9507,0
40.705,-74.0161,0
40.676,-74.0033,-1
40.7066,-73.9529,1
40.7445,-73.9804,0
40.8112,-73.9437,-1
40.6734,-73.9686,0
40.735,-73.9837,0
40.7477,-73.9767,0
40.7636,-73.981,0
40.737,-73.9929,0
40.7081,-74.0057,0
40.762,-73.9749,0
40.7589,-73.9723,0
40.7644,-73.9726,0
40.7242,-73.9962,0
40.7686,-73.9579,0
40.7385,-73.9877,0
40.7507,-74.0033,0
40.7023,-73.9286,-1
40.7965,-73.9254,-1
40.7732,-73.8856,-1
40.7812,-73.9797,0
40.7362,-73.9894,0
40.7628,-73.9769,0
40.7458,-74.0082,0
40.7323,-73.955,1
40.7693,-73.9615,0
40.7406,-74.0056,0
40.6873,-73.9747,0
40.776,-73.9623,0
40.7121,-73.949,1
40.7528,-73.9815,0
40.6933,-73.9729,0
40.7304,-73.995,0
40.7086,-73.9269,-1
40.7777,-73.9794,0
40.6677,-73.9563,-1
40.733,-73.9958,0
40.73,-73.8647,-1
40.6856,-73.9233,-1
40.747,-74.0045,0
40.7164,-73.9659,1
40.6265,-74.0776,-1
40.7754,-73.9907,0
40.7102,-73.9847,0
40.7449,-73.9888,0
40.7373,-73.9908,0
40.7166,-73.8861,-1
40.7634,-73.9701,0
40.7095,-73.9588,1
40.6611,-73.9912,-1
40.7722,-73.963,0
40.7299,-73.9835,0
40.723,-73.8578,-1
40.7233,-73.9948,0
40.7372,-73.9743,0
40.7209,-73.9851,0
40.6412,-73.9713,-1
40.7558,-73.9708,0
40.7192,-73.8384,-1
40.7725,-73.9632,0
40.7361,-73.9935,0
40.739,-74.0008,0
40.6922,-73.9445,-1
40.7243,-73.9944,0
40.7398,-73.9879,0
40.7454,-74.0059,0
40.7664,-73.9693,0
40.7224,-73.9873,0
40.7143,-73.9972,0
40.7386,-73.9977,0
40.6852,-74.0026,0
40.7618,-73.9707,0
40.772,-73.95,0
40.7353,-73.9916,0
40.7861,-73.9704,0
40.7438,-74.0062,0
40.7724,-73.9514,0
40.7636,-73.9735,0
40.691,-73.9961,0
40.7406,-73.9259,-1
40.7748,-73.9509,0
40.7376,-74.0082,0
40.7455,-73.9325,-1
40.7455,-73.9325,-1
40.6864,-73.9745,0
40.7193,-73.9888,0
40.7634,-73.9693,0
40.7362,-73.9976,0
40.7498,-73.9826,0
40.6913,-73.9922,0
40.7625,-73.9943,0
40.7557,-73.9194,-1
40.7642,-73.9617,0
40.6921,-73.9862,0
40.7081,-74.0091,0
40.7703,-73.9559,0
40.7686,-73.9498,0
40.7307,-73.9923,0
40.7326,-73.9935,0
40.7108,-74.0061,0
40.7672,-73.984,0
40.7212,-73.9608,1
40.7683,-73.9686,0
40.734,-74.0099,0
40.7658,-73.9847,0
40.723,-73.994,0
40.7727,-73.9587,0
40.6886,-73.971,0
40.746,-73.9943,0
40.7855,-73.9729,0
40.7639,-73.9692,0
40.7272,-73.9937,0
40.7064,-74.0162,0
40.7276,-74.0004,0
40.7165,-74.0099,0
40.7462,-73.9749,0
40.7922,-73.9264,-1
40.7806,-73.9758,0
40.7638,-73.9808,0
40.7662,-73.9905,0
40.7143,-73.9594,1
40.7196,-73.9914,0
40.7196,-73.9603,1
40.7768,-73.9513,0
40.7318,-73.9966,0
40.789,-73.9773,0
40.7651,-73.9693,0
40.7705,-73.9543,0
40.7785,-73.9573,0
40.6769,-73.9838,0
40.7224,-73.9842,0
40.7923,-73.9262,-1
40.7586,-73.9831,0
40.7366,-73.9745,0
40.7248,-73.9955,0
40.7681,-73.9852,0
40.7244,-73.9911,0
40.7347,-74.0047,0
40.7824,-73.9752,0
40.7789,-73.9602,0
40.7402,-73.9941,0
40.6662,-73.9767,0
40.73,-73.8317,-1
40.7346,-74.0,0
40.6908,-73.9561,0
40.6933,-73.9959,0
40.7354,-73.994,0
40.6766,-73.955,-1
40.7381,-74.0072,0
40.6951,-73.9344,-1
40.7786,-73.9838,0
40.7968,-73.9703,0
40.7349,-74.0085,0
40.7424,-73.9524,-1
40.7717,-73.949,0
40.7193,-74.0103,0
40.8224,-73.9307,-1
40.7382,-74.0083,0
40.7226,-73.9932,0
40.6818,-74.0016,0
40.7384,-73.9855,0
40.7911,-73.9688,0
40.6924,-73.9855,0
40.731,-73.9816,0
40.7239,-73.9926,0
40.7368,-73.9729,0
40.7359,-74.0069,0
40.7366,-73.9906,0
40.734,-74.0048,0
40.7047,-74.008,0
40.6718,-73.9637,0
40.7697,-73.9604,0
40.7501,-73.9834,0
40.7165,-73.985,0
40.7023,-74.0127,0
40.7688,-73.9682,0
40.678,-73.9613,0
40.7676,-73.9705,0
40.7575,-73.9757,0
40.7567,-73.9722,0
40.7567,-73.9722,0
40.7259,-73.9919,0
40.7664,-73.9882,0
40.7205,-73.9561,1
40.7589,-73.99,0
40.6842,-73.9502,-1
40.7744,-73.9823,0
40.7917,-73.925,-1
40.7249,-73.994,0
40.7458,-73.988,0
40.74,-73.974,0
40.8058,-73.9657,-1
40.7481,-73.9764,0
40.7729,-73.9659,0
40.6995,-73.9949,0
40.7943,-73.9509,0
40.6871,-73.9598,0
40.7751,-73.9887,0
40.7711,-73.9659,0
40.7199,-74.0078,0
40.7159,-73.9758,0
40.7192,-73.9955,0
40.7243,-73.9999,0
40.7426,-74.0032,0
40.7433,-73.9918,0
40.7707,-73.9683,0
40.7695,-73.9809,0
40.7538,-73.9821,0
40.7751,-73.9507,0
40.7298,-73.9996,0
40.749,-74.0053,0
40.7836,-73.9534,0
40.7449,-73.974,0
40.7368,-73.9913,0
40.7753,-73.9566,0
40.7439,-74.0063,0
40.7411,-74.0053,0
40.703,-73.9826,0
40.7319,-74.0066,0
40.7734,-73.9592,0
40.7519,-73.9849,0
40.7588,-73.9718,0
40.7355,-73.9899,0
40.759,-73.9923,0
40.7345,-73.9834,0
40.7607,-74.0027,0
40.6888,-73.9876,0
40.7237,-73.9906,0
40.741,-73.9836,0
40.7641,-73.9749,0
40.6981,-73.9928,0
40.764,-73.9732,0
40.7028,-73.994,0
40.7164,-74.0153,0
40.7519,-73.9859,0
40.6732,-73.9862,0
40.7201,-73.9629,1
40.776,-73.9624,0
40.6867,-73.9696,0
40.7716,-73.9808,0
40.7763,-73.9879,0
40.718,-73.9903,0
40.7102,-73.9846,0
40.6826,-73.9933,0
40.7356,-74.0651,-1
40.7538,-73.9837,0
40.7247,-74.0018,0
40.6851,-73.9344,-1
40.7202,-74.0095,0
40.7811,-73.9475,0
40.8183,-73.9452,-1
40.7566,-73.9669,0
40.7759,-73.953,0
40.7476,-74.0043,0
40.7361,-74.0404,-1
40.7921,-73.9264,-1
40.7472,-74.0083,0
40.6938,-73.9991,0
40.7622,-73.9661,0
40.7322,-73.9887,0
40.7713,-73.9595,0
40.7365,-74.0013,0
40.7846,-73.9699,0
40.7672,-73.9606,0
40.731,-74.0046,0
40.7627,-74.0013,0
40.7432,-73.9935,0
40.7598,-73.9898,0
40.7985,-73.9528,-1
40.7341,-74.0029,0
40.7725,-73.9105,-1
40.7967,-73.9255,-1
40.6846,-73.9692,0
40.7652,-73.9695,0
40.6965,-73.9704,0
40.6965,-73.9704,0
40.7475,-73.9803,0
40.7587,-73.9722,0
40.7248,-74.0101,0
40.7414,-73.9976,0
40.779,-73.958,0
40.7677,-73.983,0
40.7043,-74.0132,0
40.7219,-74.0076,0
40.7228,-73.9883,0
40.7314,-73.9933,0
40.7719,-73.9611,0
40.7631,-73.9939,0
40.7366,-73.9907,0
40.7628,-73.9786,0
40.738,-73.9901,0
40.735,-73.8742,-1
40.7162,-74.0153,0
40.7388,-74.0088,0
40.6752,-73.9813,0
40.7406,-74.0068,0
40.7345,-73.9999,0
40.7611,-73.9907,0
40.7544,-73.9981,0
40.7544,-73.9981,0
40.7371,-73.9815,0
40.7706,-73.96,0
40.7225,-73.9408,1
40.6977,-73.9486,-1
40.7193,-74.0092,0
40.7545,-73.9359,-1
40.7248,-73.9493,1
40.7789,-73.9623,0
40.7899,-73.9459,0
40.7264,-73.9399,-1
40.7366,-73.9787,0
40.7267,-73.9796,0
40.7185,-73.9918,0
40.7688,-73.9583,0
40.7514,-74.007,0
40.7556,-73.9776,0
40.7201,-73.962,1
40.686,-73.9623,0
40.7233,-73.9955,0
40.7727,-73.9776,0
40.7308,-73.9739,0
40.7225,-74.0046,0
40.7408,-74.0076,0
40.7433,-73.972,0
40.7691,-73.9674,0
40.706,-74.0131,0
40.7403,-73.9947,0
40.717,-73.9908,0
40.7716,-73.9642,0
40.7354,-74.0034,0
40.7115,-74.0172,0
40.8558,-73.9387,-1
40.705,-74.0157,0
40.7773,-73.9763,0
40.7177,-73.949,1
40.7516,-74.0076,0
40.7278,-73.9851,0
40.8079,-73.9595,-1
40.7963,-73.9251,-1
40.7699,-73.9844,0
40.7699,-73.9844,0
40.7544,-73.9357,-1
40.7799,-73.9532,0
40.7642,-73.9735,0
40.68,-73.9816,0
40.7354,-73.9912,0
40.754,-73.9818,0
40.7275,-73.9795,0
40.6763,-73.9443,-1
40.7628,-73.9743,0
40.7559,-74.0019,0
40.7444,-73.9764,0
40.78,-73.9445,0
40.7405,-74.0057,0
40.7798,-73.9596,0
40.7727,-73.9611,0
40.7551,-73.9709,0
40.6648,-73.9773,0
40.6506,-73.9725,-1
40.6781,-73.9655,0
40.7558,-73.9804,0
40.7665,-73.9609,0
40.7608,-73.9792,0
40.6279,-74.04,-1
40.7275,-73.9951,0
40.7437,-73.9769,0
40.7646,-73.9807,0
40.7217,-73.9848,0
40.7271,-74.0055,0
40.7405,-73.9892,0
40.7281,-73.9951,0
40.648,-73.952,-1
40.7105,-73.9663,1
40.7611,-73.9769,0
40.7741,-73.8724,2
40.7741,-73.8724,2
40.7641,-73.9707,0
40.7273,-74.0004,0
40.7169,-73.9591,1
40.7602,-73.9757,0
40.7701,-73.9647,0
40.783,-73.9759,0
40.7256,-73.9966,0
40.7469,-73.9906,0
40.737,-73.9741,0
40.7198,-73.9999,0
40.8062,-73.9597,-1
40.6659,-73.9883,0
40.7468,-73.9905,0
40.7215,-73.9955,0
40.8058,-73.9625,-1
40.8015,-73.9479,-1
40.7723,-73.9517,0
40.7199,-73.9642,1
40.8314,-73.9486,-1
40.7543,-73.9841,0
40.7585,-74.0,0
40.7112,-73.9674,1
40.7741,-73.9569,0
40.6836,-73.9781,0
40.7251,-73.9909,0
40.7202,-73.9551,1
40.7725,-73.951,0
40.7311,-74.0045,0
40.773,-73.9783,0
40.7526,-73.9747,0
40.7402,-73.9842,0
40.7366,-73.9818,0
40.7728,-73.9584,0
40.7749,-73.9631,0
40.7435,-74.0072,0
40.749,-74.0034,0
40.6699,-73.959,-1
40.7741,-73.8722,2
40.7715,-73.9564,0
40.7713,-73.9053,-1
40.7553,-74.0028,0
40.7218,-73.9976,0
40.7768,-73.9552,0
40.7543,-74.003,0
40.7305,-74.0082,0
40.6452,-74.0195,-1
40.6981,-73.9676,0
40.664,-73.9773,0
40.7515,-73.9939,0
40.7715,-73.9533,0
40.7866,-73.9507,0
40.7353,-74.0052,0
40.7036,-74.0115,0
40.7789,-73.956,0
40.7708,-73.8657,2
40.7521,-73.9773,0
40.7301,-74.0041,0
40.7828,-73.9712,0
40.773,-73.9783,0
40.7955,-73.976,0
40.6926,-73.9592,0
40.7464,-73.9797,0
40.681,-73.9718,0
40.7573,-73.9866,0
40.7545,-73.9697,0
40.776,-73.9795,0
40.7917,-73.9684,0
40.7573,-74.0012,0
40.6781,-73.9845,0
40.7477,-74.0042,0
40.7156,-74.0149,0
40.6924,-73.9547,0
40.7359,-73.9874,0
40.7158,-73.9544,1
40.7561,-73.9703,0
40.6856,-73.9793,0
40.7586,-73.9614,0
40.6732,-73.9731,0
40.6739,-73.9857,0
40.7519,-73.9946,0
40.7659,-73.9718,0
40.728,-74.032,-1
40.7724,-73.9546,0
40.7947,-73.9208,-1
40.7236,-73.9514,1
40.784,-73.974,0
40.7093,-74.0165,0
40.7156,-73.9897,0
40.7174,-74.0143,0
40.7833,-73.9591,0
40.7391,-73.9933,0
40.7316,-73.9893,0
40.7486,-73.9924,0
40.7795,-73.9579,0
40.736,-73.9958,0
40.7638,-73.9695,0
40.8567,-73.8808,-1
40.7461,-73.9447,-1
40.7836,-73.9803,0
40.7655,-73.9783,0
40.7205,-73.998,0
40.6939,-73.9671,0
40.7243,-73.9967,0
40.7381,-74.0038,0
40.7702,-73.9804,0
40.6911,-73.9531,0
40.7409,-73.9977,0
40.6609,-73.9912,-1
40.777,-74.0138,-1
40.7622,-73.9745,0
40.7454,-73.9716,0
40.774,-73.8726,2
40.6888,-73.9837,0
40.7669,-73.9713,0
40.7735,-73.9555,0
40.689,-73.9879,0
40.7432,-73.9819,0
40.7822,-73.9716,0
40.7297,-73.9838,0
40.7681,-73.9568,0
40.7638,-73.9588,0
40.7181,-74.0089,0
40.7983,-73.9337,-1
40.6729,-73.9799,0
40.6735,-73.986,0
40.7247,-73.9986,0
40.7402,-73.9821,0
40.737,-74.0087,0
40.6625,-73.9456,-1
40.7829,-73.9556,0
40.6634,-73.9878,0
40.7254,-74.0001,0
40.7134,-73.9404,1
40.7461,-73.9786,0
40.7292,-74.0449,-1
40.7759,-73.9561,0
40.732,-73.9902,0
40.6947,-73.9965,0
40.7201,-73.9989,0
40.7081,-73.9566,1
40.7677,-73.9561,0
40.7652,-73.9616,0
40.7589,-73.9835,0
40.7221,-73.9985,0
40.7336,-73.9901,0
40.8049,-73.9545,-1
40.7503,-74.0347,-1
40.7219,-74.0042,0
40.7476,-73.9748,0
40.7525,-73.9837,0
40.8029,-73.9446,-1
40.7367,-73.9847,0
40.7643,-73.9634,0
40.6754,-73.9707,0
40.7734,-74.0155,-1
40.788,-73.9758,0
40.7354,-73.9939,0
40.7394,-74.0054,0
40.7199,-74.008,0
40.7658,-73.9646,0
40.6886,-73.9847,0
40.8091,-73.9656,-1
40.7449,-73.9783,0
40.7648,-73.9643,0
40.7233,-73.9956,0
40.7161,-74.0069,0
40.7268,-73.989,0
40.7521,-73.9855,0
40.7167,-73.9514,1
40.6762,-73.9977,0
40.7399,-73.9794,0
40.6921,-73.9547,0
40.727,-73.9888,0
40.7414,-73.9896,0
40.6859,-73.9633,0
40.6869,-73.9907,0
40.7458,-73.9956,0
40.7415,-73.9935,0
40.7424,-73.9993,0
40.7281,-73.988,0
40.7558,-74.0018,0
40.7543,-73.9869,0
40.7311,-73.9757,0
40.7402,-74.0078,0
40.7925,-73.9172,-1
40.7198,-74.0102,0
40.7431,-73.9891,0
40.7415,-73.9952,0
40.716,-74.0153,0
40.7503,-74.0024,0
40.7857,-73.9802,0
40.7742,-73.8727,2
40.656,-73.9737,-1
40.7184,-73.988,0
40.6826,-73.9905,0
40.7448,-73.9839,0
40.7141,-73.9551,1
40.6628,-73.9432,-1
40.6808,-73.9748,0
40.783,-73.9551,0
40.7562,-73.9942,0
40.7831,-73.9746,0
40.7263,-74.0025,0
40.7686,-73.8626,2
40.746,-73.9518,-1
40.703,-73.9943,0
40.6841,-73.9503,-1
40.7584,-73.9626,0
40.7286,-74.0017,0
40.7627,-73.9785,0
40.6879,-73.9933,0
40.7515,-74.0237,-1
40.7501,-73.9944,0
40.7691,-73.9671,0
40.763,-73.974,0
40.7601,-73.9664,0
40.7704,-73.8651,2
40.7662,-73.9776,0
40.7738,-73.8717,2
40.7206,-73.989,0
40.738,-74.0001,0
40.7642,-73.9786,0
40.6736,-73.9605,0
40.7097,-74.0149,0
40.739,-73.9892,0
40.7853,-73.9768,0
40.7217,-74.0024,0
40.7772,-73.9752,0
40.7441,-73.982,0
40.7457,-73.9908,0
40.7315,-74.0079,0
40.75,-73.9951,0
40.7685,-73.9625,0
40.6218,-74.0145,-1
40.7331,-73.9754,0
40.7662,-73.9639,0
40.7241,-74.0048,0
40.7643,-73.9958,0
40.7355,-74.0042,0
40.7151,-74.0123,0
40.7481,-73.9857,0
40.7423,-73.9908,0
40.742,-74.0037,0
40.762,-73.979,0
40.7569,-73.9863,0
40.7445,-73.9853,0
40.7152,-74.0094,0
40.8166,-73.9606,-1
40.7369,-74.0529,-1
40.802,-73.9683,0
40.7642,-73.9747,0
40.7212,-73.9809,0
40.6861,-73.9909,0
40.713,-73.9576,1
40.6804,-73.9761,0
40.7795,-73.9477,0
40.7401,-74.0075,0
40.7714,-73.964,0
40.6707,-73.9894,0
40.7422,-73.9969,0
40.7474,-73.9552,-1
40.7915,-73.9387,-1
40.7759,-73.9568,0
40.7202,-73.9992,0
40.7368,-73.9889,0
40.7492,-73.9819,0
40.7753,-73.9903,0
40.6838,-74.0015,0
40.7573,-73.9704,0
40.7577,-74.0008,0
40.7497,-73.9773,0
40.7243,-74.0054,0
40.7077,-74.0097,0
40.7644,-73.9696,0
40.7035,-74.0143,0
40.7415,-73.9541,-1
40.789,-73.9803,0
40.663,-73.984,0
40.7265,-74.009,0
40.759,-73.9884,0
40.7228,-73.993,0
40.7579,-73.9818,0
40.7259,-74.0011,0
40.7004,-73.9292,-1
40.7271,-74.0029,0
40.6674,-73.9372,-1
40.718,-73.9549,1
40.7191,-73.9915,0
40.713,-73.9413,1
40.7524,-73.9685,0
40.7359,-74.0296,-1
40.745,-73.9757,0
40.7311,-73.8607,-1
40.7751,-73.9842,0
40.7942,-73.9664,0
40.6718,-73.9636,0
40.74,-74.006,0
40.7563,-73.9728,0
40.7471,-73.9911,0
40.7637,-73.9715,0
40.8073,-73.9482,-1
40.7489,-73.9801,0
40.7884,-73.9782,0
40.7761,-73.9616,0
40.7678,-73.9958,0
40.7771,-73.9776,0
40.724,-74.0047,0
40.7297,-73.975,0
40.7461,-73.9786,0
40.811,-73.9415,-1
40.7288,-74.0026,0
40.6838,-73.9395,-1
40.7616,-73.9674,0
40.6743,-73.979,0
40.6878,-73.9108,-1
40.7392,-73.9934,0
40.7522,-73.9895,0
40.7759,-73.9586,0
40.7975,-73.9707,0
40.7423,-73.9989,0
40.7405,-73.9863,0
40.7388,-74.0088,0
40.7487,-73.9728,0
40.7538,-73.9698,0
40.7648,-73.9734,0
40.6864,-73.9755,0
40.7586,-73.9746,0
40.7437,-74.0003,0
40.6777,-73.9839,0
40.7459,-73.9943,0
40.7263,-73.9783,0
40.7269,-74.0001,0
40.7575,-73.9865,0
40.7423,-74.0037,0
40.6726,-73.9901,0
40.7373,-73.9944,0
40.715,-74.0065,0
40.7123,-73.9951,0
40.7314,-73.9749,0
40.8437,-73.8357,-1
40.722,-74.0043,0
40.7677,-73.9183,-1
40.7549,-73.9216,-1
40.6829,-73.9648,0
40.7748,-73.9571,0
40.7608,-73.9864,0
40.6453,-73.9633,-1
40.7171,-73.9473,1
40.7894,-73.9791,0
40.7032,-73.994,0
40.737,-73.9827,0
40.7542,-73.9958,0
40.7691,-73.9695,0
40.7983,-74.0663,-1
40.6751,-73.9993,-1
40.7441,-73.9755,0
40.7369,-73.9887,0
40.7085,-73.9485,1
40.734,-74.0044,0
40.8053,-73.9384,-1
40.7211,-73.8511,-1
40.7619,-73.9939,0
40.74,-73.9254,-1
40.6913,-73.9874,0
40.7304,-73.9865,0
40.7214,-73.9604,1
40.7417,-73.9754,0
40.7078,-73.9463,1
40.7635,-73.9852,0
40.7334,-73.9971,0
40.7641,-73.9731,0
40.7395,-73.9828,0
40.7419,-73.9926,0
40.7096,-73.9643,1
40.745,-73.9987,0
40.7462,-74.008,0
40.746,-73.9709,0
40.7545,-73.9637,0
40.7457,-73.9761,0
40.744,-73.9876,0
40.7386,-73.9979,0
40.7437,-73.984,0
40.7339,-74.0008,0
40.673,-73.9598,0
40.7816,-73.9586,0
40.7163,-73.9508,1
40.756,-73.9769,0
40.6896,-73.9924,0
40.7465,-73.9953,0
40.7365,-73.9987,0
40.7224,-73.9993,0
40.7441,-73.9919,0
40.7787,-73.9884,0
40.7774,-73.9486,0
40.7102,-73.9639,1
40.7387,-73.9995,0
40.7409,-73.9993,0
40.7617,-73.9746,0
40.6797,-73.965,0
40.7953,-73.976,0
40.7205,-74.01,0
40.7125,-73.9598,1
40.7453,-73.9906,0
40.689,-73.986,0
40.7497,-73.9779,0
40.695,-73.9518,-1
40.7785,-73.9628,0
40.7225,-73.987,0
40.7358,-74.006,0
40.8047,-73.9478,-1
40.7199,-73.961,1
40.7396,-74.0051,0
40.7306,-73.9953,0
40.7529,-74.004,0
40.7376,-74.0044,0
40.7146,-73.9399,1
40.7799,-73.9586,0
40.7313,-73.9822,0
40.7408,-73.9898,0
40.7184,-74.0104,0
40.7714,-73.9504,0
40.7702,-73.8674,2
40.7362,-73.991,0
40.6702,-73.9832,0
40.7142,-74.0095,0
40.7123,-73.966,1
40.7086,-74.0049,0
40.7824,-73.9467,0
40.7152,-73.9988,0
40.733,-74.0037,0
40.7523,-73.9475,-1
40.6745,-73.9445,-1
40.7236,-74.0034,0
40.7173,-73.9628,1
40.7092,-74.013,0
40.7238,-73.9946,0
40.7183,-74.0018,0
40.7232,-73.9997,0
40.7264,-73.9917,0
40.7234,-74.0103,0
40.688,-73.9627,0
40.7614,-73.9899,0
40.7106,-73.9846,0
40.7454,-73.9715,0
40.7412,-74.0019,0
40.7554,-73.9699,0
40.7728,-73.9584,0
40.7508,-73.9743,0
40.7293,-74.0036,0
40.8073,-73.9421,-1
40.6911,-73.9921,0
40.7233,-73.9884,0
40.7177,-73.9545,1
40.7768,-73.9182,-1
40.7513,-73.9716,0
40.7673,-73.9537,0
40.762,-73.9696,0
40.7611,-74.0296,-1
40.6819,-73.9823,0
40.771,-73.9619,0
40.7543,-73.9653,0
40.721,-74.0042,0
40.7289,-73.9992,0
40.7354,-74.0052,0
40.7488,-73.9802,0
40.776,-73.9554,0
40.7224,-73.9971,0
40.7396,-74.0026,0
40.7284,-73.9997,0
40.759,-73.9593,0
40.7388,-74.0091,0
40.7192,-74.0083,0
40.7207,-74.0411,-1
40.726,-73.9918,0
40.7346,-73.9925,0
40.7231,-73.9951,0
40.7071,-74.0074,0
40.7184,-74.0104,0
40.6741,-73.9684,0
40.7489,-73.9863,0
40.8017,-73.9098,-1
40.7442,-73.9839,0
40.7459,-73.988,0
40.759,-73.9797,0
40.7668,-73.9559,0
40.6966,-73.9831,0
40.7318,-73.9858,0
40.7717,-73.9552,0
40.7567,-73.9825,0
40.7281,-73.9945,0
40.8,-74.0647,-1
40.745,-73.9889,0
40.6856,-73.9693,0
40.6927,-73.9276,-1
40.7214,-73.9882,0
40.793,-73.9749,0
40.7636,-73.9797,0
40.6949,-73.9947,0
40.7618,-73.9753,0
40.6857,-73.9919,0
40.7745,-73.9639,0
40.7103,-73.9845,0
40.7304,-73.9799,0
40.7657,-73.9592,0
40.7291,-73.987,0
40.7563,-73.9701,0
40.6787,-73.9036,-1
40.6755,-73.9802,0
40.7765,-73.9641,0
40.8229,-73.9475,-1
40.7051,-74.0083,0
40.6319,-73.9099,-1
40.7669,-73.9844,0
40.6878,-73.9108,-1
40.7212,-73.9878,0
40.8162,-73.9432,-1
40.6515,-74.0089,-1
40.7259,-73.851,-1
40.7485,-73.99,0
40.7338,-73.9881,0
40.7108,-73.9618,1
40.7214,-73.9929,0
40.757,-73.9716,0
40.7021,-73.9828,0
40.7201,-73.9598,1
40.7623,-73.9704,0
40.737,-74.0098,0
40.72,-74.0084,0
40.7104,-73.9846,0
40.7511,-73.9826,0
40.7215,-74.0001,0
40.7499,-73.9922,0
40.7574,-73.9667,0
40.6429,-73.9777,-1
40.7262,-73.9933,0
40.7766,-73.9081,-1
40.7383,-73.9835,0
40.7561,-73.9746,0
40.7329,-74.0042,0
40.7487,-73.9946,0
40.7626,-73.9733,0
40.7661,-73.9913,0
40.7058,-73.9248,-1
40.675,-73.9767,0
40.7744,-73.9823,0
40.7212,-74.0047,0
40.7943,-73.9664,0
40.676,-73.9715,0
40.6837,-73.9764,0
40.7471,-74.0067,0
40.7137,-73.9987,0
40.7035,-73.9895,0
40.7592,-73.9761,0
40.7626,-73.977,0
40.6948,-73.996,0
40.7105,-73.9847,0
40.7509,-74.0019,0
40.8274,-73.9448,-1
40.7211,-73.9976,0
40.7249,-73.9922,0
40.7397,-73.9964,0
40.6878,-73.9897,0
40.737,-74.0089,0
40.7592,-73.9923,0
40.6804,-73.984,0
40.663,-73.9544,-1
40.7165,-73.9617,1
40.7623,-73.9745,0
40.7674,-73.9842,0
40.7443,-73.9855,0
40.7066,-73.9433,1
40.7783,-73.9745,0
40.7376,-73.9861,0
40.775,-73.9791,0
40.6655,-73.9521,-1
40.7442,-73.9763,0
40.7153,-74.0138,0
40.7096,-74.0116,0
40.6569,-73.8745,-1
40.7329,-73.9925,0
40.737,-73.9847,0
40.6708,-73.9826,0
40.7585,-73.9868,0
40.6604,-73.9837,0
40.6731,-73.9682,0
40.7227,-73.945,1
40.698,-73.8664,-1
40.7071,-74.0052,0
40.7509,-73.9876,0
40.7276,-74.0082,0
40.7938,-73.9744,0
40.7649,-73.9645,0
40.7684,-73.9603,0
40.7708,-73.9478,0
40.6916,-73.9873,0
40.7364,-73.9893,0
40.747,-73.9838,0
40.752,-73.9952,0
40.7213,-73.9925,0
40.6872,-73.9744,0
40.7414,-73.9897,0
40.7413,-73.9928,0
40.7739,-73.9565,0
40.6243,-73.9353,-1
40.7084,-74.0068,0
40.676,-73.9487,-1
40.7536,-73.9776,0
40.6722,-74.0114,-1
40.7021,-73.9896,0
40.7179,-73.9971,0
40.7663,-73.9869,0
40.6985,-73.9004,-1
40.7218,-74.0051,0
40.6762,-73.9758,0
40.7334,-73.9766,0
40.7642,-73.9739,0
40.7588,-73.9941,0
40.6613,-73.9322,-1
40.7535,-73.9962,0
40.7592,-73.9944,0
40.6416,-74.0227,-1
40.7581,-73.9929,0
40.7418,-73.9823,0
40.7243,-74.0094,0
40.7079,-74.0118,0
40.7822,-73.9722,0
40.7448,-73.9951,0
40.8042,-73.9629,-1
40.726,-74.0012,0
40.6855,-73.9693,0
40.7626,-73.9822,0
40.7469,-73.9905,0
40.7204,-73.9965,0
40.7197,-73.8467,-1
40.8021,-73.9615,-1
40.7152,-73.9774,0
40.7272,-73.9789,0
40.7225,-73.9982,0
40.7638,-73.9562,0
40.7239,-73.9922,0
40.7188,-73.9833,0
40.7019,-73.9299,-1
40.7569,-74.0011,0
40.7238,-73.9982,0
40.7348,-73.9863,0
40.6707,-73.9496,-1
40.7419,-73.9759,0
40.692,-73.9843,0
40.6977,-73.9939,0
40.7284,-73.989,0
40.7648,-73.9794,0
40.7215,-73.9822,0
40.78,-73.9608,0
40.698,-73.8665,-1
40.7595,-73.9853,0
40.7441,-73.9741,0
40.6852,-73.9945,0
40.7623,-73.9141,-1
40.7234,-73.9123,-1
40.7111,-74.009,0
40.6802,-73.9555,0
40.7748,-73.991,0
40.7459,-73.9118,-1
40.7742,-73.9631,0
40.7618,-73.9864,0
40.7328,-73.9976,0
40.739,-73.9931,0
40.7682,-73.9893,0
40.782,-73.9478,0
40.7268,-73.9907,0
40.7214,-73.9922,0
40.7454,-73.9987,0
40.7629,-73.9782,0
40.779,-73.9622,0
40.6856,-74.0025,0
40.7074,-74.0072,0
40.7617,-73.9922,0
40.7375,-73.9799,0
40.7217,-73.9848,0
40.7028,-73.9442,1
40.7374,-73.9873,0
40.7932,-73.9183,-1
40.66,-73.9836,0
40.7561,-73.9746,0
40.7574,-74.001,0
40.7443,-73.9804,0
40.7273,-73.9919,0
40.7246,-73.9925,0
40.7271,-73.9786,0
40.7075,-74.0077,0
40.7348,-74.008,0
40.6723,-73.9856,0
40.7741,-73.8728,2
40.7037,-73.9257,-1
40.8432,-73.939,-1
40.7507,-73.9818,0
40.7188,-73.9871,0
40.7641,-73.9787,0
40.7266,-73.9831,0
40.6971,-73.996,0
40.684,-73.9951,0
40.662,-73.9928,-1
40.6733,-73.8337,-1
40.702,-74.0097,0
40.6992,-73.9922,0
40.7301,-74.0069,0
40.7357,-74.0078,0
40.7207,-73.9973,0
40.7719,-73.9613,0
40.7544,-73.9928,0
40.7529,-73.9677,0
40.7665,-73.9684,0
40.7286,-73.984,0
40.7646,-73.9717,0
40.7572,-74.001,0
40.7253,-73.9988,0
40.7269,-73.9965,0
40.7859,-73.9768,0
40.83,-73.9434,-1
40.7043,-74.0123,0
40.7651,-73.9906,0
40.7621,-73.9659,0
40.6786,-73.9719,0
40.7543,-74.0258,-1
40.6798,-73.9983,0
40.7685,-73.8628,2
40.7658,-73.9698,0
40.7437,-73.9772,0
40.7093,-73.9513,1
40.7269,-73.9782,0
40.7189,-73.9889,0
40.6937,-73.9445,-1
40.8347,-73.9426,-1
40.7126,-73.9944,0
40.6786,-73.9777,0
40.7097,-73.9587,1
40.7758,-73.9568,0
40.7551,-73.973,0
40.6715,-73.9823,0
40.7637,-73.975,0
40.7047,-73.9445,1
40.7144,-74.0134,0
40.7472,-73.9086,-1
40.689,-73.9573,0
40.7267,-73.9398,-1
40.7015,-73.9851,0
40.7198,-74.0003,0
40.7206,-73.9592,1
40.6749,-74.0158,-1
40.7323,-73.9963,0
40.6869,-73.9909,0
40.7645,-73.9798,0
40.7189,-73.9845,0
40.731,-73.9758,0
40.7283,-73.9814,0
40.7525,-73.9806,0
40.7022,-73.9828,0
40.7587,-73.9892,0
40.7437,-73.9773,0
40.7673,-73.984,0
40.7789,-73.9863,0
40.7753,-73.9556,0
40.7656,-73.9759,0
40.6755,-73.9403,-1
40.7421,-74.0081,0
40.6788,-73.9976,0
40.7601,-73.917,-1
40.7133,-74.0044,0
40.7749,-73.9586,0
40.7142,-73.9956,0
40.7196,-73.8468,-1
40.7703,-73.9513,0
40.6849,-73.9168,-1
40.6886,-73.9427,-1
40.7077,-74.0083,0
40.7192,-73.985,0
40.7367,-73.9801,0
40.7552,-73.9683,0
40.7331,-73.9946,0
40.7113,-74.0002,0
40.7772,-73.9431,0
40.7203,-74.0037,0
40.655,-73.9575,-1
40.7592,-73.9786,0
40.765,-73.9174,-1
40.7406,-74.0019,0
40.7324,-73.9892,0
40.6881,-73.9841,0
40.7691,-73.9811,0
40.7204,-73.9617,1
40.7525,-74.004,0
40.7476,-74.0061,0
40.7136,-73.9978,0
40.7561,-73.9727,0
40.6876,-73.9995,0
40.8001,-73.9546,-1
40.6745,-73.9973,0
40.767,-73.9217,-1
40.8061,-73.9541,-1
40.7729,-73.9559,0
40.7099,-73.9669,1
40.7699,-73.9568,0
40.7371,-74.0019,0
40.7562,-74.0017,0
40.8049,-73.9525,-1
40.7745,-73.9809,0
40.6897,-73.9514,-1
40.6889,-73.9392,-1
40.7571,-74.001,0
40.6909,-73.9356,-1
40.7585,-74.0,0
40.7521,-73.995,0
40.6923,-73.9727,0
40.7796,-73.984,0
40.6772,-73.9619,0
40.6514,-73.9709,-1
40.7346,-74.0442,-1
40.726,-73.9982,0
40.7347,-74.0,0
40.7659,-73.9889,0
40.7732,-73.9805,0
40.7629,-73.9714,0
40.7763,-73.958,0
40.7273,-73.9919,0
40.77,-73.8646,2
40.7408,-73.9918,0
40.7425,-73.9825,0
40.7685,-73.9678,0
40.7215,-74.0023,0
40.6901,-73.9682,0
40.7101,-73.9639,1
40.7322,-74.0359,-1
40.7141,-74.0094,0
40.6877,-73.9869,0
40.7032,-73.9942,0
40.7678,-73.9915,0
40.7139,-73.9494,1
40.7424,-73.9869,0
40.793,-73.9711,0
40.7081,-74.0064,0
40.7587,-73.9771,0
40.7273,-73.99,0
40.7498,-73.9937,0
40.7417,-73.9781,0
40.7753,-73.9829,0
40.7603,-73.9656,0
40.7193,-73.9888,0
40.7406,-73.9903,0
40.7649,-73.9703,0
40.8329,-73.9438,-1
40.6691,-73.915,-1
40.7196,-74.0366,-1
40.7511,-73.9943,0
40.7596,-73.9855,0
40.8308,-73.9269,-1
40.687,-73.9676,0
40.7368,-73.9867,0
40.7358,-73.9938,0
40.7167,-73.9588,1
40.7246,-73.9936,0
40.7489,-74.0033,0
40.7097,-73.967,1
40.7189,-73.9545,1
40.7383,-73.9856,0
40.7519,-74.0011,0
40.7158,-73.9864,0
40.7643,-73.9169,-1
40.6848,-73.9632,0
40.702,-73.9953,0
40.6632,-73.9847,0
40.7267,-73.9851,0
40.7208,-73.959,1
40.7285,-73.9571,1
40.7253,-73.9991,0
40.725,-73.9993,0
40.7703,-73.982,0
40.7519,-73.9987,0
40.7517,-73.9822,0
40.7733,-73.8903,-1
40.7707,-73.9683,0
40.8056,-73.968,-1
40.7156,-73.9623,1
40.7228,-73.9884,0
40.7257,-73.9417,1
40.7427,-73.9943,0
40.7427,-73.9943,0
40.7409,-73.9994,0
40.7409,-73.9994,0
40.7385,-73.9898,0
40.7553,-73.9713,0
40.7112,-73.9673,1
40.705,-74.0072,0
40.7633,-73.8761,-1
40.7345,-73.9979,0
40.7184,-74.0025,0
40.7332,-73.9899,0
40.738,-73.9825,0
40.6976,-73.9934,0
40.6703,-73.9786,0
40.7427,-74.037,-1
40.6828,-73.9409,-1
40.776,-73.9205,-1
40.6708,-73.9862,0
40.7524,-73.9824,0
40.723,-74.0908,-1
40.7393,-73.9884,0
40.7391,-73.9944,0
40.7619,-73.9929,0
40.7625,-73.963,0
40.7866,-73.9721,0
40.7478,-73.9885,0
40.7554,-73.9717,0
40.6911,-73.9076,-1
40.7201,-73.962,1
40.6841,-73.9794,0
40.771,-73.9575,0
40.7688,-73.9707,0
40.7642,-73.9885,0
40.7619,-73.9662,0
40.6658,-73.9924,-1
40.6885,-73.9636,0
40.7021,-73.8798,-1
40.7525,-73.9915,0
40.67,-73.9355,-1
40.7452,-74.0594,-1
40.6886,-73.9611,0
40.6723,-73.965,0
40.774,-73.8717,2
40.6881,-73.9719,0
40.7202,-73.979,0
40.7242,-73.9909,0
40.7754,-73.9639,0
40.7705,-73.8671,2
40.7745,-73.9771,0
40.7597,-73.9818,0
40.7303,-73.9935,0
40.7303,-74.0067,0
40.7147,-73.9639,1
40.6631,-73.9504,-1
40.7921,-73.924,-1
40.7241,-73.9988,0
40.7078,-74.0061,0
40.7421,-73.9773,0
40.698,-73.985,0
40.6789,-74.0067,-1
40.7265,-73.9938,0
40.7101,-73.9634,1
40.7664,-73.9526,0
40.8058,-73.9644,-1
40.6589,-73.9817,-1
40.6502,-74.014,-1
40.7309,-73.9783,0
40.7465,-73.9179,-1
40.7121,-74.0101,0
40.7617,-73.9848,0
40.7194,-73.9887,0
40.6873,-73.9736,0
40.7641,-73.9641,0
40.7763,-73.9459,0
40.6755,-73.963,0
40.7466,-73.9896,0
40.7466,-73.9896,0
40.7616,-73.9895,0
40.7348,-73.9799,0
40.729,-74.0049,0
40.7293,-74.0037,0
40.7304,-73.9593,1
40.7545,-73.9765,0
40.7165,-73.9617,1
40.7189,-73.9926,0
40.6938,-73.9926,0
40.7676,-73.9685,0
40.7818,-73.983,0
40.7707,-73.9628,0
40.741,-74.0074,0
40.7199,-74.0003,0
40.7198,-74.0015,0
40.6944,-73.9561,0
40.7482,-73.9913,0
40.7782,-73.9769,0
40.7874,-73.954,0
40.8029,-73.9677,-1
40.6946,-73.9923,0
40.6848,-73.9303,-1
40.7248,-73.9948,0
40.6823,-73.9934,0
40.7276,-73.9853,0
40.6574,-73.9223,-1
40.7594,-73.952,0
40.726,-73.9928,0
40.6568,-73.9621,-1
40.7197,-73.9923,0
40.77,-73.9615,0
40.6816,-73.9574,0
40.7427,-73.9961,0
40.7543,-73.8814,-1
40.7242,-73.9425,1
40.7839,-73.9799,0
40.7422,-73.9293,-1
40.7201,-73.9952,0
40.7518,-74.0235,-1
40.6903,-73.9941,0
40.7198,-73.9877,0
40.7606,-73.9703,0
40.7648,-73.9705,0
40.7532,-73.9937,0
40.6828,-73.9345,-1
40.7598,-73.9782,0
40.7625,-73.9688,0
40.8056,-73.9381,-1
40.6941,-73.9392,-1
40.7206,-74.0108,0
40.6749,-73.9632,0
40.7696,-73.9243,-1
40.7562,-73.9789,0
40.7705,-73.9666,0
40.8231,-73.9506,-1
40.6716,-73.9719,0
40.6804,-73.969,0
40.6876,-73.9688,0
40.695,-73.9833,0
40.7255,-73.9931,0
40.7924,-73.9262,-1
40.6817,-73.9514,-1
40.7409,-73.9877,0
40.7218,-74.0031,0
40.7004,-73.9169,-1
40.7201,-73.994,0
40.7463,-74.0051,0
40.7322,-73.9802,0
40.7681,-73.9823,0
40.7382,-73.99,0
40.6701,-73.9722,0
40.741,-73.9943,0
40.7785,-73.9549,0
40.7475,-74.0028,0
40.7878,-73.9712,0
40.6871,-73.9913,0
40.7225,-73.9875,0
40.7922,-73.9265,-1
40.7621,-73.9789,0
40.6887,-73.9854,0
40.7923,-73.9261,-1
40.7561,-73.8814,-1
40.7359,-73.9749,0
40.7565,-73.9266,-1
40.7656,-73.9631,0
40.6878,-73.9698,0
40.7272,-74.0002,0
40.7676,-73.8989,-1
40.7467,-73.9957,0
40.689,-73.968,0
40.7313,-73.9755,0
40.7752,-73.9635,0
40.7594,-73.9798,0
40.7454,-74.0046,0
40.7439,-73.9991,0
40.7654,-73.9193,-1
40.7384,-73.9835,0
40.7154,-74.0114,0
40.776,-73.9593,0
40.7676,-73.9705,0
40.6853,-73.9252,-1
40.7635,-73.9718,0
40.7275,-74.0079,0
40.7472,-73.9912,0
40.7355,-73.9946,0
40.7093,-74.0052,0
40.7167,-74.0147,0
40.8137,-73.9294,-1
40.7081,-74.0143,0
40.7503,-73.9833,0
40.7219,-74.0028,0
40.6925,-73.9485,-1
40.7846,-73.9735,0
40.8,-73.947,-1
40.7924,-73.9261,-1
40.7336,-73.9859,0
40.7281,-73.9791,0
40.7374,-74.0039,0
40.718,-73.958,1
40.7516,-74.0016,0
40.6696,-73.9791,0
40.7637,-73.9721,0
40.6515,-73.965,-1
40.7427,-73.9944,0
40.7434,-73.9861,0
40.6921,-73.9454,-1
40.7656,-73.9722,0
40.754,-73.9665,0
40.7326,-73.9969,0
40.7631,-73.974,0
40.7546,-73.8724,-1
40.7675,-73.8987,-1
40.7419,-73.9903,0
40.7103,-73.9641,1
40.7214,-74.0018,0
40.696,-73.9761,0
40.7385,-73.9863,0
40.7537,-73.9695,0
40.7709,-73.8659,2
40.782,-73.9827,0
40.7724,-73.9558,0
40.7234,-73.9959,0
40.7846,-73.9458,0
40.6745,-74.0168,-1
40.762,-73.9743,0
40.6774,-73.8758,-1
40.8116,-73.9448,-1
40.7107,-74.0174,0
40.7736,-73.9578,0
40.7349,-74.003,0
40.6889,-73.9531,0
40.6889,-73.9531,0
40.726,-73.9922,0
40.7093,-73.8694,-1
40.7215,-73.9604,1
40.7628,-73.977,0
40.7766,-73.9762,0
40.8417,-73.9422,-1
40.7304,-73.9929,0
40.6517,-73.9402,-1
40.7278,-73.9511,1
40.7392,-74.0009,0
40.7279,-74.0023,0
40.6914,-73.9254,-1
40.7903,-73.9658,0
40.6897,-73.9723,0
40.7162,-74.0044,0
40.7539,-73.987,0
40.7515,-73.994,0
40.7158,-73.9446,1
40.7398,-74.006,0
40.7269,-73.9955,0
40.7297,-74.0071,0
40.7268,-73.9917,0
40.7386,-73.9899,0
40.748,-73.9891,0
40.7274,-73.9885,0
40.7274,-73.9885,0
40.6754,-73.9622,0
40.7701,-73.9603,0
40.7741,-73.9629,0
40.764,-73.988,0
40.7192,-73.949,1
40.719,-74.0022,0
40.7194,-73.9963,0
40.7358,-73.9875,0
40.7641,-73.9737,0
40.7254,-74.0022,0
40.7149,-73.9775,0
40.68,-73.9747,0
40.7423,-73.9779,0
40.7682,-73.9688,0
40.6925,-73.9348,-1
40.7505,-74.003,0
40.7505,-74.003,0
40.8032,-73.9362,-1
40.721,-73.9951,0
40.6753,-74.017,-1
40.6822,-73.9468,-1
40.7487,-74.0036,0
40.734,-74.0045,0
40.7781,-73.9745,0
40.7248,-73.9986,0
40.7421,-74.0039,0
40.7393,-73.9954,0
40.7437,-73.9716,0
40.7634,-73.9772,0
40.7214,-73.9576,1
40.774,-73.8724,2
40.6637,-73.963,-1
40.7403,-73.9807,0
40.7403,-73.9807,0
40.6761,-74.0144,-1
40.7259,-74.0028,0
40.7577,-73.9932,0
40.7374,-73.9872,0
40.7215,-74.0365,-1
40.7591,-73.9643,0
40.6655,-73.9368,-1
40.7886,-73.9691,0
40.7067,-73.9117,-1
40.662,-73.979,0
40.6748,-73.9976,0
40.7226,-73.9916,0
40.7641,-73.9732,0
40.6936,-73.9669,0
40.7115,-73.9967,0
40.751,-73.991,0
40.6892,-73.9095,-1
40.7766,-73.9813,0
40.725,-74.0015,0
40.6879,-73.9178,-1
40.7564,-73.9885,0
40.756,-73.9703,0
40.7244,-74.0022,0
40.7512,-74.0047,0
40.7235,-73.9831,0
40.7561,-73.979,0
40.7717,-73.949,0
40.7665,-73.9686,0
40.692,-73.9976,0
40.7267,-73.8489,-1
40.7253,-73.8395,-1
40.7163,-73.9662,1
40.7678,-73.9621,0
40.7692,-73.8656,2
40.7648,-73.9705,0
40.7472,-73.9469,-1
40.7458,-74.0052,0
40.771,-73.9674,0
40.7218,-73.958,1
40.7463,-73.993,0
40.773,-73.9553,0
40.6728,-73.9571,-1
40.7149,-74.0114,0
40.7724,-73.9819,0
40.7416,-73.9936,0
40.6846,-73.9452,-1
40.6747,-74.016,-1
40.7711,-73.866,2
40.6719,-73.9591,-1
40.7738,-73.9644,0
40.6607,-73.9793,0
40.6898,-73.939,-1
40.7449,-74.0061,0
40.7715,-73.9643,0
40.6982,-73.9953,0
40.7251,-73.994,0
40.7677,-73.9591,0
40.72,-73.9893,0
40.72,-73.9893,0
40.7425,-74.0028,0
40.659,-73.9569,-1
40.7381,-73.9869,0
40.7679,-73.9683,0
40.6781,-73.9539,-1
40.7322,-73.9913,0
40.7809,-73.9482,0
40.7267,-73.9943,0
40.7269,-73.9572,1
40.7321,-73.9913,0
40.7236,-73.9474,1
40.7771,-73.9615,0
40.7238,-74.0035,0
40.7674,-73.9354,-1
40.7338,-73.9883,0
40.7523,-73.9858,0
40.7452,-73.9942,0
40.7452,-73.9942,0
40.732,-74.0077,0
40.7208,-73.9977,0
40.6715,-73.9567,-1
40.7265,-74.009,0
40.7146,-73.9971,0
40.7645,-73.9797,0
40.7309,-74.0103,0
40.7556,-73.9702,0
40.7553,-73.9722,0
40.7057,-73.9334,-1
40.7274,-74.0055,0
40.752,-73.9929,0
40.765,-73.9782,0
40.7559,-73.974,0
40.7558,-73.9983,0
40.7697,-73.9576,0
40.7506,-73.98,0
40.7249,-73.9991,0
40.7665,-73.9686,0
40.7111,-73.9606,1
40.7187,-73.9862,0
40.7409,-73.9816,0
40.7322,-74.0077,0
40.7425,-73.9774,0
40.7313,-73.9921,0
40.7893,-73.9267,-1
40.6733,-73.9486,-1
40.684,-73.976,0
40.7652,-73.9723,0
40.7468,-73.9905,0
40.7064,-74.0166,0
40.7447,-73.9565,-1
40.7579,-73.9618,0
40.6667,-73.9758,0
40.7358,-73.9817,0
40.6968,-73.9831,0
40.75,-73.9918,0
40.7456,-73.9909,0
40.7506,-73.9831,0
40.751,-73.9941,0
40.7365,-73.9889,0
40.6935,-73.98,0
40.6336,-74.0271,-1
40.7627,-73.9654,0
40.7235,-74.0077,0
40.7212,-73.9937,0
40.8563,-73.886,-1
40.7343,-73.9801,0
40.7652,-73.9764,0
40.7562,-73.973,0
40.741,-73.988,0
40.7171,-74.0046,0
40.7038,-74.0131,0
40.7252,-74.0032,0
40.7381,-74.0085,0
40.7349,-73.9969,0
40.7113,-73.9481,1
40.7914,-73.9386,-1
40.7665,-73.9784,0
40.7404,-73.9946,0
40.6925,-73.9216,-1
40.7519,-73.9769,0
40.6854,-73.9383,-1
40.7493,-73.9924,0
40.6337,-74.0269,-1
40.7301,-74.0022,0
40.6879,-73.9698,0
40.685,-73.964,0
40.7301,-73.9756,0
40.6854,-73.9385,-1
40.7144,-73.9656,1
40.7381,-74.0094,0
40.7532,-73.9964,0
40.6824,-73.9636,0
40.7718,-73.9825,0
40.6939,-73.906,-1
40.6844,-73.9845,0
40.6844,-73.9591,0
40.6722,-73.9401,-1
40.71,-74.0147,0
40.7634,-73.9809,0
40.7441,-73.9818,0
40.6656,-73.9805,0
40.7175,-73.9648,1
40.7066,-74.0156,0
40.7251,-73.9993,0
40.6537,-73.9807,-1
40.775,-73.9549,0
40.7251,-74.0355,-1
40.7433,-73.9742,0
40.7274,-74.0341,-1
40.7468,-73.9227,-1
40.7236,-74.0027,0
40.7831,-73.9843,0
40.7597,-73.9761,0
40.7307,-73.9578,1
40.7285,-74.0036,0
40.72,-73.9943,0
40.7794,-73.9556,0
40.7217,-73.9995,0
40.7219,-73.9987,0
40.657,-73.9524,-1
40.6934,-73.9839,0
40.6905,-73.99,0
40.6869,-73.9252,-1
40.6869,-73.9252,-1
40.7833,-73.9591,0
40.7353,-73.9937,0
40.7624,-73.9768,0
40.6917,-73.9354,-1
40.7113,-73.949,1
40.7563,-73.9905,0
40.7398,-73.989,0
40.678,-73.9589,0
40.7578,-73.9736,0
40.7183,-73.9958,0
40.7632,-73.9806,0
40.7669,-73.9846,0
40.688,-73.9616,0
40.7697,-73.9681,0
40.7268,-74.0028,0
40.6784,-73.9677,0
40.7175,-73.9904,0
40.7179,-73.994,0
40.7614,-73.9867,0
40.7592,-73.9752,0
40.7306,-73.9927,0
40.7621,-73.9582,0
40.7693,-73.9596,0
40.763,-73.974,0
40.7358,-73.9972,0
40.757,-73.9678,0
40.7628,-73.9834,0
40.7452,-73.9942,0
40.7496,-74.0068,0
40.7362,-74.0291,-1
40.7273,-73.9918,0
40.6855,-73.9185,-1
40.6891,-73.9213,-1
40.7645,-73.9959,0
40.7645,-73.9959,0
40.7251,-74.003,0
40.7451,-73.9871,0
40.7064,-74.0091,0
40.7189,-74.0109,0
40.7451,-73.9941,0
40.767,-73.9843,0
40.7178,-73.9449,1
40.6811,-73.9744,0
40.6301,-74.0252,-1
40.774,-73.9587,0
40.759,-73.9764,0
40.7414,-73.9897,0
40.6971,-73.9352,-1
40.6971,-73.9352,-1
40.739,-73.9891,0
40.747,-73.981,0
40.7634,-73.8309,-1
40.7421,-73.9535,-1
40.7421,-73.9535,-1
40.7228,-73.999,0
40.7346,-73.9999,0
40.6596,-73.989,-1
40.7384,-73.9974,0
40.6726,-73.9629,0
40.6726,-73.9629,0
40.7191,-73.9586,1
40.714,-73.9618,1
40.7223,-73.984,0
40.6756,-74.0149,-1
40.7642,-73.9783,0
40.6914,-73.9054,-1
40.7635,-73.922,-1
40.7121,-73.9629,1
40.7616,-73.975,0
40.7202,-73.9977,0
40.7077,-74.0146,0
40.6889,-73.9739,0
40.6581,-73.9605,-1
40.7567,-73.9688,0
40.7313,-73.9968,0
40.7549,-73.9879,0
40.7549,-73.9879,0
40.7739,-73.8716,2
40.7471,-73.9897,0
40.6896,-73.9661,0
40.7268,-73.9982,0
40.7204,-74.006,0
40.7769,-73.9617,0
40.7203,-73.9963,0
40.7803,-73.9794,0
40.8527,-73.8437,-1
40.7613,-73.9866,0
40.6674,-73.9551,-1
40.6696,-73.9927,-1
40.6358,-73.951,-1
40.722,-73.9851,0
40.7096,-73.9486,1
40.728,-73.9898,0
40.7397,-73.9891,0
40.7673,-73.9708,0
40.7696,-73.9508,0
40.6728,-73.9753,0
40.852,-73.9334,-1
40.734,-73.9773,0
40.74,-73.9949,0
40.7219,-74.0042,0
40.7878,-73.9534,0
40.7238,-73.9926,0
40.7801,-73.9751,0
40.7026,-73.9935,0
40.7145,-74.0359,-1
40.7593,-73.9723,0
40.6783,-73.9501,-1
40.7407,-73.9903,0
40.745,-73.9764,0
40.7442,-73.9877,0
40.6778,-73.9777,0
40.7245,-73.9998,0
40.7085,-73.9484,1
40.7747,-73.9611,0
40.7619,-73.9682,0
40.7055,-73.9333,-1
40.6718,-73.9727,0
40.6834,-73.9954,0
40.6752,-73.9774,0
40.7706,-73.9878,0
40.6721,-74.0113,-1
40.7371,-73.9848,0
40.7372,-74.0038,0
40.6721,-73.9649,0
40.7037,-73.9846,0
40.7037,-73.9846,0
40.7256,-73.9839,0
40.7926,-73.9192,-1
40.7926,-73.9192,-1
40.7254,-74.0001,0
40.6527,-73.9782,-1
40.7848,-73.9763,0
40.7199,-73.9622,1
40.7543,-73.9693,0
40.7542,-73.9691,0
40.7604,-73.915,-1
40.7604,-73.915,-1
40.7684,-73.9891,0
40.6946,-73.9436,-1
40.7216,-74.0045,0
40.7632,-73.9167,-1
40.7324,-73.9931,0
40.7206,-73.9853,0
40.72,-73.9843,0
40.6972,-73.8664,-1
40.7276,-73.9794,0
40.7276,-73.9794,0
40.6798,-73.9971,0
40.7218,-73.9972,0
40.692,-73.9789,0
40.6565,-74.0033,-1
40.6846,-73.9643,0
40.7619,-73.9735,0
40.7448,-73.9809,0
40.7116,-74.0158,0
40.725,-73.9811,0
40.7933,-73.9231,-1
40.7583,-73.9922,0
40.8146,-73.9493,-1
40.7081,-74.0079,0
40.7267,-73.9504,1
40.6631,-73.9848,0
40.7605,-73.9934,0
40.7789,-73.9501,0
40.7464,-73.9838,0
40.6591,-73.9244,-1
40.674,-73.9557,-1
40.7591,-73.9884,0
40.7458,-73.9721,0
40.6876,-73.9925,0
40.7915,-73.9741,0
40.672,-74.0119,-1
40.7856,-73.9727,0
40.7162,-74.0127,0
40.6796,-73.9803,0
40.7517,-73.9917,0
40.7515,-73.9751,0
40.7399,-73.9815,0
40.7566,-73.9999,0
40.6733,-73.9731,0
40.7246,-73.9983,0
40.7416,-73.9853,0
40.6721,-73.9838,0
40.7049,-74.0167,0
40.7263,-73.9984,0
40.6908,-73.9962,0
40.7721,-73.9501,0
40.7257,-74.0055,0
40.7618,-73.9659,0
40.6832,-74.0043,0
40.726,-74.0028,0
40.7191,-73.9878,0
40.7589,-73.9781,0
40.7601,-73.9808,0
40.7409,-73.9898,0
40.858,-73.8855,-1
40.7265,-74.0023,0
40.7265,-74.0023,0
40.7211,-73.9588,1
40.7211,-73.9588,1
40.7547,-73.972,0
40.6714,-73.9734,0
40.6909,-73.9968,0
40.7465,-73.9921,0
40.7221,-73.9837,0
40.7561,-73.9783,0
40.8211,-73.9099,-1
40.7879,-74.0037,-1
40.7494,-73.9922,0
40.7547,-73.9802,0
40.6611,-73.9603,-1
40.7228,-74.0104,0
40.759,-73.9854,0
40.7615,-73.9685,0
40.7616,-73.9666,0
40.6964,-73.9972,0
40.7363,-73.9871,0
40.7566,-74.0015,0
40.8011,-73.9399,-1
40.7556,-73.9195,-1
40.7421,-74.0046,0
40.7579,-73.9234,-1
40.7679,-73.9917,0
40.7107,-73.9876,0
40.6833,-73.9775,0
40.6871,-73.9901,0
40.7606,-73.9779,0
40.766,-73.9605,0
40.7503,-73.9748,0
40.7242,-73.983,0
40.7774,-73.9072,-1
40.7163,-73.9663,1
40.7081,-74.006,0
40.7047,-74.0146,0
40.711,-74.0058,0
40.7137,-73.9797,0
40.7338,-74.0013,0
40.7931,-73.9221,-1
40.7291,-74.0052,0
40.6646,-73.9529,-1
40.7291,-73.987,0
40.7575,-73.9993,0
40.664,-73.9611,-1
40.7643,-73.9772,0
40.7353,-74.0098,0
40.7001,-73.9871,0
40.748,-74.0039,0
40.719,-74.0047,0
40.7411,-73.9878,0
40.7717,-73.8775,2
40.7013,-73.9367,-1
40.7181,-73.9444,1
40.7444,-73.9991,0
40.7685,-73.8624,2
40.6594,-73.9247,-1
40.7253,-73.9841,0
40.726,-74.0642,-1
40.7707,-73.9546,0
40.7604,-73.9601,0
40.7678,-73.9915,0
40.7648,-73.9824,0
40.7664,-73.9774,0
40.7614,-74.0001,0
40.7277,-73.9873,0
40.7328,-73.9959,0
40.7441,-73.9744,0
40.714,-73.9913,0
40.7746,-73.9809,0
40.6592,-73.9605,-1
40.7173,-73.9553,1
40.7155,-73.9493,1
40.74,-74.0023,0
40.7444,-73.9804,0
40.7353,-73.9843,0
40.7049,-74.0087,0
40.7369,-74.0083,0
40.716,-74.0098,0
40.7093,-74.0167,0
40.753,-74.004,0
40.817,-73.89,-1
40.7195,-73.9643,1
40.719,-74.0,0
40.6602,-73.9885,-1
40.7369,-74.0037,0
40.7249,-74.0016,0
40.7595,-73.9931,0
40.7375,-73.9931,0
40.8469,-73.936,-1
40.7795,-73.9445,0
40.6446,-73.9625,-1
40.6746,-73.9542,-1
40.6722,-73.9575,-1
40.7222,-73.9415,1
40.7392,-73.9934,0
40.7236,-74.0482,-1
40.6889,-73.9531,0
40.7511,-73.9888,0
40.7522,-73.9836,0
40.726,-73.9946,0
40.7656,-73.9804,0
40.7837,-73.9705,0
40.7601,-73.9653,0
40.7448,-73.9808,0
40.7636,-73.9598,0
40.7386,-73.9833,0
40.7093,-74.0166,0
40.7747,-73.9784,0
40.716,-73.9392,1
40.7672,-73.9645,0
40.6456,-73.9729,-1
40.7695,-73.9805,0
40.7798,-73.9503,0
40.7006,-73.9229,-1
40.7204,-73.9882,0
40.7396,-73.9805,0
40.678,-73.9857,0
40.6643,-73.9885,0
40.7887,-73.9753,0
40.7941,-73.9666,0
40.7153,-73.9926,0
40.752,-73.9286,-1
40.7074,-74.0171,0
40.6641,-73.9806,0
40.7544,-73.9675,0
40.7352,-74.0054,0
40.6825,-73.9764,0
40.7118,-74.0167,0
40.7435,-73.9729,0
40.6951,-73.9454,-1
40.7627,-73.9701,0
40.7824,-73.9716,0
40.7272,-74.0003,0
40.7089,-74.0122,0
40.7765,-73.9464,0
40.7614,-73.9695,0
40.725,-73.9948,0
40.7357,-73.9825,0
40.729,-73.9863,0
40.7275,-74.0008,0
40.7607,-73.9946,0
40.6979,-73.9704,0
40.7841,-73.9786,0
40.7003,-73.9457,1
40.7093,-73.9641,1
40.7601,-73.8304,-1
40.7751,-73.963,0
40.7854,-73.9837,0
40.7193,-74.0103,0
40.7366,-73.9817,0
40.7162,-74.0132,0
40.7571,-74.0012,0
40.7021,-73.9896,0
40.7381,-74.0026,0
40.7567,-73.9984,0
40.8058,-73.9644,-1
40.7431,-74.0065,0
40.7248,-73.977,0
40.71,-73.9625,1
40.7409,-73.8831,-1
40.7044,-74.0099,0
40.7235,-74.0107,0
40.7866,-74.0789,-1
40.7192,-73.9639,1
40.7363,-73.9248,-1
40.727,-73.9783,0
40.723,-73.9948,0
40.6881,-73.9895,0
40.759,-73.992,0
40.7229,-73.9835,0
40.7533,-73.9843,0
40.7807,-73.9545,0
40.7807,-73.9545,0
40.7528,-73.9675,0
40.7334,-74.0042,0
40.7473,-73.9895,0
40.764,-73.9722,0
40.7248,-73.9984,0
40.7741,-73.8726,2
40.778,-73.963,0
40.7701,-73.9553,0
40.7823,-73.9825,0
40.7371,-73.9884,0
40.7407,-73.9934,0
40.6959,-73.9927,0
40.6718,-73.9881,0
40.8001,-73.9324,-1
40.7323,-73.9941,0
40.6696,-73.9498,-1
40.7565,-73.994,0
40.7639,-73.9585,0
40.7166,-73.9617,1
40.7083,-74.0051,0
40.7448,-73.9809,0
40.674,-73.9559,-1
40.7822,-73.976,0
40.7828,-73.9476,0
40.7655,-73.9764,0
40.6728,-73.9833,0
40.7111,-74.0054,0
40.7187,-73.9635,1
40.6708,-73.9577,-1
40.7672,-73.9843,0
40.709,-73.941,1
40.7226,-73.9978,0
40.7185,-74.0004,0
40.7419,-74.0036,0
40.7865,-73.9529,0
40.6937,-73.983,0
40.7216,-73.9936,0
40.7445,-73.9565,-1
40.7074,-73.9427,1
40.7494,-73.9762,0
40.7281,-73.8531,-1
40.7302,-73.9935,0
40.7729,-73.9517,0
40.7768,-73.9489,0
40.6961,-73.9872,0
40.774,-73.8722,2
40.7407,-73.9875,0
40.756,-73.9796,0
40.7862,-73.9428,0
40.6769,-73.9653,0
40.7676,-73.9851,0
40.7483,-73.9803,0
40.8294,-73.9284,-1
40.7586,-73.9652,0
40.8381,-73.8351,-1
40.7405,-73.9819,0
40.7284,-73.9836,0
40.7466,-74.0075,0
40.6783,-73.9812,0
40.6822,-74.0033,0
40.7374,-73.9968,0
40.7613,-73.9621,0
40.7186,-73.9864,0
40.7167,-73.9647,1
40.7074,-74.0024,0
40.7998,-73.9588,-1
40.6715,-73.9844,0
40.6879,-73.9616,0
40.7385,-74.0036,0
40.752,-74.0244,-1
40.7621,-73.9662,0
40.7264,-74.0635,-1
40.7418,-73.9823,0
40.7375,-73.993,0
40.7253,-73.98,0
40.7271,-73.9798,0
40.7099,-74.0042,0
40.7201,-74.0093,0
40.7447,-73.9889,0
40.7778,-73.9577,0
40.7162,-74.0087,0
40.8197,-73.9601,-1
40.7234,-73.9883,0
40.7782,-73.985,0
40.7397,-73.9882,0
40.7741,-73.8722,2
40.7484,-73.9875,0
40.7404,-73.9239,-1
40.7642,-73.9709,0
40.7307,-73.9594,1
40.7249,-74.0017,0
40.7852,-73.979,0
40.7697,-73.9685,0
40.7743,-73.9452,0
40.7331,-74.0033,0
40.7201,-73.9597,1
40.7422,-73.9911,0
40.6921,-73.9638,0
40.786,-73.953,0
40.6718,-73.9637,0
40.706,-74.0171,0
40.6863,-73.9357,-1
40.7764,-73.9767,0
40.7598,-73.9879,0
40.7439,-73.9921,0
40.7605,-73.9799,0
40.7298,-73.9808,0
40.6671,-73.9617,-1
40.7451,-74.0333,-1
40.7639,-73.9737,0
40.7112,-74.0055,0
40.742,-74.0009,0
40.7447,-73.9567,-1
40.7164,-73.9961,0
40.7352,-73.9858,0
40.7194,-74.0018,0
40.6691,-73.945,-1
40.68,-74.0099,-1
40.7376,-73.8999,-1
40.7349,-73.9578,1
40.7125,-73.9503,1
40.7773,-73.9551,0
40.7083,-74.0077,0
40.8581,-73.9327,-1
40.7447,-73.9889,0
40.7319,-73.9853,0
40.727,-73.9964,0
40.7365,-73.9975,0
40.7218,-73.958,1
40.8115,-73.9445,-1
40.771,-73.8658,2
40.7017,-74.0126,0
40.8051,-73.9546,-1
40.769,-73.9612,0
40.7223,-73.9983,0
40.728,-73.991,0
40.8243,-73.9534,-1
40.7513,-73.9934,0
40.7333,-73.9911,0
40.7593,-73.976,0
40.7172,-74.0047,0
40.7559,-73.8243,-1
40.6912,-73.9899,0
40.7132,-73.9414,1
40.7786,-73.9838,0
40.7379,-73.9808,0
40.7281,-73.9936,0
40.7612,-73.9777,0
40.7325,-74.0019,0
40.7111,-74.0171,0
40.7105,-73.9659,1
40.7465,-73.9819,0
40.6658,-73.9825,0
40.7209,-73.9812,0
40.7345,-73.9908,0
40.7653,-73.9753,0
40.7333,-73.9956,0
40.7642,-73.9543,0
40.8104,-73.942,-1
40.7309,-73.9812,0
40.7297,-73.9749,0
40.7215,-73.9885,0
40.7359,-73.9873,0
40.721,-73.9914,0
40.7154,-74.015,0
40.7523,-73.986,0
40.781,-73.9521,0
40.7488,-74.0082,0
40.7593,-73.8854,-1
40.7042,-74.01,0
40.7388,-73.9883,0
40.7214,-73.999,0
40.7984,-73.9692,0
40.7401,-74.0074,0
40.7859,-73.9321,-1
40.774,-73.8727,2
40.7351,-73.9936,0
40.7751,-73.9634,0
40.7457,-73.9781,0
40.7142,-73.9517,1
40.7023,-74.0137,0
40.714,-74.0093,0
40.7384,-73.9737,0
40.7157,-74.0073,0
40.782,-73.9459,0
40.716,-74.011,0
40.7155,-74.0113,0
40.7238,-73.9997,0
40.7518,-74.0049,0
40.6898,-73.9513,-1
40.7302,-73.9841,0
40.705,-74.0114,0
40.7448,-73.9989,0
40.7631,-73.9731,0
40.7667,-73.9829,0
40.7257,-74.0049,0
40.7266,-74.009,0
40.7468,-73.9974,0
40.7755,-73.9501,0
40.7554,-73.9681,0
40.7374,-74.0058,0
40.7075,-74.0099,0
40.7746,-73.9634,0
40.7815,-73.9525,0
40.6626,-73.9832,0
40.7591,-73.9894,0
40.7183,-73.954,1
40.7707,-73.9912,0
40.7865,-73.9483,0
40.7379,-73.984,0
40.7037,-73.9906,0
40.7467,-73.9958,0
40.7236,-73.9853,0
40.7579,-73.9795,0
40.8085,-73.9452,-1
40.7685,-73.9848,0
40.7315,-73.9889,0
40.7836,-73.9775,0
40.7604,-73.9695,0
40.724,-73.9766,0
40.6933,-73.9996,0
40.719,-73.9581,1
40.7543,-73.9689,0
40.7221,-73.9888,0
40.6972,-73.8363,-1
40.7481,-74.004,0
40.7281,-73.9909,0
40.7465,-74.007,0
40.7369,-73.8969,-1
40.7354,-73.9856,0
40.7431,-74.0026,0
40.7403,-73.9888,0
40.6585,-73.9201,-1
40.7627,-73.9653,0
40.8006,-73.97,0
40.6869,-73.9989,0
40.7562,-73.9942,0
40.7209,-74.0006,0
40.7173,-73.9569,1
40.779,-73.9738,0
40.768,-73.9558,0
40.7442,-73.998,0
40.6838,-73.9934,0
40.7074,-74.0072,0
40.7158,-74.0083,0
40.7556,-73.9955,0
40.7066,-74.0102,0
40.738,-73.9884,0
40.7753,-73.9779,0
40.7923,-73.9264,-1
40.7212,-74.0047,0
40.6934,-73.9341,-1
40.7414,-73.9834,0
40.7189,-73.9904,0
40.7297,-73.9932,0
40.7748,-73.9911,0
40.6949,-73.9833,0
40.7517,-73.9867,0
40.7407,-73.9915,0
40.7361,-73.9789,0
40.8021,-73.9677,0
40.779,-73.9544,0
40.742,-73.9805,0
40.7367,-73.9729,0
40.7349,-73.9799,0
40.746,-73.98,0
40.6932,-73.9709,0
40.7497,-73.9916,0
40.7772,-73.9781,0
40.7383,-73.9969,0
40.7757,-74.0127,-1
40.7609,-73.9904,0
40.7609,-73.9904,0
40.6974,-73.9832,0
40.7418,-73.9809,0
40.7549,-73.9695,0
40.7103,-74.0055,0
40.7111,-73.9666,1
40.6986,-73.9925,0
40.759,-73.9626,0
40.7591,-73.9765,0
40.7757,-73.9763,0
40.6873,-73.9687,0
40.6883,-73.9332,-1
40.7739,-73.9619,0
40.738,-73.9887,0
40.7254,-74.0092,0
40.7726,-73.9671,0
40.7697,-73.9577,0
40.6633,-73.9828,0
40.747,-73.987,0
40.7664,-73.992,0
40.8513,-73.9399,-1
40.7274,-73.9795,0
40.744,-73.976,0
40.7227,-73.998,0
40.7394,-74.007,0
40.7648,-73.9784,0
40.7826,-73.953,0
40.779,-73.9524,0
40.7366,-74.0066,0
40.6883,-73.982,0
40.6955,-73.994,0
40.7229,-73.9981,0
40.7141,-73.9557,1
40.7345,-74.0095,0
40.7807,-73.9609,0
40.7245,-73.9913,0
40.7583,-73.9639,0
40.7487,-73.9707,0
40.7223,-73.9872,0
40.7901,-73.9658,0
40.7727,-73.9669,0
40.7167,-73.959,1
40.7299,-73.9914,0
40.7804,-73.9872,0
40.7654,-73.9638,0
40.7693,-73.9695,0
40.7448,-73.9752,0
40.7352,-73.9919,0
40.7665,-73.954,0
40.724,-74.0034,0
40.7749,-73.9649,0
40.7322,-74.0053,0
40.6741,-73.9538,-1
40.6719,-74.0105,-1
40.7768,-73.9756,0
40.771,-73.9629,0
40.709,-74.0069,0
40.6299,-73.9445,-1
40.7676,-73.9615,0
40.752,-73.9937,0
40.7514,-74.0068,0
40.7766,-73.9463,0
40.739,-73.9931,0
40.7158,-74.0095,0
40.7769,-73.9617,0
40.7677,-73.9622,0
40.7717,-73.9866,0
40.8036,-73.9487,-1
40.6874,-73.98,0
40.7728,-73.9668,0
40.7742,-73.9788,0
40.7985,-73.9611,-1
40.7792,-73.977,0
40.7377,-73.9916,0
40.7208,-73.9428,1
40.743,-74.0001,0
40.7578,-73.9754,0
40.7856,-73.9482,0
40.7281,-73.8517,-1
40.7292,-74.0113,0
40.7962,-73.9251,-1
40.7717,-73.9592,0
40.7437,-73.9928,0
40.7026,-73.9939,0
40.7266,-73.9917,0
40.7506,-73.9857,0
40.8072,-73.9522,-1
40.7301,-73.991,0
40.6691,-73.9535,-1
40.7776,-73.9509,0
40.7223,-74.0082,0
40.7487,-74.0081,0
40.8052,-73.9393,-1
40.7124,-73.966,1
40.7845,-73.9491,0
40.7267,-73.9962,0
40.7312,-74.003,0
40.726,-74.0013,0
40.8037,-74.1144,-1
40.7367,-73.989,0
40.72,-73.8439,-1
40.7151,-74.0113,0
40.7177,-73.9904,0
40.6774,-73.9872,0
40.7284,-73.9836,0
40.7284,-73.9836,0
40.6683,-73.9619,-1
40.6627,-73.9466,-1
40.7849,-73.9539,0
40.7007,-73.9628,0
40.6943,-73.9062,-1
40.7406,-74.0057,0
40.7328,-73.9902,0
40.7632,-73.9675,0
40.7253,-74.0036,0
40.7246,-73.9986,0
40.7857,-73.9484,0
40.7153,-74.0164,0
40.7544,-73.9359,-1
40.7421,-73.995,0
40.7551,-73.9735,0
40.725,-73.9934,0
40.7227,-74.0086,0
40.7704,-73.9664,0
40.7375,-74.0077,0
40.7372,-73.9858,0
40.7165,-73.9585,1
40.7758,-73.9548,0
40.7753,-73.9799,0
40.678,-73.9204,-1
40.7758,-73.9609,0
40.7755,-73.9541,0
40.7759,-73.9609,0
40.7582,-73.9661,0
40.7282,-73.9868,0
40.76,-73.9691,0
40.7635,-73.9672,0
40.7306,-73.9983,0
40.6725,-73.9827,0
40.6875,-73.9918,0
40.7174,-74.01,0
40.673,-73.9733,0
40.7623,-73.9748,0
40.6838,-74.0009,0
40.7804,-73.9766,0
40.7457,-74.0053,0
40.7647,-73.9739,0
40.7316,-74.0011,0
40.7552,-73.9683,0
40.776,-73.9203,-1
40.7176,-73.9495,1
40.7673,-73.9609,0
40.7331,-74.0004,0
40.6697,-73.9622,-1
40.6526,-73.9656,-1
40.7227,-73.9502,1
40.7661,-73.9658,0
40.7763,-73.9621,0
40.7764,-73.9542,0
40.7214,-73.995,0
40.7682,-73.9822,0
40.7441,-73.9841,0
40.727,-73.983,0
40.7645,-73.9717,0
40.7369,-73.9888,0
40.7441,-73.984,0
40.7476,-73.9445,-1
40.6895,-73.9926,0
40.7638,-73.967,0
40.7345,-74.01,0
40.7297,-74.0007,0
40.7192,-73.9974,0
40.7618,-73.9747,0
40.7862,-73.9776,0
40.6676,-73.9899,0
40.7098,-74.0147,0
40.7481,-73.9734,0
40.6778,-73.9795,0
40.7446,-73.9889,0
40.7304,-73.9983,0
40.734,-74.0029,0
40.7924,-73.9262,-1
40.752,-73.9814,0
40.7646,-73.9732,0
40.673,-73.9627,0
40.7373,-73.9945,0
40.707,-74.0124,0
40.7157,-73.9988,0
40.7209,-73.9611,1
40.688,-73.9608,0
40.7268,-73.986,0
40.7634,-73.9563,0
40.6778,-73.9795,0
40.7256,-74.0048,0
40.6868,-73.9843,0
40.7621,-73.9662,0
40.7433,-73.9717,0
40.7026,-73.9867,0
40.7454,-73.9947,0
40.7605,-73.9995,0
40.6915,-73.9588,0
40.7726,-73.9607,0
40.7734,-73.9664,0
40.7485,-74.0036,0
40.7049,-73.9336,-1
40.7145,-73.9921,0
40.7741,-73.9628,0
40.7636,-73.9754,0
40.714,-73.9501,1
40.7419,-73.9804,0
40.7924,-73.9263,-1
40.7979,-73.969,0
40.7552,-73.9733,0
40.6647,-73.9801,0
40.7666,-73.9673,0
40.7663,-73.9859,0
40.6659,-73.9882,0
40.7758,-73.9589,0
40.7451,-73.9889,0
40.7614,-73.9743,0
40.744,-73.9877,0
40.7748,-73.9509,0
40.7772,-73.9521,0
40.7864,-73.9484,0
40.7574,-73.9607,0
40.7676,-73.9828,0
40.763,-73.9343,-1
40.7727,-73.9496,0
40.771,-73.9832,0
40.7367,-73.9975,0
40.774,-73.8724,2
40.6792,-73.9786,0
40.7584,-73.9927,0
40.7181,-73.99,0
40.7652,-73.9695,0
40.7474,-73.9736,0
40.7183,-73.9501,1
40.7345,-73.9834,0
40.8098,-73.965,-1
40.7274,-74.0007,0
40.7706,-73.9602,0
40.7587,-73.9887,0
40.7578,-74.0007,0
40.762,-73.9863,0
40.7312,-73.9995,0
40.7337,-73.9771,0
40.7443,-73.983,0
40.771,-73.8659,2
40.7645,-73.9644,0
40.7571,-73.9847,0
40.645,-73.983,-1
40.7636,-73.9929,0
40.7424,-73.9837,0
40.7409,-74.0075,0
40.7026,-73.9912,0
40.7129,-74.0104,0
40.73,-73.9941,0
40.7155,-74.0159,0
40.7303,-74.0028,0
40.7455,-73.9325,-1
40.7336,-74.0028,0
40.707,-73.9224,-1
40.6692,-73.9506,-1
40.7431,-74.0009,0
40.6782,-74.0098,-1
40.6795,-73.997,0
40.6828,-73.9283,-1
40.7484,-73.9849,0
40.7091,-74.0021,0
40.7211,-73.9792,0
40.7624,-73.9719,0
40.747,-73.9772,0
40.757,-73.9826,0
40.7487,-74.0066,0
40.7268,-73.9909,0
40.6922,-73.9857,0
40.7327,-73.9901,0
40.7407,-74.0078,0
40.7649,-73.9705,0
40.7752,-73.9833,0
40.726,-73.9775,0
40.7759,-73.9442,0
40.8062,-73.9467,-1
40.7649,-73.9828,0
40.716,-74.0153,0
40.7338,-74.0061,0
40.6742,-73.9749,0
40.731,-73.9996,0
40.7194,-73.9902,0
40.728,-73.999,0
40.6849,-74.0021,0
40.7256,-74.0052,0
40.7472,-74.0093,0
40.7481,-74.0039,0
40.6617,-73.9279,-1
40.7479,-73.9765,0
40.7626,-73.9653,0
40.7687,-73.9613,0
40.7306,-74.0038,0
40.6833,-73.9434,-1
40.7969,-73.9348,-1
40.7218,-74.0045,0
40.6962,-73.9954,0
40.7434,-73.9578,-1
40.7287,-74.0004,0
40.6772,-74.0169,-1
40.8434,-73.9396,-1
40.6979,-73.9956,0
40.7735,-73.9853,0
40.7333,-74.0025,0
40.7172,-73.9951,0
40.7557,-73.9787,0
40.7102,-74.0042,0
40.7434,-73.9769,0
40.7398,-74.0062,0
40.7016,-73.9868,0
40.7322,-74.0077,0
40.6867,-73.959,0
40.7476,-74.0097,0
40.8064,-73.9599,-1
40.7673,-73.9356,-1
40.772,-73.962,0
40.7506,-74.0316,-1
40.7213,-74.0053,0
40.7229,-74.0048,0
40.7206,-74.0077,0
40.72,-73.9599,1
40.7076,-74.0008,0
40.7394,-73.9991,0
40.7652,-73.9717,0
40.7076,-74.007,0
40.7525,-73.9919,0
40.7415,-73.9856,0
40.7081,-73.943,1
40.7242,-74.0102,0
40.7641,-73.973,0
40.7654,-73.9721,0
40.6744,-73.9989,-1
40.7597,-73.988,0
40.7705,-73.8657,2
40.7185,-73.9948,0
40.7693,-73.9181,-1
40.7547,-73.9661,0
40.6705,-73.9748,0
40.7758,-73.9155,-1
40.6749,-73.9766,0
40.7161,-74.0042,0
40.7504,-73.997,0
40.7711,-73.9659,0
40.71,-74.0147,0
40.7606,-73.9987,0
40.7278,-74.0035,0
40.6397,-73.9679,-1
40.7185,-73.9883,0
40.7741,-73.8726,2
40.7369,-74.0033,0
40.7248,-73.9824,0
40.7609,-73.9697,0
40.7247,-73.9985,0
40.6746,-73.9759,0
40.7145,-73.9446,1
40.7578,-74.0005,0
40.7553,-73.9775,0
40.7247,-73.9918,0
40.7385,-73.9974,0
40.7305,-74.009,0
40.7796,-73.9618,0
40.7648,-73.9719,0
40.7098,-73.9961,0
40.7481,-74.0039,0
40.769,-73.9433,0
40.7758,-73.9899,0
40.7741,-73.8725,2
40.7458,-73.8471,-1
40.7314,-74.0067,0
40.8099,-73.965,-1
40.7306,-73.9954,0
40.7998,-73.9561,-1
40.712,-73.9401,1
40.7364,-73.9849,0
40.7664,-73.9781,0
40.7701,-73.9878,0
40.6805,-73.957,0
40.7228,-73.9969,0
40.7394,-73.9911,0
40.7079,-74.0135,0
40.7849,-73.9763,0
40.7536,-73.9694,0
40.7536,-73.9694,0
40.6524,-73.9305,-1
40.7597,-73.9859,0
40.8258,-73.9068,-1
40.6794,-73.9448,-1
40.775,-73.9549,0
40.727,-74.0072,0
40.7077,-74.007,0
40.6762,-73.9717,0
40.7271,-74.0073,0
40.7583,-74.0005,0
40.7068,-74.0088,0
40.7688,-73.9676,0
40.7988,-73.9619,-1
40.6889,-73.9919,0
40.6879,-73.9685,0
40.8036,-73.9695,-1
40.7498,-73.9921,0
40.7746,-73.9581,0
40.7487,-73.9394,-1
40.677,-73.9519,-1
40.7159,-74.0344,-1
40.7806,-73.9813,0
40.6866,-73.9666,0
40.654,-74.0068,-1
40.7624,-73.9722,0
40.672,-73.9711,0
40.7248,-73.9945,0
40.7338,-73.9993,0
40.6878,-73.9694,0
40.7464,-73.9777,0
40.7085,-73.922,-1
40.7037,-73.9803,0
40.7678,-73.9616,0
40.7678,-73.9616,0
40.7036,-73.9281,-1
40.7667,-73.9614,0
40.7201,-74.0099,0
40.7031,-73.9876,0
40.7236,-74.0485,-1
40.7719,-73.9516,0
40.7056,-74.0084,0
40.7353,-73.9796,0
40.7816,-73.9807,0
40.7792,-73.9489,0
40.756,-73.9634,0
40.6709,-74.097,-1
40.7238,-73.9759,0
40.6659,-73.9642,-1
40.7657,-73.9845,0
40.7573,-73.9715,0
40.7345,-73.9863,0
40.7916,-73.9531,0
40.7277,-73.9933,0
40.8194,-73.9378,-1
40.7008,-73.9416,-1
40.731,-73.9816,0
40.737,-74.0027,0
40.7293,-73.8521,-1
40.7581,-74.0004,0
40.8014,-73.9329,-1
40.7432,-73.9742,0
40.742,-73.9907,0
40.7301,-73.9559,1
40.7322,-73.9913,0
40.6922,-73.9443,-1
40.7504,-73.9947,0
40.6687,-73.9749,0
40.7324,-74.0034,0
40.7741,-73.8726,2
40.7794,-73.9755,0
40.7225,-73.9933,0
40.754,-73.982,0
40.7358,-74.006,0
40.6525,-73.976,-1
40.7379,-73.9922,0
40.7116,-74.0105,0
40.7592,-73.9519,0
40.6897,-73.9761,0
40.7375,-74.0061,0
40.8221,-73.8577,-1
40.8221,-73.8577,-1
40.6932,-73.9956,0
40.7525,-73.9745,0
40.7717,-73.9897,0
40.6596,-73.9881,-1
40.7725,-73.9607,0
40.7503,-74.0045,0
40.7053,-74.0049,0
40.7817,-73.9562,0
40.7273,-74.05,-1
40.6723,-73.9957,-1
40.7579,-74.0005,0
40.7414,-73.9214,-1
40.7562,-73.973,0
40.6856,-73.9912,0
40.7227,-74.0023,0
40.7738,-73.8739,2
40.8396,-73.9409,-1
40.7679,-73.9702,0
40.7485,-73.9747,0
40.7699,-73.9589,0
40.7154,-74.0093,0
40.8554,-73.8774,-1
40.7361,-74.0046,0
40.73,-73.9855,0
40.7202,-73.9614,1
40.6521,-73.976,-1
40.7476,-74.0006,0
40.7164,-73.9615,1
40.8258,-73.9529,-1
40.7438,-73.988,0
40.7402,-74.0076,0
40.7619,-73.9663,0
40.7247,-73.9765,0
40.7058,-74.0099,0
40.7569,-73.9988,0
40.7498,-73.9937,0
40.7347,-74.0095,0
40.6944,-73.9293,-1
40.7225,-73.9861,0
40.7837,-73.9716,0
40.7182,-73.9911,0
40.7201,-73.9555,1
40.765,-73.9916,0
40.741,-73.9942,0
40.7408,-74.0076,0
40.7572,-73.9853,0
40.7159,-73.9649,1
40.6974,-73.9587,0
40.7415,-74.0064,0
40.7421,-74.0038,0
40.7633,-73.982,0
40.7226,-73.987,0
40.7375,-74.0075,0
40.7226,-73.983,0
40.7232,-73.9975,0
40.7203,-74.0022,0
40.6543,-73.9473,-1
40.7515,-74.0034,0
40.7378,-73.9805,0
40.7182,-73.9433,1
40.7744,-73.963,0
40.7304,-73.9833,0
40.7334,-73.999,0
40.7512,-73.9715,0
40.711,-74.0054,0
40.7376,-73.9823,0
40.7799,-73.9525,0
40.7174,-74.0091,0
40.7772,-73.9753,0
40.6453,-73.9633,-1
40.7375,-73.9528,-1
40.6195,-74.0305,-1
40.7633,-73.9716,0
40.7498,-73.9915,0
40.7705,-73.9523,0
40.7153,-73.9917,0
40.7391,-73.9932,0
40.7581,-73.9646,0
40.7443,-73.9876,0
40.7847,-73.9561,0
40.7574,-73.99,0
40.7242,-74.0022,0
40.7374,-74.005,0
40.7611,-73.9975,0
40.703,-73.9946,0
40.737,-73.9957,0
40.7397,-73.9963,0
40.7283,-74.0031,0
40.7347,-73.9921,0
40.7323,-74.0005,0
40.7881,-73.9758,0
40.7586,-73.9911,0
40.7389,-73.9927,0
40.7391,-73.9778,0
40.7141,-73.9477,1
40.7278,-73.9877,0
40.7621,-73.9856,0
40.717,-74.0019,0
40.6807,-73.9775,0
40.7381,-73.9919,0
40.7264,-74.0024,0
40.7469,-73.9904,0
40.7459,-73.9843,0
40.6753,-73.9993,0
40.6876,-73.9688,0
40.7479,-74.0006,0
40.7331,-74.0004,0
40.6875,-73.9767,0
40.7457,-73.9761,0
40.7443,-74.0036,0
40.7437,-74.007,0
40.7651,-73.984,0
40.7115,-73.9869,0
40.7482,-73.9735,0
40.7311,-73.9757,0
40.7687,-73.925,-1
40.7743,-73.9823,0
40.723,-73.9891,0
40.7498,-73.9719,0
40.715,-74.0159,0
40.6691,-73.9506,-1
40.7677,-73.9831,0
40.6886,-73.9512,-1
40.6653,-73.9229,-1
40.7165,-73.9805,0
40.7681,-73.9916,0
40.7135,-73.9588,1
40.7717,-73.9512,0
40.7399,-73.9908,0
40.7416,-74.0067,0
40.7212,-74.0319,-1
40.6401,-73.9542,-1
40.659,-73.9577,-1
40.7494,-73.9405,-1
40.7098,-74.0046,0
40.7191,-74.0017,0
40.7343,-73.9924,0
40.783,-73.9568,0
40.6755,-73.9634,0
40.7625,-73.925,-1
40.7188,-74.0052,0
40.7617,-73.9976,0
40.6721,-73.9837,0
40.7134,-73.9483,1
40.7621,-73.9717,0
40.8508,-73.938,-1
40.719,-73.9631,1
40.7176,-73.9495,1
40.7737,-73.9581,0
40.7476,-73.9979,0
40.7385,-73.9843,0
40.7347,-74.0095,0
40.7254,-73.9963,0
40.7315,-73.9884,0
40.7136,-73.9569,1
40.7077,-74.0094,0
40.7751,-73.9634,0
40.7265,-74.0023,0
40.7161,-74.0153,0
40.7761,-73.9496,0
40.7663,-73.9917,0
40.6624,-73.9508,-1
40.7766,-73.9793,0
40.7457,-74.0056,0
40.7458,-73.9781,0
40.6943,-73.9831,0
40.666,-73.9289,-1
40.7648,-73.9626,0
40.7329,-73.9923,0
40.7657,-73.9719,0
40.774,-73.8716,2
40.7303,-73.9863,0
40.7469,-73.9816,0
40.7338,-73.9953,0
40.7106,-74.0075,0
40.8155,-73.9434,-1
40.7575,-73.9844,0
40.7387,-73.9807,0
40.7644,-73.9708,0
40.7318,-73.9854,0
40.7205,-73.9944,0
40.7147,-73.9666,1
40.7331,-73.9753,0
40.6717,-73.935,-1
40.7614,-73.9899,0
40.6926,-73.9548,0
40.7192,-74.0088,0
40.7566,-73.9923,0
40.7135,-73.9978,0
40.7286,-74.0027,0
40.765,-73.9784,0
40.7589,-73.9886,0
40.7565,-73.9822,0
40.625,-73.9631,-1
40.7823,-73.9761,0
40.7409,-74.007,0
40.7285,-73.9999,0
40.7715,-73.913,-1
40.6726,-73.9626,0
40.6808,-73.9747,0
40.7351,-73.9855,0
40.6527,-73.9511,-1
40.7215,-73.9885,0
40.6723,-73.9956,-1
40.7083,-74.0067,0
40.747,-73.9742,0
40.7503,-73.985,0
40.6706,-73.9449,-1
40.7399,-74.0071,0
40.7532,-73.9861,0
40.7745,-73.9496,0
40.7166,-73.9969,0
40.7115,-74.0157,0
40.7243,-74.001,0
40.7472,-74.0098,0
40.7788,-73.9534,0
40.7614,-73.9867,0
40.7943,-73.9198,-1
40.7583,-74.0001,0
40.7328,-74.0077,0
40.6843,-73.9681,0
40.7664,-73.9778,0
40.8282,-73.9467,-1
40.7365,-74.001,0
40.6728,-74.009,-1
40.7545,-73.9844,0
40.7169,-74.0321,-1
40.7388,-74.0091,0
40.7076,-73.9666,1
40.6875,-73.9924,0
40.7563,-73.9729,0
40.802,-73.967,0
40.7298,-73.9937,0
40.6656,-73.9827,0
40.7286,-74.0045,0
40.6692,-73.981,0
40.7443,-74.0066,0
40.6883,-73.9709,0
40.7735,-73.9475,0
40.7211,-74.0037,0
40.6998,-73.9296,-1
40.7653,-73.9875,0
40.7946,-73.9665,0
40.8482,-73.9308,-1
40.7216,-74.0099,0
40.7313,-74.0067,0
40.7448,-73.9798,0
40.7148,-73.9969,0
40.7378,-73.9965,0
40.7277,-74.004,0
40.7615,-73.9941,0
40.7623,-73.9734,0
40.6879,-73.9152,-1
40.7508,-73.9871,0
40.7198,-73.9608,1
40.728,-73.993,0
40.7708,-73.9253,-1
40.7235,-73.9823,0
40.6918,-73.9975,0
40.7199,-74.0042,0
40.7239,-74.0003,0
40.7129,-74.0043,0
40.674,-73.9287,-1
40.7734,-73.9516,0
40.7723,-73.9558,0
40.7176,-74.0012,0
40.7479,-73.9948,0
40.7316,-74.0018,0
40.7675,-73.9706,0
40.7635,-73.9659,0
40.7236,-74.0003,0
40.7659,-73.9766,0
40.7686,-73.9579,0
40.7787,-73.9861,0
40.6805,-73.9892,0
40.758,-73.9928,0
40.7437,-73.988,0
40.6422,-73.9109,-1
40.7458,-73.9546,-1
40.7606,-73.8307,-1
40.762,-73.9846,0
40.7292,-73.9796,0
40.7247,-74.0024,0
40.7051,-73.9332,-1
40.7848,-73.9791,0
40.7844,-73.9713,0
40.7954,-73.9759,0
40.7246,-73.9985,0
40.6763,-73.9869,0
40.7204,-73.9619,1
40.7325,-73.987,0
40.713,-73.9447,1
40.6687,-73.9768,0
40.6895,-73.9693,0
40.7335,-73.9875,0
40.7141,-74.0094,0
40.7366,-73.98,0
40.6796,-73.9314,-1
40.7356,-73.9831,0
40.6705,-73.989,0
40.7191,-73.9903,0
40.7512,-73.9714,0
40.6875,-73.957,0
40.7223,-73.9499,1
40.6644,-73.977,0
40.6895,-73.9697,0
40.7018,-73.9407,-1
40.7292,-73.9538,1
40.7471,-74.0078,0
40.7988,-73.9716,0
40.7113,-74.0172,0
40.6798,-73.9995,0
40.7585,-73.9673,0
40.7615,-73.9823,0
40.7898,-73.9741,0
40.7551,-73.9797,0
40.7346,-74.0007,0
40.7168,-74.0163,0
40.8026,-73.9668,-1
40.723,-73.9989,0
40.7761,-73.9575,0
40.753,-73.966,0
40.7226,-73.986,0
40.6725,-73.9769,0
40.6692,-73.9505,-1
40.7382,-74.0056,0
40.7265,-73.9994,0
40.7439,-73.9912,0
40.6794,-73.9443,-1
40.7411,-74.0051,0
40.6852,-73.9543,0
40.7457,-73.9917,0
40.741,-74.0051,0
40.7766,-73.9577,0
40.7061,-74.009,0
40.7575,-73.9762,0
40.725,-73.9814,0
40.7388,-74.0089,0
40.7768,-73.9633,0
40.6753,-73.9578,0
40.7964,-73.9496,0
40.7449,-73.9782,0
40.7194,-74.0051,0
40.7529,-73.9716,0
40.7633,-73.965,0
40.7026,-74.0139,0
40.7158,-73.9864,0
40.7659,-73.9614,0
40.7303,-74.0047,0
40.7271,-74.0048,0
40.7375,-74.0057,0
40.6878,-73.9693,0
40.7779,-73.9478,0
40.7615,-73.9661,0
40.7074,-74.0054,0
40.7099,-74.0147,0
40.7284,-73.9796,0
40.746,-73.9565,-1
40.689,-73.968,0
40.7092,-74.002,0
40.7848,-73.9808,0
40.7592,-73.961,0
40.6868,-73.9666,0
40.8441,-73.8774,-1
40.7457,-73.9931,0
40.7457,-73.9931,0
40.7049,-74.0115,0
40.7066,-74.0177,0
40.755,-73.9798,0
40.7269,-74.0055,0
40.7592,-73.961,0
40.7669,-73.983,0
40.7205,-74.0099,0
40.7191,-74.0047,0
40.7766,-73.9608,0
40.7253,-74.0036,0
40.7235,-74.004,0
40.7568,-74.0013,0
40.7631,-73.9825,0
40.6794,-73.986,0
40.7755,-73.946,0
40.6907,-73.9569,0
40.7297,-73.9807,0
40.7078,-74.0104,0
40.6732,-73.9629,0
40.7642,-73.9594,0
40.7046,-74.0113,0
40.716,-73.9608,1
40.7537,-73.9747,0
40.7186,-74.0044,0
40.745,-74.0061,0
40.7863,-73.9558,0
40.7566,-74.0014,0
40.7724,-73.9821,0
40.7441,-73.9814,0
40.7736,-73.8933,-1
40.723,-74.0021,0
40.7061,-74.0086,0
40.7308,-73.9905,0
40.7662,-73.9774,0
40.7448,-73.9799,0
40.7764,-73.9623,0
40.7332,-73.9934,0
40.7422,-73.9988,0
40.7648,-73.9939,0
40.7604,-73.9614,0
40.7694,-73.963,0
40.7771,-73.9619,0
40.7197,-73.9826,0
40.7791,-73.9747,0
40.7674,-73.9707,0
40.7324,-74.0101,0
40.7241,-74.0044,0
40.7644,-73.9688,0
40.7251,-73.995,0
40.7786,-73.9835,0
40.7121,-73.9972,0
40.744,-74.0065,0
40.7583,-73.9864,0
40.7419,-73.983,0
40.7449,-73.9971,0
40.8518,-73.9301,-1
40.7219,-73.96,1
40.6268,-74.0297,-1
40.7145,-73.9574,1
40.804,-73.9557,-1
40.7637,-73.959,0
40.7175,-73.9626,1
40.7219,-73.9973,0
40.6881,-73.9678,0
40.6756,-73.9634,0
40.6868,-74.0018,0
40.6916,-73.97,0
40.7216,-74.011,0
40.7384,-73.9834,0
40.7479,-73.9849,0
40.7423,-73.9913,0
40.738,-73.9961,0
40.7271,-73.9997,0
40.7181,-73.9902,0
40.7289,-73.9809,0
40.731,-73.9544,1
40.7526,-73.9846,0
40.7649,-73.9702,0
40.6596,-73.9881,-1
40.7311,-74.0089,0
40.8058,-73.9528,-1
40.7547,-73.9799,0
40.787,-73.9693,0
40.7296,-73.9985,0
40.7824,-73.9715,0
40.7215,-73.9935,0
40.7594,-73.9851,0
40.7515,-73.9939,0
40.7844,-73.9571,0
40.7618,-74.0004,0
40.7719,-73.9657,0
40.7654,-73.9722,0
40.7738,-73.9596,0
40.7773,-73.9504,0
40.641,-73.9726,-1
40.7938,-73.9697,0
40.7243,-74.0013,0
40.7299,-73.9963,0
40.7132,-73.9519,1
40.7621,-73.9778,0
40.7338,-74.0013,0
40.7693,-73.9671,0
40.7034,-73.9928,0
40.7741,-73.8716,2
40.73,-73.9752,0
40.6848,-73.9959,0
40.7564,-73.9882,0
40.7758,-73.9469,0
40.7696,-73.9808,0
40.6753,-73.9889,0
40.7308,-73.9891,0
40.6956,-73.9686,0
40.6916,-73.9873,0
40.7327,-73.9758,0
40.7753,-73.9536,0
40.7924,-73.9264,-1
40.7143,-74.0095,0
40.7452,-73.996,0
40.7198,-73.9578,1
40.7367,-73.9818,0
40.726,-74.0009,0
40.7659,-73.9652,0
40.6525,-73.9761,-1
40.7438,-73.9928,0
40.7208,-73.9851,0
40.6969,-73.9358,-1
40.822,-73.8959,-1
40.7171,-73.9625,1
40.7286,-73.9952,0
40.6724,-74.0116,-1
40.8028,-73.9457,-1
40.7243,-73.9974,0
40.7437,-73.9716,0
40.6349,-73.8968,-1
40.7077,-73.9399,1
40.8204,-73.9458,-1
40.7188,-73.9632,1
40.6869,-73.9435,-1
40.7434,-74.0066,0
40.7331,-73.9964,0
40.766,-73.9766,0
40.7234,-73.9912,0
40.7419,-74.0037,0
40.7169,-74.0122,0
40.804,-73.966,-1
40.7507,-73.9945,0
40.7745,-73.9891,0
40.7975,-73.9374,-1
40.7659,-73.969,0
40.7396,-73.9866,0
40.7454,-73.977,0
40.7774,-73.9806,0
40.7703,-73.9573,0
40.7394,-74.0277,-1
40.7394,-74.0277,-1
40.7633,-73.9629,0
40.6672,-73.9617,-1
40.7683,-73.8623,2
40.7634,-73.9887,0
40.7422,-73.9151,-1
40.776,-73.9109,-1
40.7446,-73.9948,0
40.6867,-73.985,0
40.7869,-73.9728,0
40.7225,-74.0013,0
40.7472,-73.9897,0
40.7692,-73.983,0
40.7878,-73.9753,0
40.7449,-73.9848,0
40.7885,-73.9743,0
40.7665,-73.9883,0
40.717,-74.0124,0
40.7544,-74.0259,-1
40.7544,-74.0259,-1
40.8053,-73.9656,-1
40.7456,-73.9944,0
40.7228,-74.0048,0
40.7645,-73.9787,0
40.7397,-74.0065,0
40.7322,-74.0076,0
40.7635,-73.965,0
40.7571,-73.9833,0
40.7318,-73.9995,0
40.7454,-74.0021,0
40.735,-73.9931,0
40.7359,-74.0053,0
40.7814,-73.9807,0
40.7291,-74.0112,0
40.7381,-73.9871,0
40.7762,-73.9796,0
40.75,-73.9903,0
40.7387,-74.0057,0
40.6841,-73.976,0
40.7725,-73.9668,0
40.7774,-73.9788,0
40.7354,-74.0041,0
40.7739,-73.8717,2
40.7238,-73.9968,0
40.6913,-73.996,0
40.7792,-73.9883,0
40.7613,-73.9831,0
40.7723,-73.9825,0
40.7203,-73.9993,0
40.7794,-73.9752,0
40.7079,-74.0069,0
40.7459,-73.9868,0
40.7748,-73.9584,0
40.7643,-73.9705,0
40.6733,-73.9674,0
40.7084,-74.0172,0
40.721,-73.9893,0
40.7583,-73.9864,0
40.7707,-73.9922,0
40.7287,-74.0003,0
40.7339,-73.9899,0
40.7553,-73.9695,0
40.6773,-73.9672,0
40.7631,-73.9212,-1
40.7424,-73.9889,0
40.7748,-73.9625,0
40.7841,-73.9548,0
40.755,-73.9736,0
40.7503,-73.9866,0
40.7365,-73.9892,0
40.722,-74.0039,0
40.7628,-73.9951,0
40.7456,-73.9776,0
40.7248,-74.0077,0
40.8297,-73.9444,-1
40.7208,-73.998,0
40.7221,-73.9995,0
40.7238,-73.9852,0
40.7528,-73.9812,0
40.7229,-74.0049,0
40.7459,-74.0076,0
40.7227,-73.998,0
40.7475,-73.9394,-1
40.7279,-73.9806,0
40.741,-74.0071,0
40.7739,-73.8729,2
40.7783,-73.9853,0
40.7589,-73.983,0
40.7794,-73.9855,0
40.7784,-73.9833,0
40.7338,-74.0101,0
40.6937,-73.9832,0
40.7933,-73.9681,0
40.7167,-74.0145,0
40.7237,-73.9965,0
40.7649,-73.9608,0
40.7338,-74.0026,0
40.8066,-73.9425,-1
40.7229,-73.9829,0
40.7536,-73.9926,0
40.7413,-73.9949,0
40.7794,-73.9531,0
40.7224,-74.0098,0
40.7253,-74.0002,0
40.831,-73.9269,-1
40.7599,-73.9764,0
40.7552,-73.9891,0
40.7641,-73.9585,0
40.7228,-73.9983,0
40.7286,-73.9859,0
40.8317,-73.9261,-1
40.7762,-73.9763,0
40.748,-74.007,0
40.7385,-73.9865,0
40.7683,-73.9821,0
40.7383,-74.008,0
40.7644,-73.9852,0
40.7403,-73.9976,0
40.7113,-74.0055,0
40.7664,-73.9686,0
40.7674,-73.9689,0
40.7489,-73.9885,0
40.7488,-73.9813,0
40.7741,-73.8726,2
40.7699,-73.8644,2
40.7364,-73.9965,0
40.7544,-73.9738,0
40.679,-73.9756,0
40.7139,-74.0136,0
40.7445,-73.9915,0
40.7584,-73.9752,0
40.7632,-73.9814,0
40.728,-73.9807,0
40.7321,-74.0001,0
40.7576,-73.9867,0
40.7729,-73.9627,0
40.7793,-73.9531,0
40.7632,-73.9737,0
40.7643,-73.981,0
40.7633,-73.9996,0
40.7649,-73.9725,0
40.7314,-73.975,0
40.6859,-73.9726,0
40.7258,-73.9974,0
40.6988,-73.931,-1
40.7287,-73.9785,0
40.7454,-73.9714,0
40.7198,-73.9992,0
40.6834,-73.9746,0
40.7197,-73.9916,0
40.7038,-73.9136,-1
40.7382,-74.0026,0
40.7627,-73.9678,0
40.7181,-74.0151,0
40.7442,-73.9843,0
40.7801,-73.9589,0
40.738,-73.9808,0
40.6832,-73.9773,0
40.7835,-73.9534,0
40.759,-73.9655,0
40.7234,-73.9989,0
40.6396,-73.968,-1
40.7738,-73.9539,0
40.7217,-73.9964,0
40.7406,-74.0051,0
40.762,-73.9804,0
40.774,-73.8716,2
40.764,-73.9786,0
40.7124,-73.9559,1
40.753,-73.9719,0
40.7222,-74.0007,0
40.7362,-73.9365,-1
40.7128,-73.9676,1
40.7562,-73.9639,0
40.777,-73.9778,0
40.7664,-73.9714,0
40.7498,-73.9836,0
40.7127,-73.9551,1
40.7799,-73.9867,0
40.7513,-73.9716,0
40.7514,-74.0079,0
40.7876,-73.9715,0
40.7238,-73.9898,0
40.7712,-73.9561,0
40.7024,-74.0134,0
40.7468,-73.9857,0
40.7488,-73.9738,0
40.7483,-73.9746,0
40.747,-74.0082,0
40.707,-73.9515,1
40.7154,-74.0147,0
40.7671,-73.9597,0
40.6828,-73.9284,-1
40.7935,-74.0091,-1
40.7552,-74.0027,0
40.7552,-74.0027,0
40.7724,-73.9508,0
40.7724,-73.9508,0
40.7551,-73.9734,0
40.7474,-73.9853,0
40.7623,-73.9745,0
40.7539,-73.9714,0
40.6771,-74.0154,-1
40.7171,-74.0046,0
40.7571,-73.9743,0
40.6913,-73.9823,0
40.7467,-73.9566,-1
40.7572,-73.9682,0
40.724,-73.9962,0
40.79,-73.9661,0
40.7961,-73.9702,0
40.7401,-74.0058,0
40.786,-73.9709,0
40.7227,-73.9829,0
40.681,-73.8463,-1
40.7237,-73.9894,0
40.7249,-73.9992,0
40.6975,-73.9757,0
40.7564,-73.9724,0
40.6987,-73.8526,-1
40.7538,-73.97,0
40.6816,-73.9453,-1
40.7429,-73.9822,0
40.714,-74.0092,0
40.7161,-73.9963,0
40.7329,-73.9924,0
40.7536,-73.9948,0
40.7779,-73.9609,0
40.7382,-74.0083,0
40.788,-73.9539,0
40.7368,-73.9915,0
40.7513,-73.9938,0
40.7111,-73.9679,1
40.7471,-73.9851,0
40.7851,-73.9708,0
40.7515,-73.9824,0
40.7126,-74.0098,0
40.7459,-74.0055,0
40.7721,-73.962,0
40.7075,-74.0099,0
40.7069,-74.0083,0
40.7316,-74.0015,0
40.763,-73.9839,0
40.752,-73.9688,0
40.7313,-73.9847,0
40.7016,-73.8884,-1
40.6773,-73.9541,-1
40.7201,-73.9958,0
40.6738,-73.9671,0
40.7209,-73.9975,0
40.7645,-73.9773,0
40.7395,-73.9923,0
40.7437,-74.0023,0
40.7464,-73.9723,0
40.7167,-73.9893,0
40.7276,-74.0054,0
40.7282,-73.9939,0
40.7287,-74.0002,0
40.7391,-74.001,0
40.6789,-73.9736,0
40.7347,-74.0096,0
40.7452,-73.995,0
40.7824,-73.9752,0
40.7237,-73.9964,0
40.7337,-73.9809,0
40.6705,-73.9891,0
40.7532,-73.9713,0
40.7234,-73.9771,0
40.7304,-73.9823,0
40.7845,-73.9539,0
40.7446,-73.9757,0
40.7504,-73.997,0
40.6792,-73.9749,0
40.7444,-73.9954,0
40.7244,-73.9786,0
40.681,-74.0009,0
40.7185,-74.0026,0
40.7521,-73.9819,0
40.7545,-73.9792,0
40.7733,-73.9818,0
40.7486,-73.9946,0
40.745,-73.9888,0
40.7496,-73.9719,0
40.746,-73.9568,-1
40.7782,-73.9453,0
40.7799,-73.9552,0
40.7687,-73.9643,0
40.7255,-73.9407,1
40.7404,-73.9946,0
40.7905,-73.9756,0
40.7378,-73.9866,0
40.7442,-73.9855,0
40.7238,-73.9852,0
40.7387,-74.0087,0
40.7789,-73.9884,0
40.776,-73.9614,0
40.6911,-73.9517,-1
40.7404,-74.0058,0
40.7094,-74.0137,0
40.6266,-73.9707,-1
40.764,-73.9922,0
40.7054,-74.0172,0
40.7559,-73.9677,0
40.7754,-73.9596,0
40.7239,-74.0045,0
40.7727,-73.9787,0
40.6697,-73.9825,0
40.733,-74.0071,0
40.6896,-73.9552,0
40.7758,-73.9762,0
40.7513,-73.994,0
40.7552,-73.9624,0
40.7881,-73.9759,0
40.728,-73.9957,0
40.7366,-73.9908,0
40.7427,-73.9929,0
40.7367,-73.9818,0
40.6713,-73.9845,0
40.7454,-74.0027,0
40.6917,-73.9709,0
40.6875,-73.9904,0
40.692,-73.9598,0
40.7166,-73.9618,1
40.7891,-73.9546,0
40.7157,-74.0058,0
40.7239,-73.9766,0
40.728,-74.0019,0
40.7442,-73.9833,0
40.7207,-74.0003,0
40.7093,-74.0178,0
40.73,-73.9929,0
40.7537,-73.9871,0
40.7505,-73.9855,0
40.7472,-73.9967,0
40.7695,-73.956,0
40.6897,-73.9404,-1
40.7728,-73.9785,0
40.742,-74.0037,0
40.7512,-74.0066,0
40.7194,-73.9996,0
40.7266,-74.0036,0
40.7703,-73.9686,0
40.7388,-73.9871,0
40.778,-73.9606,0
40.7783,-73.9565,0
40.7261,-74.0016,0
40.7666,-73.9592,0
40.7244,-73.9943,0
40.7685,-73.9124,-1
40.8548,-73.8882,-1
40.7314,-73.9848,0
40.7389,-74.0055,0
40.7325,-73.9955,0
40.7312,-73.9883,0
40.7691,-73.9812,0
40.7493,-73.992,0
40.7241,-73.9879,0
40.7274,-73.9256,-1
40.7247,-74.0077,0
40.7878,-73.977,0
40.7129,-73.9954,0
40.7713,-73.9822,0
40.744,-73.989,0
40.775,-73.9539,0
40.7208,-73.8502,-1
40.7491,-73.9921,0
40.687,-73.9901,0
40.7868,-73.9726,0
40.7015,-73.9445,1
40.7959,-73.9705,0
40.7741,-73.8927,-1
40.6769,-74.0008,0
40.6928,-73.9458,-1
40.6752,-73.983,0
40.7222,-73.9933,0
40.7645,-73.9697,0
40.805,-73.9367,-1
40.7708,-73.963,0
40.7091,-74.014,0
40.6723,-73.9872,0
40.707,-74.0167,0
40.7025,-73.9895,0
40.7483,-73.9962,0
40.7437,-73.9859,0
40.7494,-73.9817,0
40.7218,-73.958,1
40.7297,-73.9906,0
40.6891,-73.9924,0
40.6891,-73.9958,0
40.7492,-73.9919,0
40.7451,-73.9986,0
40.6836,-73.9502,-1
40.7392,-73.9936,0
40.7735,-73.9555,0
40.7718,-73.959,0
40.7517,-74.0049,0
40.7629,-73.9823,0
40.7158,-73.9989,0
40.7365,-74.0018,0
40.6708,-73.9576,-1
40.7382,-73.9809,0
40.7741,-73.9468,0
40.7892,-73.9766,0
40.7248,-73.9954,0
40.698,-73.9944,0
40.7552,-73.9988,0
40.7667,-73.9788,0
40.7247,-73.9918,0
40.7787,-73.9758,0
40.7274,-73.9849,0
40.7489,-73.9925,0
40.725,-73.9994,0
40.7858,-73.9504,0
40.7791,-73.9621,0
40.8035,-73.9356,-1
40.7239,-73.9851,0
40.7741,-73.9488,0
40.7075,-73.9483,1
40.7686,-73.9499,0
40.7329,-74.0065,0
40.7151,-74.0079,0
40.7727,-73.9516,0
40.7712,-73.9873,0
40.7604,-73.9752,0
40.7677,-73.9912,0
40.7105,-74.0071,0
40.7457,-73.9014,-1
40.7759,-73.9442,0
40.7607,-73.9753,0
40.7715,-73.9889,0
40.8554,-73.8774,-1
40.685,-73.9613,0
40.7432,-73.9884,0
40.7763,-73.962,0
40.7171,-74.0095,0
40.7444,-73.9715,0
40.745,-73.9577,-1
40.7678,-73.9914,0
40.7272,-74.0002,0
40.7465,-73.9917,0
40.7465,-73.9917,0
40.7792,-73.9165,-1
40.6879,-73.9686,0
40.7197,-73.8858,-1
40.7739,-73.8714,2
40.7211,-73.9811,0
40.716,-73.9995,0
40.7483,-73.996,0
40.7563,-73.9904,0
40.7293,-73.9778,0
40.7534,-73.9785,0
40.7393,-73.9912,0
40.7195,-73.9998,0
40.7792,-73.983,0
40.726,-73.9918,0
40.7457,-73.9571,-1
40.723,-74.001,0
40.7305,-74.0091,0
40.7046,-74.0126,0
40.7305,-73.9959,0
40.73,-74.002,0
40.7236,-73.9517,1
40.724,-73.9842,0
40.716,-73.9655,1
40.7251,-74.0068,0
40.6783,-73.9789,0
40.7203,-73.9543,1
40.7203,-73.9543,1
40.7184,-74.0003,0
40.7687,-73.9438,0
40.7291,-73.9784,0
40.7207,-73.9624,1
40.7607,-73.9784,0
40.685,-73.9922,0
40.7439,-73.9834,0
40.7079,-74.0073,0
40.7446,-73.9809,0
40.6896,-73.9725,0
40.7739,-73.9813,0
40.6643,-73.9612,-1
40.7321,-73.9941,0
40.7281,-73.9865,0
40.7192,-73.9608,1
40.7494,-73.977,0
40.7248,-73.9752,0
40.7736,-73.964,0
40.7668,-73.9535,0
40.7566,-73.9977,0
40.7706,-73.951,0
40.7638,-73.9763,0
40.7685,-73.8624,2
40.724,-73.8496,-1
40.7539,-73.974,0
40.7092,-74.0058,0
40.7128,-73.9475,1
40.7181,-73.8347,-1
40.7244,-74.0017,0
40.6496,-73.9678,-1
40.7738,-73.9502,0
40.7443,-73.9846,0
40.7785,-73.9531,0
40.7471,-73.9736,0
40.752,-73.9771,0
40.7338,-73.9899,0
40.7482,-73.9568,0
40.6651,-73.99,0
40.7452,-73.9905,0
40.7381,-74.0345,-1
40.7106,-73.902,-1
40.7365,-73.9868,0
40.753,-73.9699,0
40.726,-74.0039,0
40.7025,-73.9876,0
40.7124,-73.966,1
40.6847,-73.8314,-1
40.7242,-73.9978,0
40.6397,-73.9679,-1
40.7599,-73.9708,0
40.6905,-73.9897,0
40.7239,-73.988,0
40.7689,-73.9902,0
40.7222,-73.9888,0
40.7197,-73.9623,1
40.742,-74.0046,0
40.8401,-73.9174,-1
40.7652,-73.9715,0
40.7625,-73.9886,0
40.7742,-73.9513,0
40.7741,-73.8725,2
40.7678,-73.9852,0
40.7468,-73.9728,0
40.7194,-74.01,0
40.7507,-73.974,0
40.7095,-74.0149,0
40.7141,-73.9652,1
40.7399,-73.995,0
40.6957,-73.9973,0
40.7123,-73.9947,0
40.71,-73.951,1
40.726,-73.9743,0
40.7262,-73.9919,0
40.778,-73.9458,0
40.7719,-73.9596,0
40.716,-74.0153,0
40.7367,-74.0083,0
40.7686,-73.8626,2
40.6812,-73.9723,0
40.6648,-73.951,-1
40.7598,-73.9763,0
40.6566,-73.9577,-1
40.6887,-73.9894,0
40.7331,-73.9929,0
40.7535,-74.0271,-1
40.7156,-74.0063,0
40.7659,-73.9462,0
40.7303,-73.99,0
40.7534,-73.9708,0
40.6898,-73.9517,-1
40.7649,-73.9609,0
40.7769,-73.9817,0
40.7078,-74.0169,0
40.7241,-73.9968,0
40.6833,-73.9992,0
40.6777,-73.9646,0
40.7136,-73.9988,0
40.7514,-73.994,0
40.7532,-73.8905,-1
40.683,-73.9538,0
40.7665,-73.9782,0
40.7111,-73.9512,1
40.7277,-73.9944,0
40.7659,-73.9768,0
40.7453,-74.0061,0
40.7453,-74.0061,0
40.7099,-74.0606,-1
40.673,-73.9803,0
40.7201,-74.0096,0
40.7578,-73.964,0
40.7744,-73.873,2
40.7291,-73.9873,0
40.7707,-73.9662,0
40.6738,-73.9672,0
40.7229,-73.9395,1
40.7194,-74.0103,0
40.7669,-73.9845,0
40.7645,-73.8832,-1
40.7331,-73.9899,0
40.7887,-73.9551,0
40.6808,-73.9795,0
40.7637,-73.9738,0
40.7381,-73.9899,0
40.7075,-74.0079,0
40.7205,-73.9969,0
40.6805,-73.9652,0
40.7739,-73.8723,2
40.7459,-74.0076,0
40.7506,-73.9701,0
40.7707,-73.9662,0
40.7245,-73.9915,0
40.7425,-73.9977,0
40.6195,-73.9178,-1
40.7682,-73.862,2
40.7674,-73.9205,-1
40.7486,-73.9424,-1
40.7084,-74.0124,0
40.7103,-73.9631,1
40.7114,-74.0082,0
40.7588,-73.9924,0
40.7586,-73.9772,0
40.7534,-73.9346,-1
40.7505,-73.9739,0
40.7216,-73.9875,0
40.7225,-73.9977,0
40.6306,-74.0282,-1
40.7189,-74.0109,0
40.7558,-73.9233,-1
40.7823,-73.9803,0
40.7518,-73.9813,0
40.7341,-73.9951,0
40.7544,-73.926,-1
40.7394,-73.9864,0
40.7417,-73.9995,0
40.7305,-73.98,0
40.7716,-73.9571,0
40.7386,-73.9921,0
40.7364,-74.0068,0
40.6928,-73.9548,0
40.7633,-73.9779,0
40.7203,-73.9843,0
40.7567,-73.9742,0
40.7677,-73.9662,0
40.6865,-73.9551,0
40.7778,-73.9576,0
40.8057,-73.9643,-1
40.723,-73.9101,-1
40.7626,-73.977,0
40.7778,-73.9558,0
40.7231,-73.994,0
40.7419,-73.9904,0
40.7502,-73.914,-1
40.7394,-73.9871,0
40.756,-73.9965,0
40.7198,-74.0016,0
40.7454,-73.9372,-1
40.7274,-73.9935,0
40.7578,-74.0354,-1
40.7679,-73.9917,0
40.7444,-73.9746,0
40.767,-73.9618,0
40.6895,-73.9741,0
40.7254,-73.9915,0
40.7636,-73.9636,0
40.757,-73.9985,0
40.7406,-73.9981,0
40.7163,-74.0077,0
40.6833,-73.9955,0
40.7646,-73.9779,0
40.7139,-73.9618,1
40.6881,-74.0002,0
40.7626,-73.9821,0
40.7244,-73.9834,0
40.7561,-73.973,0
40.7631,-73.9717,0
40.7742,-73.9831,0
40.79,-73.9667,0
40.7315,-74.0031,0
40.7507,-73.9959,0
40.7208,-74.0018,0
40.7048,-74.0155,0
40.7141,-74.0094,0
40.7248,-73.9922,0
40.6464,-73.9603,-1
40.6914,-73.9596,0
40.7001,-73.8319,-1
40.6816,-73.9938,0
40.7568,-73.9818,0
40.7412,-73.9789,0
40.6877,-73.9699,0
40.7359,-73.9759,0
40.7762,-73.9457,0
40.7077,-74.0102,0
40.7279,-73.9958,0
40.7665,-73.9782,0
40.7318,-73.9953,0
40.7168,-73.9546,1
40.6909,-73.9844,0
40.8275,-73.9398,-1
40.7376,-73.9931,0
40.7095,-74.0174,0
40.7241,-73.9788,0
40.7828,-73.9477,0
40.711,-74.0092,0
40.7169,-74.0059,0
40.7593,-73.9713,0
40.7717,-73.9888,0
40.7284,-73.8295,-1
40.7053,-73.9429,1
40.8152,-73.9359,-1
40.7138,-73.9436,1
40.7029,-73.9948,0
40.7805,-73.9462,0
40.7578,-73.8343,-1
40.7164,-73.9666,1
40.7186,-73.8987,-1
40.7545,-73.9677,0
40.7641,-73.977,0
40.7315,-73.9891,0
40.6822,-73.9527,-1
40.7604,-73.9792,0
40.7739,-73.8715,2
40.7662,-73.9908,0
40.7409,-73.9943,0
40.7409,-73.9943,0
40.7388,-74.0087,0
40.6972,-73.9336,-1
40.7597,-73.9763,0
40.8065,-73.9648,-1
40.7343,-74.0061,0
40.7636,-73.9656,0
40.725,-73.9922,0
40.7275,-73.9941,0
40.7446,-73.9919,0
40.7663,-73.9818,0
40.7201,-73.9884,0
40.8189,-73.9273,-1
40.7456,-73.9845,0
40.6813,-73.9731,0
40.739,-73.9814,0
40.6934,-73.91,-1
40.7138,-73.9633,1
40.7541,-73.9977,0
40.783,-73.9739,0
40.7205,-73.9999,0
40.7451,-73.9912,0
40.7412,-73.9979,0
40.685,-73.9546,0
40.7723,-73.9667,0
40.7069,-74.005,0
40.7841,-73.9501,0
40.7504,-73.9811,0
40.7421,-74.0041,0
40.7552,-74.0024,0
40.7322,-74.0077,0
40.7419,-74.0073,0
40.6727,-73.9707,0
40.7206,-73.9833,0
40.7154,-73.9907,0
40.7662,-73.966,0
40.7707,-73.866,2
40.831,-73.8578,-1
40.7639,-73.9226,-1
40.8055,-73.9659,-1
40.7137,-74.0066,0
40.769,-73.961,0
40.6645,-73.9202,-1
40.7331,-74.0023,0
40.7619,-73.9851,0
40.7382,-73.99,0
40.7433,-73.9915,0
40.704,-73.9397,-1
40.678,-73.9388,-1
40.7706,-73.96,0
40.7672,-73.9843,0
40.6252,-73.9618,-1
40.745,-73.9763,0
40.7033,-73.9926,0
40.742,-74.0038,0
40.7201,-73.9938,0
40.7302,-74.0019,0
40.7513,-73.9717,0
40.7678,-73.9914,0
40.7131,-73.9616,1
40.7479,-74.0069,0
40.6926,-73.9536,0
40.7503,-73.9946,0
40.6933,-73.973,0
40.7592,-73.9954,0
40.7223,-73.9932,0
40.7282,-74.0029,0
40.7213,-73.9947,0
40.7458,-73.988,0
40.6648,-73.9774,0
40.7428,-73.9966,0
40.7366,-73.9887,0
40.7527,-74.0045,0
40.6615,-73.9524,-1
40.7401,-73.9917,0
40.7038,-73.8367,-1
40.7639,-73.9734,0
40.6959,-73.9822,0
40.7438,-73.9928,0
40.7607,-73.9918,0
40.7198,-74.0016,0
40.7292,-73.9841,0
40.7432,-73.9887,0
40.7777,-73.9474,0
40.7379,-73.9936,0
40.7626,-73.9237,-1
40.7457,-74.0091,0
40.7161,-74.0027,0
40.775,-73.9909,0
40.7448,-74.0082,0
40.7172,-73.9957,0
40.7451,-73.9757,0
40.7124,-73.9576,1
40.7469,-73.9814,0
40.6601,-73.9783,0
40.7347,-74.0088,0
40.7347,-74.0088,0
40.744,-73.9915,0
40.7228,-74.0045,0
40.744,-73.9973,0
40.7854,-73.95,0
40.7596,-73.9661,0
40.7201,-74.0101,0
40.7847,-73.9541,0
40.7741,-73.873,2
40.7671,-73.9856,0
40.6969,-73.9832,0
40.6578,-74.007,-1
40.7219,-73.9986,0
40.7666,-73.9673,0
40.6764,-73.9805,0
40.7195,-73.959,1
40.7458,-73.9844,0
40.6868,-73.9826,0
40.7486,-73.9928,0
40.7484,-73.9885,0
40.6525,-73.9726,-1
40.7337,-73.9977,0
40.7776,-73.9511,0
40.7008,-73.9192,-1
40.6871,-73.9097,-1
40.7321,-73.9865,0
40.7512,-73.9826,0
40.7084,-73.9534,1
40.7643,-73.9921,0
40.6685,-73.978,0
40.7503,-73.9967,0
40.7528,-73.9713,0
40.7466,-73.9859,0
40.756,-73.9968,0
40.7035,-73.9801,0
40.7131,-73.9387,1
40.6884,-73.9644,0
40.6991,-73.9081,-1
40.775,-73.9632,0
40.7309,-74.0061,0
40.7842,-73.9738,0
40.751,-74.0022,0
40.7225,-73.9831,0
40.7071,-73.9458,1
40.6862,-73.9122,-1
40.7027,-73.9811,0
40.7119,-74.0064,0
40.7466,-73.9918,0
40.7729,-73.9784,0
40.7265,-74.0023,0
40.7224,-73.9873,0
40.8104,-73.94,-1
40.7692,-73.9533,0
40.7278,-73.9958,0
40.6882,-73.9867,0
40.7794,-73.9615,0
40.7216,-73.9824,0
40.7807,-73.9563,0
40.7454,-74.0045,0
40.715,-74.016,0
40.7368,-73.9859,0
40.7571,-73.9818,0
40.685,-73.9997,0
40.7936,-73.9713,0
40.7399,-73.9908,0
40.7747,-73.9901,0
40.7395,-74.0027,0
40.7141,-73.9488,1
40.7362,-73.9746,0
40.7401,-73.9741,0
40.6806,-74.0011,0
40.7442,-73.9855,0
40.8062,-73.889,-1
40.7597,-73.9876,0
40.7524,-73.9817,0
40.7728,-73.9583,0
40.7448,-73.9798,0
40.7568,-73.9887,0
40.711,-74.0059,0
40.8567,-73.8651,-1
40.8395,-73.941,-1
40.7385,-73.9976,0
40.7742,-73.981,0
40.7207,-73.9612,1
40.7199,-73.9984,0
40.7524,-73.9128,-1
40.7389,-74.0056,0
40.7422,-73.987,0
40.7643,-73.996,0
40.7431,-74.0075,0
40.7518,-73.9937,0
40.6781,-73.974,0
40.7554,-73.9731,0
40.7075,-74.0059,0
40.7274,-74.0016,0
40.7321,-73.9864,0
40.7567,-73.9672,0
40.7201,-74.0012,0
40.752,-73.9724,0
40.7645,-73.9776,0
40.7304,-73.9926,0
40.7645,-73.9687,0
40.7267,-73.9075,-1
40.7719,-73.947,0
40.6999,-73.9341,-1
40.7456,-74.0056,0
40.776,-73.9615,0
40.7093,-74.0109,0
40.7663,-73.9916,0
40.7048,-73.92,-1
40.6872,-73.9747,0
40.7555,-73.9276,-1
40.7685,-73.8625,2
40.6252,-73.9198,-1
40.7523,-73.9256,-1
40.7142,-73.988,0
40.7375,-73.9902,0
40.6647,-73.9768,0
40.7456,-73.9908,0
40.7135,-73.9975,0
40.7586,-73.9727,0
40.747,-73.9527,-1
40.7724,-73.9669,0
40.7594,-73.9809,0
40.7095,-74.0139,0
40.6768,-74.0135,-1
40.7647,-73.9739,0
40.8243,-73.9454,-1
40.713,-73.9964,0
40.7246,-73.9984,0
40.7428,-73.9947,0
40.7215,-73.9922,0
40.7471,-74.0092,0
40.7517,-73.9766,0
40.7616,-74.0002,0
40.7295,-74.0408,-1
40.7525,-73.9682,0
40.7167,-73.9908,0
40.7591,-73.9766,0
40.6882,-73.9628,0
40.7331,-73.9899,0
40.7307,-73.9577,1
40.7059,-74.0038,0
40.7309,-74.0028,0
40.7358,-74.004,0
40.7377,-74.0082,0
40.7645,-73.9782,0
40.7196,-73.9847,0
40.7209,-73.9611,1
40.7661,-73.9892,0
40.7264,-73.9917,0
40.77,-73.8642,2
40.7195,-74.0103,0
40.6933,-73.9472,-1
40.766,-73.9831,0
40.6787,-73.9864,0
40.7993,-73.9685,0
40.7596,-73.9856,0
40.715,-74.0099,0
40.7204,-74.0057,0
40.7279,-73.9573,1
40.7342,-74.0045,0
40.7365,-73.9888,0
40.7076,-73.9684,1
40.6781,-73.9731,0
40.742,-74.0037,0
40.7579,-73.9892,0
40.6768,-74.0137,-1
40.7696,-73.9603,0
40.7239,-73.9922,0
40.7752,-73.9636,0
40.8364,-73.8853,-1
40.7192,-73.9462,1
40.6781,-73.9529,-1
40.7263,-73.9983,0
40.7669,-73.917,-1
40.7581,-73.96,0
40.7291,-73.9889,0
40.7507,-73.9978,0
40.7596,-73.9229,-1
40.7156,-73.952,1
40.7309,-73.974,0
40.7151,-73.997,0
40.7412,-74.0056,0
40.7092,-73.9692,1
40.7649,-73.959,0
40.7658,-73.9829,0
40.7303,-73.9937,0
40.7233,-73.9956,0
40.7268,-73.9871,0
40.7403,-73.9886,0
40.7497,-73.9916,0
40.7115,-73.996,0
40.77,-73.8646,2
40.7248,-73.9972,0
40.7541,-73.972,0
40.7267,-74.0084,0
40.7078,-73.9462,1
40.7585,-73.9891,0
40.7777,-73.983,0
40.7511,-73.9826,0
40.6981,-73.9927,0
40.6582,-73.9774,-1
40.7444,-73.9962,0
40.7469,-73.9756,0
40.721,-73.961,1
40.7141,-74.0095,0
40.7221,-73.9862,0
40.6895,-73.971,0
40.672,-73.9635,0
40.7301,-73.9556,1
40.7219,-73.9997,0
40.6874,-73.9729,0
40.7224,-73.9887,0
40.7126,-73.9902,0
40.7206,-74.0052,0
40.7029,-74.0145,0
40.7604,-73.972,0
40.7237,-73.9969,0
40.7196,-73.9641,1
40.7589,-73.9898,0
40.7426,-73.9847,0
40.7181,-74.0105,0
40.7421,-73.9748,0
40.7673,-73.9844,0
40.7271,-74.0018,0
40.7561,-73.9874,0
40.7148,-73.9977,0
40.7206,-73.9938,0
40.7507,-73.9902,0
40.7462,-73.9779,0
40.7444,-73.9875,0
40.7119,-73.9562,1
40.7151,-73.9397,1
40.7388,-74.0089,0
40.7199,-74.0043,0
40.7651,-73.9909,0
40.6934,-73.9996,0
40.7653,-73.9754,0
40.7198,-73.9885,0
40.7249,-74.0059,0
40.7509,-73.9744,0
40.7762,-73.9822,0
40.7499,-74.0054,0
40.7272,-74.0007,0
40.7466,-73.9806,0
40.7253,-73.9927,0
40.7598,-73.9741,0
40.7304,-74.0015,0
40.7057,-74.0097,0
40.7503,-73.9948,0
40.7421,-73.9968,0
40.7593,-73.9745,0
40.7738,-73.9822,0
40.7351,-73.9893,0
40.7379,-74.0043,0
40.7625,-73.9668,0
40.7785,-73.9553,0
40.7058,-74.0099,0
40.6397,-73.9677,-1
40.765,-73.965,0
40.695,-73.9197,-1
40.8566,-73.8395,-1
40.7592,-73.9944,0
40.6749,-73.9691,0
40.7685,-73.9656,0
40.7741,-73.8726,2
40.7261,-73.9873,0
40.7545,-73.9844,0
40.6937,-73.9836,0
40.7919,-73.9742,0
40.7759,-73.9562,0
40.7222,-74.0039,0
40.7078,-74.0126,0
40.7154,-73.9933,0
40.7083,-73.8518,-1
40.777,-73.9858,0
40.7421,-73.9773,0
40.7337,-73.9899,0
40.7481,-74.0039,0
40.7162,-74.0045,0
40.6969,-73.9736,0
40.7642,-73.9667,0
40.7323,-73.9548,1
40.7246,-73.8453,-1
40.7427,-74.0072,0
40.7466,-73.9818,0
40.7678,-73.962,0
40.7277,-73.9838,0
40.7436,-73.9587,-1
40.7601,-73.9808,0
40.7167,-73.9935,0
40.7167,-73.9935,0
40.7347,-74.0,0
40.8298,-74.084,-1
40.7473,-73.9854,0
40.7236,-74.0035,0
40.7079,-73.9223,-1
40.7071,-74.0018,0
40.7579,-73.9893,0
40.7609,-73.9988,0
40.7302,-74.0047,0
40.729,-74.0009,0
40.7768,-73.9473,0
40.7248,-73.9874,0
40.7443,-73.9762,0
40.774,-73.8717,2
40.822,-73.9518,-1
40.7337,-74.0069,0
40.7512,-73.9351,-1
40.7848,-73.9828,0
40.7666,-73.9826,0
40.7359,-73.9974,0
40.7741,-73.8724,2
40.7718,-73.9906,0
40.7287,-73.9994,0
40.7104,-73.9641,1
40.7245,-74.0019,0
40.762,-73.9677,0
40.6859,-73.9985,0
40.7076,-73.9491,1
40.7696,-73.9876,0
40.7387,-73.9903,0
40.7367,-73.9889,0
40.725,-73.9387,-1
40.7716,-73.9512,0
40.7365,-74.0059,0
40.6599,-73.9605,-1
40.7763,-73.9879,0
40.768,-73.9916,0
40.7738,-73.8745,2
40.6824,-73.9121,-1
40.7394,-74.0078,0
40.6975,-73.9372,-1
40.7783,-73.9628,0
40.7332,-74.0056,0
40.7485,-73.9906,0
40.7247,-73.9918,0
40.7735,-73.9642,0
40.7594,-73.9853,0
40.6894,-73.9859,0
40.668,-73.9786,0
40.7413,-73.9831,0
40.7444,-73.9745,0
40.7089,-74.0107,0
40.7758,-73.9204,-1
40.7071,-74.0068,0
40.7749,-73.9584,0
40.7075,-74.074,-1
40.7329,-73.9574,1
40.7242,-73.9787,0
40.747,-73.9897,0
40.7738,-73.8721,2
40.7304,-73.9936,0
40.7532,-74.0036,0
40.7278,-74.0023,0
40.7868,-73.9504,0
40.7849,-73.9547,0
40.6828,-73.998,0
40.7142,-73.9652,1
40.729,-74.009,0
40.7611,-73.9833,0
40.721,-73.9948,0
40.7936,-73.9673,0
40.7455,-73.9325,-1
40.7258,-73.992,0
40.6693,-73.9778,0
40.7251,-73.9792,0
40.7498,-73.992,0
40.7161,-74.0087,0
40.6816,-73.9289,-1
40.7886,-73.9706,0
40.7161,-73.9895,0
40.7644,-73.9597,0
40.7914,-73.9525,0
40.758,-73.9275,-1
40.7741,-73.8723,2
40.7474,-74.0081,0
40.6727,-73.9834,0
40.6883,-73.9332,-1
40.7502,-74.0081,0
40.7231,-73.9976,0
40.6859,-74.0003,0
40.7153,-73.9842,0
40.7411,-73.9961,0
40.7306,-74.0067,0
40.7163,-74.0045,0
40.7638,-73.9739,0
40.7151,-73.9834,0
40.7794,-73.962,0
40.7131,-73.9566,1
40.7269,-73.9998,0
40.7702,-73.8652,2
40.6838,-73.9759,0
40.6923,-73.9497,-1
40.7707,-73.9569,0
40.7203,-74.0035,0
40.6967,-73.9934,0
40.713,-73.9574,1
40.7461,-73.9779,0
40.7024,-73.9903,0
40.7156,-74.0063,0
40.7531,-73.9805,0
40.6877,-73.938,-1
40.7275,-73.9793,0
40.7219,-74.0027,0
40.7038,-73.9311,-1
40.7174,-74.0028,0
40.7958,-73.9704,0
40.7103,-73.9501,1
40.737,-73.9888,0
40.7195,-73.9997,0
40.7394,-73.9953,0
40.7192,-73.9897,0
40.7171,-73.9564,1
40.7199,-73.9879,0
40.7441,-73.9784,0
40.8292,-73.9409,-1
40.7072,-74.0075,0
40.7546,-73.9833,0
40.7285,-73.9906,0
40.7607,-73.9989,0
40.7571,-73.999,0
40.7583,-74.0001,0
40.7209,-73.9611,1
40.7191,-74.0047,0
40.7397,-73.9874,0
40.7848,-73.9482,0
40.6689,-73.9308,-1
40.7224,-73.9823,0
40.7191,-73.9871,0
40.7284,-73.9878,0
40.7649,-73.9633,0
40.7539,-73.9679,0
40.7302,-73.9002,-1
40.7638,-73.968,0
40.7483,-73.9926,0
40.7656,-73.9829,0
40.783,-73.9781,0
40.7238,-74.0002,0
40.7455,-73.9793,0
40.7126,-73.9904,0
40.757,-74.0012,0
40.6866,-73.9595,0
40.7748,-73.982,0
40.7971,-73.9717,0
40.7541,-73.9804,0
40.7162,-74.0131,0
40.6751,-74.0166,-1
40.721,-73.9555,1
40.7349,-73.9971,0
40.7554,-73.9932,0
40.7256,-74.0052,0
40.7333,-73.9872,0
40.7742,-73.9885,0
40.7071,-73.9482,1
40.7196,-73.9942,0
40.7452,-73.9951,0
40.7095,-74.0174,0
40.759,-73.9924,0
40.7547,-73.9657,0
40.7875,-73.9548,0
40.8283,-73.9311,-1
40.7731,-73.9502,0
40.7699,-73.9632,0
40.6917,-73.9899,0
40.7379,-73.9901,0
40.7355,-73.9967,0
40.7404,-73.9821,0
40.7448,-73.9978,0
40.721,-73.9939,0
40.7754,-73.9903,0
40.777,-73.9754,0
40.7314,-73.9595,1
40.6677,-73.9875,0
40.7216,-73.9837,0
40.7452,-73.9562,-1
40.6818,-73.9741,0
40.7282,-74.0021,0
40.7665,-73.959,0
40.7377,-74.0003,0
40.7286,-74.0002,0
40.7127,-73.9569,1
40.7623,-73.9768,0
40.7422,-73.9949,0
40.7641,-73.9944,0
40.7564,-73.9723,0
40.7631,-73.9763,0
40.7315,-73.987,0
40.753,-73.9779,0
40.7261,-73.9984,0
40.7483,-74.0057,0
40.723,-73.9827,0
40.8297,-73.9386,-1
40.7258,-73.9774,0
40.7705,-73.9627,0
40.7493,-73.9956,0
40.673,-73.9421,-1
40.8023,-73.9453,-1
40.7971,-73.8202,-1
40.7159,-73.965,1
40.7236,-74.0113,0
40.7105,-73.9478,1
40.8063,-73.9615,-1
40.764,-73.9985,0
40.7665,-73.9217,-1
40.7131,-73.9622,1
40.7227,-74.0044,0
40.7596,-73.9207,-1
40.7791,-73.9487,0
40.7445,-73.9761,0
40.6619,-73.9857,0
40.7401,-73.9864,0
40.7173,-74.016,0
40.7626,-73.9964,0
40.7526,-73.9739,0
40.7184,-73.9617,1
40.6859,-73.9943,0
40.7222,-73.9833,0
40.738,-73.9981,0
40.7501,-73.9906,0
40.7673,-73.9848,0
40.7741,-73.8725,2
40.8037,-73.9486,-1
40.6877,-73.9706,0
40.67,-73.9914,0
40.7099,-74.0045,0
40.7396,-74.0065,0
40.758,-73.9777,0
40.7566,-73.994,0
40.7206,-73.997,0
40.7053,-74.0069,0
40.7641,-73.9609,0
40.7289,-73.9994,0
40.6635,-73.9894,0
40.707,-74.0174,0
40.7399,-74.0061,0
40.7699,-73.9806,0
40.7061,-73.9161,-1
40.707,-74.0164,0
40.7479,-73.9947,0
40.7479,-73.9947,0
40.7707,-73.9917,0
40.7298,-74.004,0
40.7182,-73.9582,1
40.7143,-73.9871,0
40.7501,-73.9706,0
40.6834,-73.9554,0
40.7133,-73.962,1
40.6863,-73.9992,0
40.7022,-73.9829,0
40.7627,-73.9948,0
40.7693,-73.9694,0
40.75,-73.9919,0
40.7074,-73.9449,1
40.7353,-74.0096,0
40.7507,-73.9742,0
40.7552,-73.9682,0
40.7763,-73.9619,0
40.7354,-73.9877,0
40.7745,-73.9511,0
40.6982,-73.9327,-1
40.7855,-73.9838,0
40.7855,-73.984,0
40.6893,-73.9849,0
40.7396,-73.9925,0
40.7353,-73.9585,1
40.7078,-73.9467,1
40.776,-73.9472,0
40.776,-73.9472,0
40.714,-74.0064,0
40.7346,-74.0061,0
40.7492,-73.9749,0
40.7524,-73.9685,0
40.7278,-74.0031,0
40.6694,-73.9621,-1
40.7249,-73.9883,0
40.7263,-74.009,0
40.7034,-73.9847,0
40.7083,-73.9405,1
40.7264,-74.0474,-1
40.7448,-73.9757,0
40.6785,-73.9509,-1
40.6869,-73.9192,-1
40.7324,-73.9892,0
40.7023,-73.8158,-1
40.7787,-73.9868,0
40.7109,-74.006,0
40.7855,-73.9696,0
40.7613,-73.962,0
40.7325,-73.9962,0
40.734,-73.9779,0
40.74,-74.0059,0
40.7223,-73.9993,0
40.7223,-73.9993,0
40.7088,-74.0161,0
40.7755,-73.9906,0
40.7189,-74.0065,0
40.7664,-73.983,0
40.77,-73.9512,0
40.8046,-73.9374,-1
40.7102,-74.0156,0
40.7358,-73.9751,0
40.6855,-73.957,0
40.7279,-73.9932,0
40.7713,-73.9622,0
40.6922,-73.9443,-1
40.769,-73.9844,0
40.7369,-74.0034,0
40.6855,-73.9788,0
40.7646,-73.99,0
40.7128,-73.9585,1
40.6916,-73.9843,0
40.703,-73.9945,0
40.7473,-73.9551,-1
40.7226,-73.9979,0
40.7255,-73.9576,1
40.7642,-73.9737,0
40.6326,-73.9647,-1
40.7512,-73.9751,0
40.7699,-73.9805,0
40.7494,-73.9543,-1
40.7368,-73.9846,0
40.7763,-73.988,0
40.7101,-74.0114,0
40.7694,-73.9349,-1
40.6747,-73.9976,0
40.7556,-74.0016,0
40.7744,-73.9652,0
40.7119,-73.9996,0
40.742,-73.9809,0
40.7356,-74.0034,0
40.7631,-73.9738,0
40.7105,-73.9537,1
40.6926,-73.9473,-1
40.7219,-73.9848,0
40.6938,-73.928,-1
40.7682,-73.8621,2
40.7294,-73.986,0
40.7269,-73.9779,0
40.7536,-73.9712,0
40.7445,-73.9439,-1
40.7234,-73.9956,0
40.7575,-73.8342,-1
40.8523,-73.9175,-1
40.8523,-73.9175,-1
40.718,-74.0083,0
40.6914,-73.9597,0
40.743,-73.991,0
40.765,-73.9723,0
40.7934,-73.9404,-1
40.7212,-73.9859,0
40.721,-73.986,0
40.7688,-73.9217,-1
40.7773,-73.9889,0
40.7255,-73.9939,0
40.7255,-73.9939,0
40.7306,-74.0097,0
40.6747,-74.016,-1
40.697,-73.9736,0
40.6723,-73.9646,0
40.7335,-74.0045,0
40.689,-73.9881,0
40.779,-73.9622,0
40.6846,-73.9982,0
40.752,-73.982,0
40.7691,-73.9522,0
40.7334,-73.9997,0
40.7201,-73.9999,0
40.759,-73.9894,0
40.7456,-73.9825,0
40.7645,-73.9957,0
40.7569,-73.9774,0
40.7401,-73.987,0
40.7839,-73.9718,0
40.6745,-73.9631,0
40.6856,-73.9563,0
40.723,-74.0363,-1
40.7757,-73.9865,0
40.7984,-74.0093,-1
40.7288,-74.0004,0
40.7614,-73.9977,0
40.6785,-73.9967,0
40.7244,-74.002,0
40.805,-73.913,-1
40.69,-73.9922,0
40.7195,-74.0322,-1
40.6893,-73.9565,0
40.7567,-73.9209,-1
40.7663,-73.9675,0
40.6739,-73.9645,0
40.7597,-73.9744,0
40.7707,-73.9625,0
40.6932,-73.9481,-1
40.7391,-73.9986,0
40.7372,-73.9793,0
40.711,-73.9564,1
40.7653,-73.9753,0
40.7646,-73.9684,0
40.7665,-73.9863,0
40.6432,-73.9114,-1
40.6794,-73.9605,0
40.7194,-73.9632,1
40.7093,-74.0019,0
40.7093,-74.0019,0
40.6856,-73.9739,0
40.7245,-73.9915,0
40.723,-73.9948,0
40.719,-73.9625,1
40.7716,-73.9488,0
40.7442,-73.9912,0
40.7567,-73.9939,0
40.7443,-73.9805,0
40.7175,-73.9952,0
40.6825,-73.9569,0
40.7394,-73.9973,0
40.7476,-73.9564,-1
40.7609,-73.9687,0
40.7329,-73.9923,0
40.7999,-73.9576,-1
40.7646,-73.9808,0
40.755,-73.9653,0
40.7249,-74.0101,0
40.7262,-73.9961,0
40.7412,-73.979,0
40.7048,-74.0079,0
40.7391,-73.9932,0
40.7875,-73.9678,0
40.7998,-73.9248,-1
40.7268,-73.9927,0
40.7502,-73.977,0
40.7428,-74.0018,0
40.7385,-73.9737,0
40.7807,-73.9816,0
40.7495,-73.9949,0
40.7279,-73.9897,0
40.733,-73.9981,0
40.7762,-73.9618,0
40.7652,-73.9592,0
40.7431,-73.9884,0
40.725,-73.9884,0
40.7494,-73.9914,0
40.6861,-73.9807,0
40.7341,-73.9911,0
40.7042,-73.9299,-1
40.7394,-73.9922,0
40.7198,-73.9534,1
40.7225,-73.9832,0
40.7218,-73.985,0
40.7636,-73.9814,0
40.8219,-73.8903,-1
40.8071,-73.9657,-1
40.7246,-74.0685,-1
40.7731,-73.8859,-1
40.7048,-74.0107,0
40.8023,-73.9452,-1
40.6748,-73.9408,-1
40.7726,-73.9895,0
40.7208,-73.9613,1
40.703,-73.9842,0
40.7686,-73.9577,0
40.6937,-73.9831,0
40.6837,-73.9077,-1
40.7061,-74.013,0
40.6597,-73.9033,-1
40.7306,-73.9586,1
40.7259,-73.9986,0
40.6886,-73.981,0
40.7365,-73.9552,1
40.7094,-73.961,1
40.7528,-73.945,-1
40.7053,-74.0075,0
40.7261,-73.9918,0
40.7828,-73.9573,0
40.7614,-73.9782,0
40.7666,-73.9646,0
40.7458,-73.9823,0
40.7344,-74.0018,0
40.7437,-73.9829,0
40.7607,-73.9982,0
40.7083,-73.8356,-1
40.7663,-73.9779,0
40.7635,-73.9731,0
40.7386,-73.9885,0
40.7813,-73.9598,0
40.7813,-73.9598,0
40.6595,-73.9957,-1
40.7166,-73.9558,1
40.7321,-74.0066,0
40.7641,-73.973,0
40.6647,-73.9974,-1
40.7384,-73.9855,0
40.6725,-73.9608,0
40.7319,-73.9882,0
40.7205,-73.9927,0
40.7671,-73.8395,-1
40.6873,-73.9898,0
40.6873,-73.9898,0
40.7614,-73.9761,0
40.7796,-73.9474,0
40.6769,-73.9838,0
40.679,-73.9785,0
40.7794,-73.9609,0
40.7627,-73.917,-1
40.6811,-73.9297,-1
40.7194,-73.9974,0
40.7438,-73.9851,0
40.6661,-73.9781,0
40.7077,-73.9684,1
40.789,-73.9756,0
40.7747,-73.9624,0
40.7264,-73.9562,1
40.7258,-74.0,0
40.7325,-74.0099,0
40.7402,-73.9947,0
40.7503,-73.9874,0
40.7655,-73.9758,0
40.7181,-73.9448,1
40.7607,-73.9801,0
40.6938,-73.9237,-1
40.7383,-73.9948,0
40.6429,-73.9776,-1
40.7619,-73.9849,0
40.6693,-73.9779,0
40.7454,-73.9564,-1
40.71,-74.0154,0
40.7409,-73.9593,-1
40.6975,-73.9586,0
40.6914,-73.9685,0
40.7477,-73.975,0
40.7748,-73.9504,0
40.7372,-73.9796,0
40.6789,-73.9653,0
40.7941,-73.9737,0
40.7681,-73.9832,0
40.715,-74.0112,0
40.7351,-74.0002,0
40.7725,-73.9484,0
40.7293,-73.9837,0
40.7591,-73.961,0
40.7239,-74.0003,0
40.675,-73.9525,-1
40.7854,-73.973,0
40.7065,-74.0047,0
40.7389,-74.0073,0
40.7463,-73.9928,0
40.683,-74.0004,0
40.7526,-73.9678,0
40.743,-73.9873,0
40.7632,-73.9787,0
40.6754,-73.9626,0
40.7675,-73.9667,0
40.6757,-73.8764,-1
40.7466,-73.997,0
40.7391,-74.0055,0
40.7713,-73.921,-1
40.767,-74.0249,-1
40.6877,-73.9988,0
40.7483,-74.0055,0
40.7599,-73.9718,0
40.7157,-74.0155,0
40.7365,-73.9968,0
40.7614,-73.9997,0
40.7812,-73.9575,0
40.6712,-73.9887,0
40.7091,-73.9598,1
40.7406,-74.0068,0
40.8372,-73.9388,-1
40.6634,-73.9597,-1
40.7216,-73.9994,0
40.7655,-73.9627,0
40.6986,-73.9344,-1
40.7301,-73.9817,0
40.6655,-73.9367,-1
40.6753,-73.9889,0
40.7611,-73.9991,0
40.7074,-74.0921,-1
40.7226,-73.983,0
40.7577,-73.9909,0
40.7204,-73.9937,0
40.715,-74.0114,0
40.7184,-73.9938,0
40.6776,-73.9482,-1
40.7158,-74.0038,0
40.6748,-73.9398,-1
40.7668,-73.967,0
40.7209,-73.9611,1
40.736,-73.9978,0
40.7173,-74.0016,0
40.7242,-73.993,0
40.7015,-73.9102,-1
40.7144,-73.9567,1
40.7473,-73.9933,0
40.7345,-73.9963,0
40.6855,-73.9693,0
40.7557,-73.9819,0
40.7656,-73.9545,0
40.71,-74.0091,0
40.7191,-73.986,0
40.6919,-73.9658,0
40.7726,-73.9593,0
40.77,-73.9808,0
40.7504,-73.9794,0
40.7742,-73.9847,0
40.7238,-73.8548,-1
40.7073,-74.0158,0
40.7849,-73.9557,0
40.7343,-74.0027,0
40.7366,-74.0065,0
40.7151,-73.9606,1
40.7616,-73.9664,0
40.7519,-73.9927,0
40.7704,-73.9641,0
40.7686,-73.9541,0
40.7144,-73.9902,0
40.7716,-73.9487,0
40.6928,-73.9931,0
40.7843,-73.9702,0
40.7556,-73.9718,0
40.7488,-73.9718,0
40.7642,-73.9667,0
40.7119,-73.9867,0
40.7457,-73.9939,0
40.7218,-73.958,1
40.7612,-73.9875,0
40.7612,-73.9875,0
40.7217,-73.9889,0
40.7274,-73.9869,0
40.7206,-73.9927,0
40.7213,-73.9796,0
40.7644,-73.956,0
40.774,-73.8722,2
40.7504,-73.9739,0
40.7317,-73.9949,0
40.7432,-73.98,0
40.7619,-73.9754,0
40.7056,-73.9265,-1
40.7038,-73.9858,0
40.7504,-73.9042,-1
40.7426,-73.9839,0
40.6761,-73.961,0
40.7428,-73.9581,-1
40.7342,-74.0032,0
40.7186,-73.959,1
40.7298,-73.9868,0
40.7036,-74.011,0
40.7804,-73.9537,0
40.7164,-73.9667,1
40.7121,-73.9974,0
40.7516,-73.9764,0
40.7188,-73.9832,0
40.7799,-73.9734,0
40.7474,-73.99,0
40.7438,-73.989,0
40.727,-73.9913,0
40.7075,-74.0097,0
40.736,-74.0049,0
40.736,-74.0049,0
40.7281,-73.9807,0
40.7835,-73.9804,0
40.7544,-73.9928,0
40.7184,-73.9586,1
40.7254,-73.9967,0
40.7855,-73.9692,0
40.7718,-73.989,0
40.7643,-73.9921,0
40.7973,-73.9498,-1
40.7741,-73.8727,2
40.7252,-73.9811,0
40.6619,-73.9478,-1
40.7354,-73.9877,0
40.6672,-73.9839,0
40.7715,-73.9811,0
40.7363,-73.9934,0
40.7171,-73.9417,1
40.7536,-73.9949,0
40.7424,-74.0045,0
40.744,-73.9879,0
40.7388,-74.0025,0
40.6624,-73.9365,-1
40.6758,-73.9438,-1
40.7838,-73.9796,0
40.6749,-73.943,-1
40.724,-74.0032,0
40.6299,-73.93,-1
40.6693,-73.9918,0
40.7107,-73.9539,1
40.7116,-73.9925,0
40.7534,-73.9784,0
40.7693,-73.8997,-1
40.7344,-74.0068,0
40.6842,-73.968,0
40.7643,-73.9738,0
40.7514,-74.0015,0
40.7301,-73.9815,0
40.7616,-73.9707,0
40.7616,-73.9707,0
40.6747,-73.9231,-1
40.7712,-73.9814,0
40.7468,-73.9961,0
40.7176,-73.958,1
40.7176,-73.958,1
40.7221,-74.004,0
40.7374,-73.8814,-1
40.7128,-74.0091,0
40.7321,-73.9964,0
40.6754,-73.9536,-1
40.7209,-73.9808,0
40.7593,-73.9518,0
40.7171,-74.0018,0
40.7407,-74.0045,0
40.6775,-73.9797,0
40.7176,-73.9426,1
40.6894,-73.9551,0
40.7671,-73.9843,0
40.718,-73.955,1
40.6868,-73.9656,0
40.7514,-73.974,0
40.7104,-74.0082,0
40.7649,-73.9609,0
40.724,-73.9489,1
40.6846,-73.9849,0
40.7343,-74.0028,0
40.7308,-73.989,0
40.7212,-73.9947,0
40.7756,-73.9463,0
40.7758,-73.979,0
40.7269,-73.9912,0
40.764,-73.9791,0
40.6949,-73.9227,-1
40.7532,-73.9938,0
40.7633,-73.9593,0
40.683,-73.9627,0
40.7352,-73.9938,0
40.7539,-73.9715,0
40.7625,-73.9962,0
40.8153,-73.9415,-1
40.7404,-74.0358,-1
40.765,-73.9878,0
40.7321,-74.0015,0
40.7701,-73.8647,2
40.7712,-73.9894,0
40.6934,-73.9761,0
40.7435,-73.9903,0
40.7552,-73.9654,0
40.7858,-73.9725,0
40.6939,-73.9925,0
40.7242,-73.9976,0
40.7147,-73.9977,0
40.6945,-73.9836,0
40.8526,-73.8276,-1
40.7353,-74.0054,0
40.7016,-74.0126,0
40.7832,-73.9724,0
40.7031,-73.9907,0
40.6589,-73.9833,-1
40.7924,-73.9732,0
40.7635,-73.9736,0
40.7709,-73.8659,2
40.6404,-73.9566,-1
40.7728,-73.9795,0
40.7565,-73.9791,0
40.7383,-73.997,0
40.7535,-73.9845,0
40.7519,-73.9943,0
40.6772,-73.9668,0
40.7199,-73.9623,1
40.7447,-73.9799,0
40.7447,-73.8919,-1
40.7245,-73.9906,0
40.7095,-74.0065,0
40.7646,-73.9705,0
40.7813,-73.976,0
40.7166,-73.9522,1
40.7506,-73.9858,0
40.7568,-73.9783,0
40.7234,-73.9888,0
40.7689,-73.9814,0
40.7766,-73.9831,0
40.7714,-73.8171,-1
40.7554,-74.0023,0
40.7306,-74.009,0
40.7175,-73.9645,1
40.6919,-73.9842,0
40.7163,-74.0047,0
40.7456,-73.9866,0
40.74,-73.9953,0
40.7644,-73.9739,0
40.669,-73.9592,-1
40.7238,-74.0111,0
40.7033,-73.9847,0
40.6795,-73.9384,-1
40.7526,-73.9808,0
40.7075,-74.007,0
40.7769,-73.9774,0
40.6304,-73.8953,-1
40.7708,-73.8657,2
40.7517,-73.8265,-1
40.7578,-74.0007,0
40.7148,-73.9135,-1
40.7189,-73.9623,1
40.7278,-74.0042,0
40.7164,-73.9659,1
40.7645,-73.9783,0
40.7407,-74.0529,-1
40.718,-74.0073,0
40.7672,-73.9665,0
40.7712,-73.9601,0
40.7712,-73.9601,0
40.7582,-73.9921,0
40.7707,-73.8655,2
40.7457,-74.0092,0
40.6942,-73.9834,0
40.745,-73.9355,-1
40.7367,-73.9889,0
40.7542,-73.9943,0
40.7264,-74.0388,-1
40.7207,-74.0041,0
40.7207,-74.0041,0
40.7069,-74.0022,0
40.7448,-73.9892,0
40.7338,-74.0013,0
40.7329,-73.9861,0
40.7299,-73.9889,0
40.831,-73.9269,-1
40.7573,-74.0009,0
40.7545,-73.9992,0
40.7208,-73.961,1
40.8396,-73.9416,-1
40.7437,-73.9892,0
40.766,-73.9637,0
40.7152,-73.9653,1
40.7431,-73.9933,0
40.7534,-73.9786,0
40.8074,-73.9649,-1
40.7454,-73.9795,0
40.7546,-73.9842,0
40.7394,-74.0063,0
40.7406,-74.0056,0
40.7788,-73.9478,0
40.7305,-74.0091,0
40.7374,-73.9926,0
40.7161,-74.0123,0
40.7223,-74.0008,0
40.7713,-73.9897,0
40.7729,-73.9583,0
40.7626,-73.9718,0
40.7446,-73.8864,-1
40.7529,-73.9812,0
40.7502,-73.9947,0
40.8114,-73.9497,-1
40.7337,-73.9898,0
40.7735,-73.9518,0
40.7408,-74.0076,0
40.764,-73.9764,0
40.7039,-73.9896,0
40.7757,-73.9527,0
40.688,-73.9973,0
40.7316,-74.0008,0
40.7304,-73.9824,0
40.7455,-73.9795,0
40.7599,-73.9914,0
40.7528,-73.9341,-1
40.7917,-73.9741,0
40.7504,-73.9748,0
40.6383,-73.9425,-1
40.7525,-73.9961,0
40.7432,-74.0074,0
40.7178,-73.952,1
40.7566,-73.9928,0
40.758,-74.0008,0
40.7245,-73.9834,0
40.7079,-74.0116,0
40.7191,-73.9895,0
40.682,-73.9285,-1
40.7685,-73.8624,2
40.7043,-74.0088,0
40.7625,-73.9823,0
40.7585,-73.9922,0
40.7556,-73.9744,0
40.7017,-73.9191,-1
40.7784,-73.9482,0
40.7295,-74.0017,0
40.7115,-74.0068,0
40.7761,-73.9615,0
40.7361,-74.0095,0
40.7257,-74.0041,0
40.7315,-73.9908,0
40.7092,-73.9212,-1
40.6979,-73.9701,0
40.6979,-73.9701,0
40.7303,-73.996,0
40.7863,-73.9783,0
40.7409,-73.9935,0
40.7287,-73.986,0
40.7217,-73.9826,0
40.691,-73.9724,0
40.7826,-73.9492,0
40.7655,-73.9759,0
40.7559,-73.9727,0
40.7176,-74.0027,0
40.7348,-74.0021,0
40.7172,-73.9966,0
40.7083,-74.0111,0
40.7147,-73.9589,1
40.6977,-73.9939,0
40.7052,-73.9254,-1
40.7757,-73.9508,0
40.7565,-73.9978,0
40.7523,-74.0053,0
40.7771,-73.9614,0
40.7296,-73.9997,0
40.7275,-74.0032,0
40.7669,-73.9845,0
40.776,-73.9814,0
40.7079,-74.0118,0
40.7244,-73.9924,0
40.7244,-73.9924,0
40.7653,-73.9812,0
40.7751,-73.9909,0
40.7857,-73.9504,0
40.7756,-73.961,0
40.7354,-74.005,0
40.7513,-73.9939,0
40.7411,-73.977,0
40.7411,-73.977,0
40.7151,-74.0113,0
40.7856,-73.9819,0
40.681,-73.9379,-1
40.6752,-73.9568,-1
40.7678,-73.9543,0
40.7571,-73.9857,0
40.7546,-73.9773,0
40.6849,-73.936,-1
40.6772,-73.969,0
40.7573,-73.9762,0
40.7519,-74.0077,0
40.7741,-73.8726,2
40.7527,-73.9946,0
40.7222,-73.9995,0
40.7841,-73.9739,0
40.7472,-73.9913,0
40.7404,-74.004,0
40.746,-73.9191,-1
40.7703,-73.8649,2
40.7725,-73.9608,0
40.7147,-74.01,0
40.7769,-73.9867,0
40.7184,-73.9601,1
40.7574,-74.001,0
40.7177,-73.9895,0
40.7215,-73.9577,1
40.7828,-73.9755,0
40.7585,-74.0006,0
40.7408,-74.0051,0
40.7693,-73.8863,-1
40.6936,-73.9453,-1
40.7307,-73.9922,0
40.7743,-73.8725,2
40.7426,-73.9539,-1
40.728,-74.0023,0
40.6921,-73.9444,-1
40.7299,-73.9913,0
40.7395,-73.9978,0
40.7575,-73.9811,0
40.7033,-73.9846,0
40.7319,-74.0013,0
40.7485,-73.9947,0
40.7504,-73.991,0
40.6763,-74.0142,-1
40.7605,-73.9695,0
40.7703,-73.96,0
40.7163,-74.0049,0
40.7186,-73.9994,0
40.7821,-73.9577,0
40.7291,-73.9782,0
40.7417,-74.0046,0
40.6954,-73.9919,0
40.7136,-73.9493,1
40.7136,-73.9493,1
40.6849,-73.9732,0
40.8076,-73.9457,-1
40.7185,-73.9484,1
40.7637,-73.9733,0
40.6448,-73.8979,-1
40.7236,-73.8502,-1
40.7391,-73.8852,-1
40.758,-73.9776,0
40.7627,-73.9932,0
40.7515,-74.0037,0
40.736,-74.0035,0
40.7887,-73.9764,0
40.7333,-73.9873,0
40.7304,-74.0089,0
40.7451,-73.9922,0
40.719,-73.9903,0
40.7576,-74.0008,0
40.7282,-73.8619,-1
40.7312,-74.0002,0
40.7225,-73.9976,0
40.7643,-73.9616,0
40.7249,-74.0358,-1
40.7778,-73.9817,0
40.7643,-73.973,0
40.7216,-74.0022,0
40.7588,-73.9937,0
40.7655,-73.976,0
40.7161,-74.0152,0
40.7378,-73.9848,0
40.7822,-73.9715,0
40.6922,-73.9442,-1
40.7372,-73.9075,-1
40.7217,-74.001,0
40.7482,-73.9914,0
40.8001,-73.9454,-1
40.7178,-74.0157,0
40.7716,-73.9809,0
40.7269,-73.9998,0
40.7199,-73.9994,0
40.7284,-73.9943,0
40.7215,-73.9605,1
40.7426,-73.9997,0
40.677,-73.9986,0
40.7114,-74.0162,0
40.7278,-73.9911,0
40.7278,-73.9911,0
40.6868,-73.9904,0
40.7467,-74.0077,0
40.6802,-74.0058,-1
40.7715,-73.9794,0
40.7923,-73.9369,-1
40.676,-73.9695,0
40.7367,-73.9954,0
40.7429,-73.9541,-1
40.7776,-73.9449,0
40.7466,-74.0018,0
40.6374,-74.0243,-1
40.7559,-74.0009,0
40.7057,-74.0097,0
40.7644,-73.9729,0
40.7101,-73.9943,0
40.8263,-74.1213,-1
40.7622,-73.9663,0
40.7635,-73.9858,0
40.72,-73.9992,0
40.7607,-73.965,0
40.7451,-74.004,0
40.7616,-73.9771,0
40.7619,-73.9718,0
40.6964,-73.9246,-1
40.7659,-73.9189,-1
40.7709,-73.8659,2
40.7548,-73.9191,-1
40.7395,-73.9826,0
40.7229,-73.9949,0
40.7559,-74.002,0
40.6873,-73.9282,-1
40.7216,-74.0021,0
40.745,-73.9935,0
40.7389,-73.9957,0
40.7472,-74.0047,0
40.7189,-73.9612,1
40.6877,-73.9933,0
40.7213,-74.0489,-1
40.7053,-74.0064,0
40.7254,-73.9876,0
40.7855,-73.9692,0
40.7715,-73.9315,-1
40.6712,-73.9881,0
40.7319,-74.0039,0
40.7465,-74.0069,0
40.7413,-73.9893,0
40.7289,-74.0113,0
40.7126,-73.9894,0
40.73,-73.9991,0
40.739,-73.8853,-1
40.7226,-73.9828,0
40.7606,-73.971,0
40.7231,-73.9445,1
40.7659,-73.956,0
40.8134,-73.9353,-1
40.742,-74.0037,0
40.7522,-73.9775,0
40.8001,-73.9546,-1
40.7457,-74.0036,0
40.7499,-73.9783,0
40.7705,-73.9644,0
40.7506,-74.0052,0
40.7297,-73.9884,0
40.7297,-73.9884,0
40.7434,-73.9571,-1
40.7379,-73.8663,-1
40.7356,-73.9855,0
40.7356,-73.9855,0
40.7576,-73.9673,0
40.7195,-73.9559,1
40.7331,-73.9909,0
40.7255,-73.9779,0
40.7544,-73.9694,0
40.7717,-73.9882,0
40.7454,-73.993,0
40.7479,-73.9712,0
40.7071,-74.0046,0
40.7091,-74.0121,0
40.7386,-73.9808,0
40.7386,-73.9808,0
40.7722,-73.8755,2
40.7722,-73.9823,0
40.7393,-73.9868,0
40.7192,-73.9972,0
40.7735,-73.9641,0
40.7149,-74.012,0
40.7398,-73.9814,0
40.7431,-73.9514,-1
40.7454,-73.9202,-1
40.7791,-73.9487,0
40.7554,-73.9182,-1
40.7554,-73.9182,-1
40.7434,-74.0066,0
40.7778,-73.9476,0
40.726,-73.9981,0
40.8039,-73.9542,-1
40.7634,-73.9209,-1
40.774,-73.8725,2
40.6943,-73.933,-1
40.7536,-73.9045,-1
40.7678,-73.9681,0
40.6646,-73.9805,0
40.7261,-73.9918,0
40.6798,-74.0035,0
40.7826,-73.957,0
40.7251,-73.9982,0
40.7431,-73.9798,0
40.7642,-73.9592,0
40.7069,-73.9601,1
40.6721,-74.0105,-1
40.7638,-73.9735,0
40.7803,-73.9592,0
40.7146,-74.0082,0
40.7107,-74.0162,0
40.7716,-73.894,-1
40.75,-73.9877,0
40.759,-73.9942,0
40.6716,-73.9612,0
40.7636,-73.9926,0
40.7408,-73.976,0
40.7329,-73.9904,0
40.7428,-73.9965,0
40.7664,-73.9527,0
40.7187,-73.9621,1
40.769,-73.9812,0
40.7254,-73.9497,1
40.7204,-73.9589,1
40.7129,-73.9676,1
40.7655,-73.9758,0
40.7655,-73.9758,0
40.7461,-74.0004,0
40.753,-73.9742,0
40.7274,-74.0032,0
40.7715,-73.9634,0
40.7405,-73.9725,0
40.7434,-73.9747,0
40.7639,-73.9732,0
40.8569,-73.8845,-1
40.7189,-74.0023,0
40.6809,-73.9944,0
40.7433,-73.9936,0
40.7333,-73.9913,0
40.7377,-73.9883,0
40.7306,-73.9907,0
40.7296,-73.9916,0
40.7186,-73.956,1
40.7142,-73.9975,0
40.666,-73.978,0
40.7516,-73.994,0
40.6867,-73.9905,0
40.7075,-74.005,0
40.6833,-73.9561,0
40.73,-73.9866,0
40.7498,-73.9835,0
40.756,-73.9965,0
40.673,-73.9423,-1
40.7372,-73.9865,0
40.7163,-73.9981,0
40.7451,-73.9859,0
40.721,-74.0049,0
40.7538,-73.9479,-1
40.7248,-73.9807,0
40.748,-73.9876,0
40.7391,-73.9829,0
40.6518,-73.9314,-1
40.7343,-73.9997,0
40.7303,-73.9938,0
40.7886,-73.9781,0
40.746,-74.0018,0
40.7455,-73.9891,0
40.753,-74.004,0
40.7741,-73.8724,2
40.7959,-73.9708,0
40.7485,-73.977,0
40.7086,-73.9685,1
40.7603,-73.9613,0
40.7038,-73.9884,0
40.7385,-73.9836,0
40.7265,-73.9846,0
40.7667,-73.9575,0
40.7921,-73.9657,0
40.7462,-73.9791,0
40.7318,-74.0066,0
40.7217,-74.0108,0
40.725,-73.9576,1
40.7562,-73.9898,0
40.715,-74.0161,0
40.7256,-74.0056,0
40.7365,-73.9945,0
40.7568,-73.9212,-1
40.7336,-73.9954,0
40.737,-73.9827,0
40.72,-74.0035,0
40.7102,-74.0076,0
40.7229,-74.002,0
40.7439,-74.0065,0
40.7643,-73.9544,0
40.7277,-73.9834,0
40.7189,-73.9947,0
40.7661,-73.9633,0
40.7379,-73.9848,0
40.7179,-73.9449,1
40.7034,-74.0144,0
40.7389,-73.9282,-1
40.7389,-73.9282,-1
40.7228,-73.9944,0
40.7815,-73.9459,0
40.7654,-73.9752,0
40.7569,-73.9744,0
40.7382,-73.995,0
40.7215,-73.991,0
40.7141,-74.0096,0
40.7381,-73.9796,0
40.7828,-73.8261,-1
40.7435,-73.9234,-1
40.7574,-73.9899,0
40.7239,-73.9878,0
40.6594,-73.9765,-1
40.7312,-74.01,0
40.717,-74.0144,0
40.7743,-73.9632,0
40.7267,-74.0509,-1
40.7989,-73.9685,0
40.7483,-74.0055,0
40.7455,-74.002,0
40.676,-74.0109,-1
40.7335,-73.9893,0
40.779,-73.9865,0
40.7487,-73.9758,0
40.69,-73.9921,0
40.7659,-73.9868,0
40.7256,-74.0055,0
40.7291,-73.9852,0
40.7302,-73.9922,0
40.7277,-73.8517,-1
40.7205,-73.995,0
40.7528,-73.993,0
40.7404,-73.9888,0
40.737,-73.9905,0
40.7854,-73.9837,0
40.7781,-73.9545,0
40.724,-73.9979,0
40.7402,-73.9976,0
40.711,-73.9338,-1
40.7375,-73.9992,0
40.78,-73.9592,0
40.7488,-73.9921,0
40.7171,-73.9652,1
40.7563,-73.9718,0
40.7584,-73.9628,0
40.7397,-74.0019,0
40.7299,-73.9751,0
40.7242,-73.9944,0
40.6787,-73.9977,0
40.7218,-73.9872,0
40.7856,-73.982,0
40.7205,-73.9547,1
40.7682,-73.9529,0
40.7204,-73.9634,1
40.7028,-74.0124,0
40.6521,-73.8709,-1
40.7278,-73.8474,-1
40.6719,-73.9959,-1
40.7292,-73.9841,0
40.7888,-73.9776,0
40.7453,-74.0021,0
40.7571,-73.9623,0
40.7218,-73.958,1
40.7404,-74.0056,0
40.7461,-73.9416,-1
40.7306,-73.9869,0
40.7755,-73.9505,0
40.7707,-73.9169,-1
40.7904,-73.9496,0
40.718,-73.9576,1
40.7734,-73.9553,0
40.6823,-73.9658,0
40.6933,-73.9996,0
40.8318,-73.8521,-1
40.737,-73.9981,0
40.782,-73.9817,0
40.7719,-73.8769,2
40.7169,-74.0123,0
40.6934,-73.9995,0
40.771,-73.9812,0
40.7344,-73.9803,0
40.7451,-73.9757,0
40.68,-73.9749,0
40.769,-73.9647,0
40.7742,-73.8727,2
40.7905,-73.9678,0
40.7152,-74.0071,0
40.7463,-73.956,-1
40.7536,-73.9891,0
40.7661,-73.9464,0
40.7188,-73.9593,1
40.7188,-73.9593,1
40.7634,-73.977,0
40.6883,-74.0158,-1
40.7196,-73.9625,1
40.7825,-73.9729,0
40.7096,-74.0068,0
40.7667,-73.9789,0
40.6882,-73.984,0
40.7238,-73.9916,0
40.7354,-74.0092,0
40.8051,-73.9388,-1
40.7683,-73.9512,0
40.7427,-73.9923,0
40.7225,-73.9466,1
40.7813,-73.981,0
40.6787,-74.0107,-1
40.6959,-73.9836,0
40.7663,-73.9917,0
40.751,-73.8325,-1
40.7254,-73.9575,1
40.7716,-73.9489,0
40.7337,-73.9881,0
40.8101,-73.9391,-1
40.7319,-73.9997,0
40.6766,-73.9987,0
40.7755,-73.9504,0
40.7257,-73.9838,0
40.7501,-73.9947,0
40.7673,-73.9824,0
40.6929,-73.9938,0
40.7861,-73.9772,0
40.7606,-73.9949,0
40.7204,-73.9824,0
40.7493,-74.0261,-1
40.78,-73.9809,0
40.7684,-73.9847,0
40.7327,-73.9775,0
40.8236,-73.9398,-1
40.7219,-74.0001,0
40.7114,-74.0166,0
40.7353,-73.994,0
40.7513,-73.9934,0
40.7519,-73.985,0
40.7273,-73.9808,0
40.6723,-73.9955,-1
40.723,-73.9827,0
40.7773,-73.9635,0
40.7219,-73.9578,1
40.7336,-73.9868,0
40.741,-73.9787,0
40.7272,-73.9809,0
40.7272,-73.9809,0
40.7626,-73.9734,0
40.6879,-73.9683,0
40.6937,-73.8288,-1
40.7563,-73.9716,0
40.7221,-73.9598,1
40.7727,-73.9456,0
40.7252,-73.9816,0
40.7746,-73.956,0
40.7729,-73.9784,0
40.7362,-73.9808,0
40.7446,-73.9568,-1
40.724,-73.9917,0
40.715,-73.9833,0
40.7261,-73.9918,0
40.7301,-73.9818,0
40.7647,-73.9783,0
40.6927,-73.9971,0
40.7113,-74.0055,0
40.6961,-73.9946,0
40.7396,-73.9849,0
40.764,-73.9607,0
40.7257,-74.006,0
40.74,-74.0408,-1
40.7403,-73.984,0
40.7642,-73.977,0
40.7735,-73.9473,0
40.7604,-73.9778,0
40.7206,-73.9946,0
40.6876,-73.9737,0
40.7577,-73.9275,-1
40.7629,-73.9676,0
40.7519,-73.9771,0
40.7124,-73.8141,-1
40.6886,-73.974,0
40.7521,-73.9935,0
40.763,-73.9801,0
40.7616,-74.0001,0
40.737,-73.9737,0
40.678,-73.9794,0
40.7421,-73.991,0
40.7453,-73.9792,0
40.776,-73.9109,-1
40.711,-74.0058,0
40.7409,-74.0076,0
40.7685,-73.9659,0
40.7553,-73.9675,0
40.7504,-73.9739,0
40.6864,-73.9705,0
40.7097,-74.0145,0
40.7247,-73.9925,0
40.6755,-73.9835,0
40.6867,-73.9753,0
40.7394,-74.0064,0
40.6958,-73.9635,0
40.7149,-74.0065,0
40.7337,-74.0064,0
40.7754,-73.9598,0
40.7257,-73.9945,0
40.8023,-73.9524,-1
40.69,-73.9922,0
40.7458,-73.9944,0
40.776,-73.956,0
40.6729,-73.9688,0
40.7748,-73.9843,0
40.7587,-73.9184,-1
40.677,-74.0006,0
40.7779,-73.9799,0
40.7633,-73.9737,0
40.7123,-73.966,1
40.7559,-73.9726,0
40.7316,-73.9908,0
40.7274,-73.9922,0
40.6838,-73.9388,-1
40.7453,-73.9906,0
40.7237,-74.0054,0
40.7788,-73.9883,0
40.7053,-74.0179,0
40.7636,-73.9598,0
40.7467,-74.0378,-1
40.7175,-73.9858,0
40.778,-73.9546,0
40.6927,-74.0003,0
40.7568,-73.9888,0
40.7558,-73.9825,0
40.7094,-74.0137,0
40.7241,-73.9979,0
40.7703,-73.9853,0
40.773,-73.9859,0
40.7522,-73.9699,0
40.8028,-73.9553,-1
40.702,-73.9897,0
40.7261,-73.9918,0
40.7155,-73.9853,0
40.7627,-73.9678,0
40.756,-73.9727,0
40.7367,-74.0037,0
40.7208,-73.9976,0
40.7522,-73.9857,0
40.6917,-73.9357,-1
40.7232,-73.9913,0
40.726,-74.0471,-1
40.7649,-73.9962,0
40.7685,-73.8626,2
40.7442,-74.007,0
40.692,-73.987,0
40.7641,-73.9787,0
40.6656,-73.991,0
40.7097,-74.0117,0
40.6722,-73.9957,-1
40.7114,-74.0173,0
40.6932,-73.9906,0
40.7623,-73.9745,0
40.7091,-74.0104,0
40.7154,-74.0157,0
40.7647,-73.9706,0
40.6519,-73.9654,-1
40.7052,-74.0177,0
40.7428,-73.9886,0
40.7644,-73.9795,0
40.7334,-74.0083,0
40.6996,-73.9521,-1
40.7334,-73.9932,0
40.7244,-73.9926,0
40.7346,-74.0022,0
40.7349,-74.0021,0
40.7207,-73.9926,0
40.7593,-73.9957,0
40.7954,-73.9329,-1
40.7165,-74.0147,0
40.695,-73.9833,0
40.7241,-74.0023,0
40.7655,-73.9758,0
40.8145,-73.9406,-1
40.7449,-74.0051,0
40.7404,-74.0058,0
40.7478,-73.9159,-1
40.6455,-73.9762,-1
40.7547,-73.9679,0
40.6449,-73.9719,-1
40.7583,-73.96,0
40.755,-73.9838,0
40.7261,-73.9918,0
40.7257,-74.0058,0
40.7597,-73.9859,0
40.7323,-74.0356,-1
40.6976,-73.9929,0
40.7755,-73.9159,-1
40.7501,-73.9834,0
40.6683,-73.9737,0
40.7192,-74.0122,0
40.7484,-73.9903,0
40.7621,-73.974,0
40.7594,-73.9871,0
40.7169,-74.004,0
40.7655,-73.98,0
40.7596,-73.9917,0
40.6748,-74.0162,-1
40.7637,-73.9894,0
40.7199,-74.0003,0
40.7328,-73.986,0
40.7169,-74.0093,0
40.7565,-73.9941,0
40.7747,-73.957,0
40.7334,-74.0023,0
40.7211,-73.9948,0
40.7033,-74.0112,0
40.7857,-73.9841,0
40.6938,-73.956,0
40.7343,-74.0077,0
40.7375,-73.9913,0
40.7442,-73.9844,0
40.689,-73.975,0
40.7169,-74.0123,0
40.7579,-73.9775,0
40.7655,-73.9763,0
40.737,-73.9958,0
40.7112,-74.0088,0
40.7195,-73.9605,1
40.7172,-74.002,0
40.7226,-74.0105,0
40.7446,-73.9803,0
40.7545,-73.9695,0
40.7352,-74.006,0
40.7621,-73.9786,0
40.7469,-73.9564,-1
40.7696,-73.91,-1
40.7248,-73.9985,0
40.6694,-73.9243,-1
40.6466,-73.9745,-1
40.7851,-73.9557,0
40.7226,-74.008,0
40.726,-73.9918,0
40.6871,-73.9754,0
40.7383,-73.9999,0
40.7596,-73.9954,0
40.7325,-73.9852,0
40.7619,-73.9939,0
40.7359,-73.9857,0
40.6412,-74.0221,-1
40.793,-73.923,-1
40.7554,-73.9682,0
40.7838,-73.95,0
40.7862,-73.9711,0
40.7638,-73.9787,0
40.7378,-74.0081,0
40.7311,-73.9995,0
40.7739,-73.8724,2
40.6832,-73.9857,0
40.7183,-74.0028,0
40.7741,-73.8737,2
40.6981,-73.9765,0
40.7644,-73.9673,0
40.7064,-74.0175,0
40.7212,-73.9859,0
40.767,-73.9876,0
40.7716,-73.955,0
40.6747,-73.9398,-1
40.735,-74.01,0
40.6885,-73.989,0
40.7227,-73.9933,0
40.7616,-73.9588,0
40.7513,-73.994,0
40.7448,-73.9914,0
40.6697,-73.9623,-1
40.7388,-73.9887,0
40.6893,-73.981,0
40.7175,-73.9839,0
40.6898,-73.9194,-1
40.7886,-73.9669,0
40.7516,-73.9939,0
40.7638,-73.9787,0
40.6854,-73.9785,0
40.7014,-73.9228,-1
40.7739,-73.8716,2
40.7047,-74.0089,0
40.7093,-74.0162,0
40.6926,-73.9791,0
40.7601,-73.9951,0
40.6608,-73.9797,0
40.6833,-73.9858,0
40.7335,-73.9762,0
40.7024,-73.9838,0
40.685,-73.9998,0
40.7505,-73.9739,0
40.7347,-73.9946,0
40.7161,-73.9913,0
40.6505,-73.9625,-1
40.802,-73.9613,-1
40.6673,-73.9878,0
40.7899,-73.9799,0
40.7496,-73.9917,0
40.748,-73.9802,0
40.7118,-73.9626,1
40.7305,-73.9936,0
40.7608,-73.9962,0
40.6875,-73.9723,0
40.6462,-74.0199,-1
40.7076,-74.0138,0
40.7178,-73.9926,0
40.6708,-73.9516,-1
40.7588,-73.977,0
40.8135,-73.9474,-1
40.8443,-73.8465,-1
40.7465,-73.9724,0
40.7149,-73.9936,0
40.7359,-74.0007,0
40.7155,-74.0059,0
40.7741,-73.8723,2
40.7809,-73.9726,0
40.7307,-74.0413,-1
40.8077,-73.9293,-1
40.6759,-73.9601,0
40.7225,-74.0115,0
40.7368,-73.9888,0
40.744,-74.0068,0
40.7107,-74.006,0
40.7643,-73.9831,0
40.7587,-73.9616,0
40.7116,-74.0101,0
40.7448,-73.9827,0
40.8177,-73.9382,-1
40.7378,-73.9901,0
40.7742,-73.9633,0
40.7719,-73.9822,0
40.7656,-73.9827,0
40.779,-73.9622,0
40.7531,-73.9918,0
40.7531,-73.9918,0
40.7026,-73.9897,0
40.7166,-74.0054,0
40.7655,-73.9758,0
40.7515,-73.9761,0
40.7899,-73.9781,0
40.6646,-73.9821,0
40.7409,-73.99,0
40.7337,-73.9923,0
40.691,-73.923,-1
40.6721,-74.0105,-1
40.6927,-73.9953,0
40.6967,-73.983,0
40.6762,-74.0142,-1
40.7907,-73.9723,0
40.6508,-74.0062,-1
40.7591,-73.9846,0
40.7136,-74.0119,0
40.7388,-73.989,0
40.7604,-73.9758,0
40.7619,-73.9753,0
40.7606,-73.986,0
40.759,-73.9847,0
40.744,-73.9129,-1
40.7674,-73.9822,0
40.7191,-73.9524,1
40.704,-73.9004,-1
40.7482,-73.9735,0
40.6981,-73.9003,-1
40.7673,-73.996,0
40.7218,-74.0042,0
40.7024,-73.9933,0
40.7253,-74.0022,0
40.7701,-73.8647,2
40.7331,-73.9947,0
40.7319,-74.0012,0
40.7443,-74.0347,-1
40.7206,-73.9547,1
40.7401,-73.9862,0
40.761,-73.999,0
40.7406,-74.0057,0
40.7336,-73.9958,0
40.7235,-74.0099,0
40.7895,-73.9545,0
40.7263,-73.9944,0
40.7195,-73.9988,0
40.7221,-73.8396,-1
40.7544,-73.9633,0
40.7472,-73.9897,0
40.742,-73.9847,0
40.7606,-73.9873,0
40.7646,-73.91,-1
40.7173,-74.0127,0
40.7307,-74.0411,-1
40.7476,-73.9768,0
40.6721,-73.9766,0
40.6389,-73.9703,-1
40.7421,-73.985,0
40.7376,-73.9902,0
40.759,-73.9942,0
40.7977,-73.9342,-1
40.7661,-73.9553,0
40.6644,-73.924,-1
40.7006,-73.9438,-1
40.7571,-73.9722,0
40.7266,-73.9493,1
40.7356,-74.0099,0
40.7076,-73.9491,1
40.7201,-73.984,0
40.6934,-73.9885,0
40.7613,-73.9876,0
40.7639,-73.9821,0
40.7199,-73.9875,0
40.7598,-73.9859,0
40.7283,-73.9879,0
40.6947,-73.9549,0
40.716,-73.9994,0
40.7398,-73.9895,0
40.7397,-73.9951,0
40.7877,-73.9749,0
40.7368,-73.9824,0
40.7308,-73.983,0
40.7504,-73.9696,0
40.6693,-73.9373,-1
40.7158,-74.01,0
40.6668,-73.9761,0
40.7138,-73.9855,0
40.724,-74.0033,0
40.74,-73.9919,0
40.718,-74.0152,0
40.7862,-73.9775,0
40.7719,-73.9597,0
40.7455,-73.9946,0
40.7686,-73.962,0
40.6842,-73.9993,0
40.7261,-73.9838,0
40.728,-73.9881,0
40.6934,-73.96,0
40.7218,-73.9987,0
40.7456,-73.9536,-1
40.6975,-73.9717,0
40.7738,-73.8717,2
40.7525,-73.9783,0
40.7295,-74.0072,0
40.739,-73.9776,0
40.7111,-74.0089,0
40.7121,-74.008,0
40.7345,-74.006,0
40.7498,-73.8839,-1
40.7393,-73.9846,0
40.7393,-73.9846,0
40.7422,-73.9912,0
40.7589,-73.9799,0
40.6927,-73.9697,0
40.7335,-74.0078,0
40.7637,-73.964,0
40.7219,-73.992,0
40.7629,-73.9739,0
40.7373,-73.9926,0
40.7822,-73.9757,0
40.7646,-73.9936,0
40.8018,-73.9497,-1
40.7325,-73.9877,0
40.7325,-73.9937,0
40.6277,-73.8993,-1
40.6839,-73.9319,-1
40.6839,-73.9319,-1
40.7472,-73.9723,0
40.7671,-73.9826,0
40.7909,-73.9744,0
40.7683,-73.9929,0
40.7877,-73.9677,0
40.7568,-74.0048,0
40.6861,-74.0022,0
40.6739,-73.979,0
40.7702,-73.8645,2
40.7186,-74.0079,0
40.7612,-73.9694,0
40.6934,-73.9777,0
40.7378,-73.9807,0
40.7341,-73.8502,-1
40.7642,-73.9736,0
40.7766,-73.9587,0
40.6956,-73.9279,-1
40.7981,-73.9602,-1
40.7981,-73.9602,-1
40.7281,-73.9821,0
40.7881,-73.9766,0
40.7685,-73.8626,2
40.7307,-73.9543,1
40.7457,-73.9878,0
40.7188,-74.0107,0
40.7471,-73.9933,0
40.7224,-74.0026,0
40.7702,-73.8649,2
40.6811,-73.9945,0
40.7691,-73.9812,0
40.7066,-74.0127,0
40.7327,-74.0076,0
40.7563,-73.972,0
40.7676,-73.9361,-1
40.6762,-73.9443,-1
40.831,-73.9269,-1
40.7445,-73.9945,0
40.7618,-73.9815,0
40.6936,-73.9709,0
40.7289,-74.0414,-1
40.7037,-74.0114,0
40.7682,-73.9823,0
40.7183,-74.0053,0
40.7513,-74.008,0
40.7716,-73.9826,0
40.7338,-73.9882,0
40.741,-74.0076,0
40.7432,-73.9913,0
40.7506,-73.9789,0
40.7792,-73.983,0
40.726,-73.9928,0
40.7709,-73.8659,2
40.7511,-73.9905,0
40.6963,-73.9674,0
40.7801,-73.953,0
40.7635,-73.9589,0
40.6937,-73.8288,-1
40.7445,-73.9712,0
40.6715,-73.9531,-1
40.7716,-73.9894,0
40.7231,-73.9795,0
40.7782,-73.9552,0
40.7237,-74.0108,0
40.7227,-74.0115,0
40.7809,-73.9726,0
40.7244,-73.9936,0
40.776,-73.9635,0
40.7449,-73.986,0
40.7122,-73.966,1
40.6855,-73.9326,-1
40.8538,-73.8723,-1
40.7207,-73.9624,1
40.7177,-73.9589,1
40.7221,-73.9953,0
40.7753,-73.9843,0
40.7452,-73.977,0
40.8017,-73.9648,-1
40.7171,-73.9564,1
40.7225,-73.9873,0
40.7192,-73.9898,0
40.7743,-73.8733,2
40.7816,-73.9468,0
40.7442,-73.9745,0
40.7803,-73.9553,0
40.7401,-73.9822,0
40.7313,-73.9755,0
40.7219,-73.9986,0
40.7758,-73.9548,0
40.7452,-73.983,0
40.7201,-74.0101,0
40.7273,-74.0076,0
40.7412,-73.994,0
40.7487,-73.9868,0
40.7418,-73.9832,0
40.7293,-73.9771,0
40.7741,-73.8723,2
40.7506,-73.9946,0
40.7714,-73.8661,2
40.7704,-73.9639,0
40.7793,-73.955,0
40.7347,-73.9794,0
40.7636,-73.9777,0
40.7636,-73.9777,0
40.7616,-73.9608,0
40.6656,-73.976,0
40.7093,-74.0052,0
40.7072,-74.0121,0
40.7474,-73.9895,0
40.7251,-73.9793,0
40.695,-73.9832,0
40.7019,-73.9439,1
40.7708,-73.8657,2
40.6752,-73.968,0
40.746,-73.9789,0
40.7706,-73.9566,0
40.7198,-74.0001,0
40.8127,-73.942,-1
40.8012,-73.9526,-1
40.7025,-73.9206,-1
40.7196,-73.9575,1
40.7858,-73.9547,0
40.7025,-73.9896,0
40.7213,-73.9606,1
40.8095,-73.9898,-1
40.6602,-73.9783,0
40.7278,-73.9959,0
40.6863,-73.9734,0
40.7388,-74.0088,0
40.6891,-73.9863,0
40.7438,-73.9917,0
40.7769,-73.9536,0
40.8575,-73.8997,-1
40.7502,-73.9707,0
40.7711,-73.9306,-1
40.7711,-73.9306,-1
40.7195,-74.0089,0
40.7059,-74.004,0
40.7908,-73.9392,-1
40.7161,-73.9871,0
40.7544,-73.9657,0
40.7148,-74.016,0
40.7401,-73.9918,0
40.7556,-73.9921,0
40.7579,-73.9738,0
40.76,-73.9616,0
40.7169,-74.002,0
40.7236,-73.9829,0
40.7038,-74.0105,0
40.7246,-73.9785,0
40.7124,-73.9643,1
40.6691,-73.9845,0
40.6928,-73.9708,0
40.7197,-74.0102,0
40.7353,-73.9859,0
40.7353,-73.9859,0
40.6959,-73.9916,0
40.6922,-73.9946,0
40.7686,-73.8626,2
40.7043,-74.0112,0
40.6892,-73.9933,0
40.7255,-73.9928,0
40.7023,-73.9429,1
40.7139,-74.0075,0
40.7739,-73.872,2
40.6916,-73.9689,0
40.763,-73.9849,0
40.7637,-73.9734,0
40.7114,-74.0057,0
40.7239,-73.9962,0
40.7453,-73.9029,-1
40.7345,-73.8596,-1
40.7247,-73.9933,0
40.7673,-73.9841,0
40.7202,-73.9873,0
40.7626,-73.9822,0
40.7288,-73.9787,0
40.7309,-73.9549,1
40.7627,-73.9733,0
40.7109,-73.9598,1
40.7055,-74.0076,0
40.7469,-73.941,-1
40.7446,-73.9913,0
40.6752,-73.9573,0
40.7406,-74.0076,0
40.7277,-74.0012,0
40.7384,-73.9856,0
40.7416,-74.0047,0
40.8088,-73.9486,-1
40.7525,-73.9844,0
40.7227,-74.0051,0
40.6883,-73.9905,0
40.7213,-73.9926,0
40.7645,-73.969,0
40.7223,-73.9802,0
40.7281,-73.9909,0
40.7546,-73.9685,0
40.8194,-73.9015,-1
40.6849,-74.0021,0
40.7443,-74.0066,0
40.7357,-73.997,0
40.7631,-73.9675,0
40.8006,-73.9661,0
40.7554,-73.977,0
40.6667,-73.976,0
40.7607,-73.9707,0
40.6752,-73.9749,0
40.7497,-73.9795,0
40.6815,-73.9936,0
40.7592,-73.9946,0
40.6477,-74.0086,-1
40.7386,-73.9854,0
40.7217,-73.9578,1
40.7789,-73.9821,0
40.7308,-73.9594,1
40.7637,-73.9764,0
40.7751,-73.9608,0
40.6716,-73.9612,0
40.7226,-73.9592,1
40.7335,-73.98,0
40.6719,-74.01,-1
40.746,-73.9779,0
40.7154,-74.0075,0
40.7528,-73.9678,0
40.7294,-73.9896,0
40.7283,-73.9848,0
40.7629,-73.9597,0
40.7642,-73.9789,0
40.7369,-73.9916,0
40.7234,-74.0031,0
40.7183,-74.0071,0
40.7531,-73.9812,0
40.6884,-73.9845,0
40.7429,-73.9986,0
40.7481,-74.0002,0
40.7759,-73.949,0
40.7633,-73.9629,0
40.7616,-73.9866,0
40.6895,-73.9695,0
40.7273,-74.0418,-1
40.7028,-74.0126,0
40.7374,-73.9967,0
40.7743,-73.9616,0
40.7554,-74.0031,0
40.7142,-73.9352,-1
40.7826,-73.9569,0
40.7361,-73.9365,-1
40.7077,-73.9389,1
40.7458,-73.9865,0
40.7365,-73.9816,0
40.7207,-74.0098,0
40.7841,-73.9488,0
40.8397,-73.9411,-1
40.794,-73.9339,-1
40.714,-74.0095,0
40.6947,-73.9672,0
40.7578,-73.8341,-1
40.7485,-73.9802,0
40.7622,-73.9663,0
40.8246,-73.8589,-1
40.6782,-73.973,0
40.7741,-73.9491,0
40.7645,-73.9957,0
40.6923,-73.952,-1
40.7099,-74.0101,0
40.7191,-73.9946,0
40.765,-73.985,0
40.854,-73.9339,-1
40.7815,-73.9474,0
40.7685,-73.9926,0
40.7277,-73.9852,0
40.7516,-73.992,0
40.7516,-73.992,0
40.7562,-73.9659,0
40.7402,-73.9977,0
40.8262,-73.8442,-1
40.7505,-73.9946,0
40.7762,-73.9457,0
40.7454,-73.9564,-1
40.7176,-73.9921,0
40.7499,-73.9914,0
40.772,-73.9633,0
40.763,-73.9931,0
40.6723,-73.9644,0
40.7741,-73.9775,0
40.7405,-74.0065,0
40.7741,-73.8705,2
40.7948,-73.9742,0
40.7457,-73.9531,-1
40.736,-73.9935,0
40.7319,-73.9882,0
40.7719,-73.9631,0
40.7199,-73.9883,0
40.7568,-73.9975,0
40.7168,-73.9622,1
40.7127,-73.9899,0
40.74,-73.9838,0
40.7148,-74.0162,0
40.79,-73.9489,0
40.7776,-73.9549,0
40.6794,-73.9681,0
40.7568,-73.9897,0
40.7627,-73.9971,0
40.6698,-73.9725,0
40.7502,-73.9947,0
40.7732,-73.8856,-1
40.6609,-73.9796,0
40.7204,-73.9616,1
40.7403,-73.9947,0
40.7388,-74.0088,0
40.755,-73.9684,0
40.7272,-73.9797,0
40.7348,-74.0022,0
40.7354,-73.9921,0
40.7354,-73.9921,0
40.7159,-74.0152,0
40.7179,-74.0071,0
40.7136,-74.0135,0
40.7236,-74.0107,0
40.7153,-74.0075,0
40.7847,-73.9497,0
40.7248,-73.9807,0
40.6723,-74.0108,-1
40.7603,-73.9716,0
40.7531,-73.9344,-1
40.7536,-73.9696,0
40.7247,-73.9802,0
40.7437,-73.9851,0
40.7331,-74.0061,0
40.7541,-73.9902,0
40.718,-73.9405,1
40.7448,-73.9801,0
40.6722,-73.9956,-1
40.6761,-73.9566,0
40.7311,-74.0067,0
40.7127,-73.9458,1
40.774,-73.8725,2
40.7997,-73.9639,-1
40.7345,-74.0055,0
40.7396,-73.998,0
40.721,-74.0044,0
40.7486,-73.9927,0
40.7827,-73.9571,0
40.762,-73.9835,0
40.6722,-74.0108,-1
40.7371,-73.9931,0
40.7234,-73.9913,0
40.7399,-74.006,0
40.7238,-73.9991,0
40.764,-73.9669,0
40.7612,-73.9697,0
40.7316,-74.0059,0
40.7145,-74.0089,0
40.7141,-74.0128,0
40.7637,-73.9859,0
40.7346,-74.0095,0
40.7459,-74.002,0
40.7292,-74.0042,0
40.7277,-74.0037,0
40.7047,-74.0168,0
40.7317,-74.0071,0
40.7625,-73.9823,0
40.7733,-73.9783,0
40.7703,-73.9597,0
40.7107,-74.016,0
40.7412,-74.0014,0
40.749,-74.0055,0
40.7295,-73.9917,0
40.7312,-73.9843,0
40.7259,-73.9963,0
40.6842,-73.9486,-1
40.6602,-73.9628,-1
40.7988,-73.9689,0
40.6925,-73.9548,0
40.7443,-73.9902,0
40.7565,-73.9905,0
40.7339,-73.9549,1
40.77,-73.8647,2
40.7741,-73.9776,0
40.7103,-74.011,0
40.7076,-73.9432,1
40.7726,-73.9607,0
40.7491,-74.0312,-1
40.716,-73.948,1
40.721,-73.9892,0
40.7711,-73.8661,2
40.7781,-73.9622,0
40.7111,-73.9676,1
40.6989,-73.9923,0
40.7145,-73.9419,1
40.7524,-73.9996,0
40.7601,-73.9853,0
40.7529,-73.9706,0
40.6769,-73.9797,0
40.7502,-73.9835,0
40.7517,-73.9767,0
40.6963,-73.9944,0
40.7281,-74.046,-1
40.7222,-74.0007,0
40.7103,-73.9649,1
40.7132,-73.9558,1
40.7263,-73.9489,1
40.7653,-73.9769,0
40.7066,-73.9436,1
40.7534,-73.9777,0
40.7198,-73.9873,0
40.7527,-73.993,0
40.7264,-74.0037,0
40.6898,-73.9804,0
40.6875,-74.0014,0
40.7457,-73.9917,0
40.7744,-73.9634,0
40.7449,-73.9948,0
40.7718,-73.9656,0
40.6935,-73.9654,0
40.7607,-73.9991,0
40.7238,-73.9765,0
40.7557,-73.9976,0
40.74,-73.9898,0
40.7256,-73.9967,0
40.6597,-73.981,0
40.7738,-73.8725,2
40.7497,-73.9933,0
40.769,-73.995,0
40.7648,-73.9768,0
40.7346,-74.0094,0
40.7626,-73.9598,0
40.7713,-73.9598,0
40.7648,-73.9741,0
40.7031,-73.9854,0
40.7433,-73.9883,0
40.7059,-74.0054,0
40.7402,-74.0054,0
40.6439,-73.9683,-1
40.7437,-73.9881,0
40.7196,-74.0005,0
40.771,-73.8661,2
40.77,-73.9575,0
40.694,-73.9947,0
40.6938,-73.944,-1
40.7355,-73.9897,0
40.7212,-74.0319,-1
40.7212,-74.0319,-1
40.726,-74.0098,0
40.7098,-74.013,0
40.7465,-73.9776,0
40.7278,-73.9912,0
40.6682,-73.9878,0
40.7396,-74.0081,0
40.7376,-73.9893,0
40.7507,-73.9859,0
40.7309,-73.9955,0
40.7359,-73.9835,0
40.7391,-73.9205,-1
40.7685,-73.8624,2
40.722,-74.0008,0
40.7669,-73.9837,0
40.7719,-73.9672,0
40.7702,-73.9881,0
40.782,-73.9828,0
40.7665,-73.9882,0
40.7259,-73.9986,0
40.7627,-74.0011,0
40.7196,-73.9993,0
40.7513,-73.9936,0
40.7686,-73.8626,2
40.7367,-73.9869,0
40.6966,-73.9982,0
40.746,-74.0053,0
40.7388,-74.008,0
40.756,-73.9731,0
40.7384,-74.0065,0
40.7421,-73.9934,0
40.7421,-74.0046,0
40.7625,-73.9743,0
40.7676,-73.9359,-1
40.7449,-73.9887,0
40.7649,-73.9784,0
40.7565,-73.8437,-1
40.7673,-73.9545,0
40.7181,-73.9641,1
40.7454,-73.972,0
40.7416,-73.9853,0
40.6804,-73.997,0
40.7249,-73.9993,0
40.7501,-73.9837,0
40.7624,-73.977,0
40.6813,-73.993,0
40.7158,-74.01,0
40.747,-73.9899,0
40.7836,-73.9525,0
40.7451,-73.9949,0
40.7375,-73.9534,-1
40.7527,-73.9682,0
40.6578,-73.9785,-1
40.7494,-74.0065,0
40.739,-74.0027,0
40.7411,-73.979,0
40.7593,-73.9862,0
40.6715,-73.972,0
40.745,-73.9945,0
40.6585,-73.833,-1
40.7833,-73.9732,0
40.7167,-73.9972,0
40.7741,-73.8726,2
40.6868,-73.9736,0
40.7329,-73.986,0
40.7538,-73.9851,0
40.6825,-73.9959,0
40.7219,-73.9833,0
40.7358,-74.0052,0
40.7233,-73.9959,0
40.7137,-73.9612,1
40.7741,-73.8725,2
40.7129,-73.9956,0
40.7565,-73.9747,0
40.7237,-74.0054,0
40.7024,-73.9851,0
40.7151,-74.016,0
40.7664,-73.9685,0
40.7447,-73.9572,-1
40.6542,-73.9278,-1
40.7185,-73.9927,0
40.6895,-73.9162,-1
40.7552,-73.9734,0
40.7299,-73.9993,0
40.7684,-73.8625,2
40.7558,-73.973,0
40.7692,-73.9813,0
40.7771,-73.9524,0
40.6245,-73.9709,-1
40.7661,-73.9695,0
40.6687,-73.9818,0
40.7561,-74.0027,0
40.7777,-73.9633,0
40.7701,-73.9554,0
40.6962,-73.9799,0
40.648,-73.9595,-1
40.7136,-73.9516,1
40.7212,-73.988,0
40.7242,-73.9959,0
40.6885,-73.9626,0
40.7133,-74.0045,0
40.7362,-73.9867,0
40.689,-73.9881,0
40.7085,-73.9576,1
40.6877,-73.9737,0
40.8101,-73.951,-1
40.6924,-73.9801,0
40.7516,-74.0236,-1
40.7579,-73.9803,0
40.6947,-73.9833,0
40.7588,-73.9886,0
40.7869,-73.9434,0
40.7639,-73.9792,0
40.7806,-73.9586,0
40.775,-73.9823,0
40.7418,-73.9901,0
40.7214,-74.0019,0
40.7376,-74.009,0
40.7379,-73.9905,0
40.6318,-73.9451,-1
40.8021,-73.9501,-1
40.6891,-73.9911,0
40.7414,-74.0306,-1
40.7024,-74.0131,0
40.7678,-73.9114,-1
40.7771,-73.9615,0
40.792,-73.9773,0
40.7838,-73.9545,0
40.7851,-73.9713,0
40.7496,-74.0068,0
40.6844,-73.9847,0
40.7101,-73.963,1
40.7334,-73.9998,0
40.7692,-73.9597,0
40.7383,-73.99,0
40.6899,-73.9899,0
40.7602,-73.9651,0
40.7427,-73.9924,0
40.7301,-73.9839,0
40.6936,-73.9794,0
40.7233,-74.0064,0
40.7534,-73.9693,0
40.7481,-74.0039,0
40.7237,-73.9518,1
40.7319,-74.0033,0
40.7523,-73.9815,0
40.7163,-73.9487,1
40.7074,-74.0061,0
40.703,-73.9943,0
40.7196,-73.9625,1
40.7685,-73.9701,0
40.7666,-73.9784,0
40.7624,-73.9788,0
40.7664,-73.953,0
40.774,-73.8727,2
40.7318,-73.9917,0
40.7475,-73.9823,0
40.722,-74.0098,0
40.7456,-73.9937,0
40.7161,-73.9871,0
40.7161,-73.9625,1
40.7444,-74.0003,0
40.7113,-73.9674,1
40.7368,-73.9896,0
40.6841,-73.937,-1
40.6837,-73.9763,0
40.6388,-73.9121,-1
40.736,-73.9879,0
40.7256,-73.9936,0
40.7586,-73.9863,0
40.7336,-73.9564,1
40.6488,-73.9749,-1
40.7538,-73.9366,-1
40.7442,-74.0086,0
40.722,-74.0009,0
40.7865,-73.9408,0
40.7802,-73.9731,0
40.7384,-73.9823,0
40.7653,-73.9528,0
40.7367,-73.9906,0
40.7136,-73.9638,1
40.723,-73.9828,0
40.6474,-73.892,-1
40.7426,-73.994,0
40.7401,-73.9956,0
40.7233,-73.9956,0
40.6956,-73.9705,0
40.7298,-74.0041,0
40.7618,-73.9715,0
40.73,-73.9807,0
40.7291,-73.9889,0
40.7588,-73.9854,0
40.7426,-73.9892,0
40.7578,-73.9776,0
40.7521,-73.9952,0
40.7061,-73.9013,-1
40.7707,-73.9528,0
40.7488,-73.9707,0
40.6798,-73.9897,0
40.7577,-73.9868,0
40.73,-73.9896,0
40.7227,-73.9829,0
40.7497,-73.9932,0
40.7166,-73.9631,1
40.7515,-73.994,0
40.7454,-73.9715,0
40.7871,-73.9774,0
40.7729,-73.9822,0
40.7291,-73.9921,0
40.6997,-73.9826,0
40.7793,-73.9526,0
40.7677,-73.9361,-1
40.7518,-73.985,0
40.7454,-73.977,0
40.7691,-73.9883,0
40.7892,-73.9766,0
40.7761,-73.947,0
40.7364,-73.9814,0
40.7505,-73.97,0
40.7044,-74.0093,0
40.7614,-73.9867,0
40.7202,-73.9631,1
40.7577,-73.9668,0
40.6757,-73.9723,0
40.7757,-73.9351,-1
40.727,-73.9802,0
40.7653,-73.9759,0
40.709,-74.0136,0
40.7556,-73.982,0
40.7017,-73.9828,0
40.7138,-73.9383,1
40.7532,-73.9697,0
40.76,-73.969,0
40.7372,-74.002,0
40.7158,-74.0163,0
40.7601,-73.9657,0
40.7463,-74.003,0
40.7155,-74.0061,0
40.6777,-73.9723,0
40.7243,-74.0023,0
40.719,-74.0433,-1
40.7273,-74.0003,0
40.7601,-73.9926,0
40.7653,-73.9238,-1
40.774,-73.9631,0
40.7518,-73.971,0
40.7687,-73.9502,0
40.6793,-73.9965,0
40.742,-73.9904,0
40.7702,-73.8647,2
40.7977,-73.951,-1
40.7278,-73.9912,0
40.6984,-73.909,-1
40.758,-73.9754,0
40.736,-73.9893,0
40.734,-74.0028,0
40.6878,-73.9694,0
40.6456,-73.9697,-1
40.7683,-73.9824,0
40.7292,-73.9812,0
40.71,-74.0073,0
40.7752,-73.9072,-1
40.7458,-73.9787,0
40.744,-73.9841,0
40.7486,-73.9738,0
40.7302,-73.9835,0
40.7198,-73.9623,1
40.7353,-73.994,0
40.748,-74.0049,0
40.7483,-74.0054,0
40.715,-74.0161,0
40.7611,-73.9753,0
40.8184,-73.9276,-1
40.7649,-73.9786,0
40.6906,-73.992,0
40.737,-74.0074,0
40.7353,-73.998,0
40.7683,-73.9588,0
40.717,-73.9562,1
40.7437,-74.0086,0
40.7698,-73.864,2
40.7222,-73.9917,0
40.7407,-73.9893,0
40.6947,-73.9484,-1
40.7664,-73.9654,0
40.707,-74.0173,0
40.7487,-73.98,0
40.7367,-73.9889,0
40.7911,-73.9743,0
40.7471,-73.9814,0
40.7403,-73.9842,0
40.6824,-73.9965,0
40.7797,-73.9597,0
40.7348,-73.989,0
40.7254,-74.004,0
40.7508,-74.002,0
40.7925,-73.9753,0
40.7273,-73.9919,0
40.7627,-73.9741,0
40.825,-73.949,-1
40.6867,-73.9666,0
40.7432,-73.8902,-1
40.7359,-73.9975,0
40.7868,-73.981,0
40.7093,-74.0135,0
40.7152,-73.8456,-1
40.719,-73.9426,1
40.7231,-73.9999,0
40.7179,-74.0147,0
40.7771,-73.9221,-1
40.7219,-73.9578,1
40.7255,-73.9922,0
40.7638,-73.9777,0
40.7359,-73.9793,0
40.7352,-73.9857,0
40.717,-74.0046,0
40.7285,-73.9948,0
40.7511,-73.985,0
40.7106,-73.9665,1
40.6895,-73.9695,0
40.7407,-74.0076,0
40.7182,-73.9451,1
40.8053,-73.9387,-1
40.7708,-73.9553,0
40.7172,-74.0047,0
40.8254,-73.9414,-1
40.7263,-73.9955,0
40.7296,-73.9984,0
40.7369,-74.0033,0
40.7204,-73.9892,0
40.7304,-73.9804,0
40.7165,-73.9886,0
40.7277,-73.9858,0
40.7615,-73.9922,0
40.7362,-73.991,0
40.7242,-74.0032,0
40.7727,-73.9795,0
40.7735,-73.9601,0
40.7554,-74.0315,-1
40.734,-73.8716,-1
40.7652,-73.9723,0
40.7479,-73.9848,0
40.7114,-73.9512,1
40.6894,-73.9939,0
40.6939,-73.9887,0
40.7877,-73.9552,0
40.6776,-73.9914,0
40.7232,-73.9987,0
40.7254,-73.9916,0
40.7395,-74.008,0
40.7643,-73.9739,0
40.7388,-74.0089,0
40.718,-73.9575,1
40.7665,-73.9783,0
40.7353,-73.8752,-1
40.7477,-73.9724,0
40.742,-73.981,0
40.7777,-73.9786,0
40.7684,-73.8625,2
40.6841,-74.0017,0
40.7083,-74.0047,0
40.7667,-73.985,0
40.6673,-73.9562,-1
40.7658,-73.9692,0
40.7182,-73.9524,1
40.7169,-74.0081,0
40.6731,-73.9862,0
40.6877,-73.97,0
40.6907,-73.9578,0
40.774,-73.8718,2
40.7484,-73.9786,0
40.7576,-73.965,0
40.6839,-73.9813,0
40.7516,-74.0077,0
40.7505,-73.9914,0
40.7132,-73.9403,1
40.7145,-74.0156,0
40.7194,-74.0007,0
40.6878,-73.9768,0
40.7255,-74.0047,0
40.7256,-74.0057,0
40.7682,-73.9559,0
40.7584,-73.9861,0
40.7531,-74.0039,0
40.7406,-74.0426,-1
40.7321,-73.9845,0
40.7215,-73.9876,0
40.7799,-73.9444,0
40.7192,-73.9908,0
40.7007,-73.9907,0
40.7357,-74.0017,0
40.7357,-74.0017,0
40.7903,-73.9772,0
40.6717,-73.8615,-1
40.7439,-74.0068,0
40.7055,-74.0051,0
40.7641,-73.9774,0
40.7333,-73.8575,-1
40.7571,-73.9635,0
40.745,-73.9823,0
40.7192,-74.0104,0
40.7325,-74.0054,0
40.765,-73.9662,0
40.7655,-73.9643,0
40.7246,-73.9922,0
40.7051,-74.0101,0
40.7498,-73.9917,0
40.7023,-73.9932,0
40.7213,-73.9948,0
40.7229,-73.9891,0
40.722,-73.9919,0
40.7606,-73.9991,0
40.7224,-74.0116,0
40.7536,-73.9781,0
40.7275,-74.0056,0
40.7512,-73.9719,0
40.6924,-73.9874,0
40.794,-73.9668,0
40.7824,-73.9803,0
40.6772,-73.9983,0
40.7519,-73.9846,0
40.7654,-73.9936,0
40.6862,-73.9707,0
40.7596,-73.9913,0
40.7619,-73.9792,0
40.6947,-73.9556,0
40.8322,-73.941,-1
40.7321,-73.9565,1
40.7634,-73.9657,0
40.7754,-73.9481,0
40.7809,-73.9565,0
40.7527,-73.9923,0
40.7561,-73.9965,0
40.752,-73.9945,0
40.7581,-73.9775,0
40.7884,-73.9685,0
40.7269,-74.0,0
40.774,-73.873,2
40.7058,-74.0102,0
40.7092,-73.9202,-1
40.7166,-73.9618,1
40.7806,-73.9497,0
40.6919,-73.9872,0
40.6485,-73.9697,-1
40.7717,-73.9652,0
40.7417,-73.9959,0
40.6948,-73.9099,-1
40.7613,-73.9905,0
40.7195,-74.0005,0
40.7193,-73.9973,0
40.7219,-74.0042,0
40.749,-73.9901,0
40.7277,-73.9491,1
40.758,-73.9754,0
40.7235,-74.0105,0
40.7625,-73.9961,0
40.668,-73.974,0
40.6931,-73.9692,0
40.7566,-73.9781,0
40.6345,-73.9581,-1
40.749,-73.9916,0
40.7422,-73.985,0
40.7372,-73.9905,0
40.7945,-73.9664,0
40.7544,-73.9731,0
40.726,-73.9983,0
40.7381,-73.9921,0
40.7673,-73.8668,2
40.7286,-73.9985,0
40.7349,-73.9861,0
40.725,-73.9952,0
40.7763,-73.9757,0
40.7648,-73.984,0
40.7481,-73.9567,0
40.7301,-74.0069,0
40.7206,-73.9947,0
40.643,-73.9596,-1
40.7554,-73.9737,0
40.77,-73.9544,0
40.7763,-73.956,0
40.7544,-73.9925,0
40.7613,-73.9998,0
40.7611,-73.999,0
40.7381,-73.9901,0
40.7199,-74.0099,0
40.7295,-74.0021,0
40.742,-73.9912,0
40.691,-73.9573,0
40.7268,-73.9781,0
40.774,-73.9485,0
40.7161,-74.0,0
40.6909,-73.9969,0
40.7147,-74.011,0
40.7441,-73.9804,0
40.7447,-73.9905,0
40.7163,-73.9492,1
40.7741,-73.9543,0
40.7245,-74.0018,0
40.8308,-73.9487,-1
40.7483,-73.989,0
40.7328,-74.0086,0
40.6752,-73.9994,-1
40.7793,-73.9619,0
40.7514,-73.9974,0
40.7173,-73.9629,1
40.7311,-74.0068,0
40.8247,-73.9151,-1
40.7641,-73.9785,0
40.6726,-73.9523,-1
40.7092,-74.0057,0
40.7319,-73.9995,0
40.7211,-73.957,1
40.7286,-73.9942,0
40.7339,-73.9804,0
40.7465,-73.8905,-1
40.7794,-73.9516,0
40.7766,-73.9567,0
40.7382,-74.006,0
40.7423,-73.997,0
40.7438,-74.0063,0
40.7752,-73.9347,-1
40.7412,-73.9857,0
40.7359,-74.006,0
40.7676,-73.9808,0
40.7278,-73.9472,1
40.7681,-73.959,0
40.7081,-74.008,0
40.7081,-74.008,0
40.7253,-73.9999,0
40.7615,-73.9679,0
40.758,-73.9923,0
40.7319,-73.9859,0
40.7382,-74.0049,0
40.7092,-74.0164,0
40.6581,-73.9972,-1
40.7598,-73.9661,0
40.765,-73.9616,0
40.7094,-74.0176,0
40.7754,-73.9564,0
40.7473,-73.9874,0
40.7391,-73.9819,0
40.7699,-73.9554,0
40.642,-73.9129,-1
40.7453,-74.0082,0
40.771,-73.8661,2
40.743,-74.0075,0
40.7877,-73.8133,-1
40.7612,-73.9669,0
40.7143,-73.9566,1
40.8098,-73.9607,-1
40.7501,-74.0024,0
40.745,-74.0023,0
40.743,-73.9875,0
40.8004,-73.9695,0
40.6903,-73.9553,0
40.7104,-74.0078,0
40.7515,-74.0034,0
40.7568,-73.9984,0
40.7415,-74.0354,-1
40.7363,-73.9884,0
40.6517,-73.9625,-1
40.7705,-73.8654,2
40.7316,-74.0015,0
40.778,-73.9859,0
40.74,-74.0011,0
40.7336,-74.0014,0
40.6903,-73.9605,0
40.7442,-73.9745,0
40.7547,-73.8538,-1
40.7973,-73.9623,-1
40.7953,-73.9622,-1
40.7527,-73.9713,0
40.7612,-73.9752,0
40.7183,-73.994,0
40.743,-73.9339,-1
40.7263,-73.9918,0
40.7421,-73.9894,0
40.7065,-73.9056,-1
40.717,-73.9586,1
40.6755,-73.9782,0
40.7109,-74.0058,0
40.7245,-73.9906,0
40.7669,-73.9569,0
40.707,-74.0079,0
40.7919,-73.9692,0
40.7595,-73.9856,0
40.7564,-73.9973,0
40.6795,-73.9689,0
40.7779,-73.9629,0
40.7424,-73.9825,0
40.7463,-73.9883,0
40.7281,-73.9849,0
40.7596,-73.9617,0
40.7189,-73.9514,1
40.7043,-74.0126,0
40.7143,-74.015,0
40.7044,-74.0125,0
40.752,-73.9768,0
40.7622,-73.9665,0
40.7597,-73.9858,0
40.7682,-73.9606,0
40.6943,-74.0005,0
40.7461,-73.9842,0
40.7645,-73.9809,0
40.7715,-73.9827,0
40.7751,-73.9553,0
40.6894,-73.9722,0
40.764,-73.9941,0
40.6785,-73.9951,0
40.7485,-73.9781,0
40.7145,-73.9852,0
40.7707,-73.867,2
40.7707,-73.867,2
40.7032,-74.0143,0
40.7074,-74.0071,0
40.7618,-73.9676,0
40.6836,-73.9765,0
40.7943,-73.9749,0
40.7719,-73.9852,0
40.7375,-74.041,-1
40.7203,-73.9417,1
40.7485,-73.9783,0
40.7515,-74.0013,0
40.6717,-73.9825,0
40.7818,-73.9795,0
40.7703,-73.8751,2
40.7363,-73.9968,0
40.7208,-73.9976,0
40.7712,-73.9615,0
40.7149,-73.987,0
40.7356,-73.9753,0
40.7158,-74.0111,0
40.7637,-73.9694,0
40.6718,-73.9842,0
40.7435,-73.9925,0
40.7265,-74.0002,0
40.7049,-74.0168,0
40.7753,-73.9835,0
40.6871,-73.9758,0
40.7538,-73.9975,0
40.783,-73.9521,0
40.7793,-73.9507,0
40.6878,-73.9898,0
40.7401,-74.0036,0
40.7218,-73.9877,0
40.7208,-73.9871,0
40.71,-74.0108,0
40.7322,-74.0016,0
40.786,-73.9515,0
40.7621,-73.9076,-1
40.7283,-74.0008,0
40.781,-73.9524,0
40.7394,-73.9934,0
40.7701,-73.9573,0
40.7845,-73.9557,0
40.744,-73.9857,0
40.7297,-73.9597,1
40.7505,-73.9855,0
40.7564,-73.9055,-1
40.7436,-74.0022,0
40.8092,-73.9391,-1
40.7863,-73.9507,0
40.7163,-74.0129,0
40.7348,-74.0,0
40.7224,-73.9971,0
40.7306,-74.009,0
40.7591,-73.8511,-1
40.7752,-73.9651,0
40.7711,-73.8692,2
40.6566,-74.0082,-1
40.7228,-73.9884,0
40.7569,-74.0295,-1
40.7059,-74.0041,0
40.734,-73.9526,1
40.7255,-73.9979,0
40.7902,-73.9789,0
40.7229,-73.9983,0
40.7362,-73.9935,0
40.776,-73.9763,0
40.719,-74.0437,-1
40.7617,-73.9837,0
40.7223,-73.9832,0
40.6344,-73.8846,-1
40.7568,-73.988,0
40.7683,-73.9824,0
40.7567,-73.9982,0
40.7234,-73.9913,0
40.6842,-73.9902,0
40.7123,-74.009,0
40.7689,-73.9543,0
40.672,-74.0109,-1
40.7264,-73.9832,0
40.7906,-73.9678,0
40.7072,-74.0048,0
40.7696,-73.9808,0
40.7635,-73.9673,0
40.7189,-73.9632,1
40.7035,-73.9248,-1
40.7031,-73.9943,0
40.7336,-73.9765,0
40.7846,-73.9519,0
40.7091,-74.0121,0
40.7166,-74.011,0
40.7248,-73.9806,0
40.7476,-73.9488,-1
40.7474,-73.9972,0
40.7187,-73.9635,1
40.7607,-73.9716,0
40.7408,-73.9837,0
40.7639,-73.9787,0
40.7236,-74.0095,0
40.7557,-73.9731,0
40.6745,-73.9735,0
40.7514,-73.9941,0
40.7865,-73.9761,0
40.7136,-73.9971,0
40.7641,-73.9786,0
40.7512,-73.9711,0
40.7703,-73.9573,0
40.757,-73.961,0
40.7741,-73.8725,2
40.7685,-73.9868,0
40.7643,-73.9959,0
40.7136,-73.962,1
40.7874,-73.9746,0
40.7486,-73.9845,0
40.7568,-73.9825,0
40.6958,-73.8433,-1
40.7182,-74.0007,0
40.7628,-73.9754,0
40.7254,-73.9922,0
40.7243,-73.9943,0
40.7448,-73.9973,0
40.7139,-74.0138,0
40.7075,-73.9417,1
40.7131,-73.9603,1
40.7322,-73.9885,0
40.7977,-74.0233,-1
40.7458,-73.9907,0
40.745,-73.948,-1
40.7577,-73.9903,0
40.7594,-73.9855,0
40.7868,-73.9706,0
40.6862,-73.9579,0
40.7218,-74.0042,0
40.7868,-73.9776,0
40.7787,-73.9513,0
40.7485,-73.9803,0
40.6937,-73.9976,0
40.7952,-73.9751,0
40.7138,-73.9579,1
40.7127,-73.9659,1
40.7176,-73.9523,1
40.6787,-73.9191,-1
40.7177,-74.0034,0
40.6803,-73.9779,0
40.7115,-74.008,0
40.7222,-74.0017,0
40.7314,-74.0032,0
40.7314,-74.0032,0
40.834,-73.9401,-1
40.6721,-74.0107,-1
40.6961,-73.9372,-1
40.7477,-73.9549,-1
40.714,-74.0095,0
40.6631,-73.9916,-1
40.7656,-73.9823,0
40.7641,-73.9705,0
40.6922,-73.9531,0
40.7082,-74.0166,0
40.7751,-73.9608,0
40.7581,-73.9173,-1
40.7456,-73.8471,-1
40.7274,-73.9529,1
40.7556,-73.9861,0
40.7113,-74.016,0
40.7113,-74.01,0
40.7628,-73.9618,0
40.7586,-73.9728,0
40.7278,-73.9911,0
40.7079,-74.0166,0
40.7646,-73.9619,0
40.7473,-73.9856,0
40.7638,-73.9724,0
40.7597,-73.978,0
40.6992,-73.9149,-1
40.77,-73.9612,0
40.7025,-73.9881,0
40.7386,-73.9876,0
40.7072,-74.0045,0
40.7779,-73.9831,0
40.6932,-73.9945,0
40.7266,-74.0064,0
40.7833,-73.9592,0
40.7188,-73.988,0
40.723,-73.999,0
40.7471,-74.0045,0
40.7028,-73.944,1
40.7711,-73.8662,2
40.7238,-73.9926,0
40.7607,-73.9612,0
40.753,-73.9836,0
40.7453,-73.9911,0
40.7723,-73.9587,0
40.7196,-73.9604,1
40.7168,-73.9816,0
40.7335,-73.9876,0
40.7204,-73.9603,1
40.7314,-73.991,0
40.7464,-73.9978,0
40.6339,-74.0345,-1
40.748,-74.0046,0
40.7332,-74.0057,0
40.7414,-73.9811,0
40.7251,-74.0043,0
40.675,-73.9814,0
40.717,-74.0047,0
40.7201,-73.9875,0
40.6798,-73.9511,-1
40.7191,-74.0064,0
40.7242,-73.9788,0
40.7246,-73.9937,0
40.7605,-73.9911,0
40.7439,-73.9923,0
40.7514,-73.994,0
40.7516,-73.9782,0
40.7025,-73.9869,0
40.7138,-74.0139,0
40.6921,-73.9535,0
40.7522,-73.977,0
40.7173,-73.9629,1
40.7276,-73.9442,1
40.7197,-73.9921,0
40.7152,-74.0163,0
40.7684,-73.8626,2
40.7388,-74.0086,0
40.7447,-73.9892,0
40.7779,-73.9833,0
40.7416,-74.0039,0
40.7414,-74.0082,0
40.7108,-74.0081,0
40.7427,-73.992,0
40.7711,-73.9679,0
40.7652,-73.9636,0
40.7793,-73.9881,0
40.7176,-73.9449,1
40.6988,-73.9941,0
40.7411,-73.994,0
40.6681,-73.9594,-1
40.631,-73.9474,-1
40.7439,-74.0045,0
40.732,-74.0035,0
40.7797,-73.9499,0
40.7001,-73.9804,0
40.7276,-73.989,0
40.742,-73.9901,0
40.6714,-73.9624,0
40.7485,-73.9745,0
40.7717,-73.9563,0
40.7161,-74.0002,0
40.7332,-73.9899,0
40.7652,-73.9755,0
40.7563,-73.9745,0
40.7375,-73.9914,0
40.7442,-73.9996,0
40.7091,-74.0104,0
40.7855,-73.95,0
40.7205,-73.9616,1
40.7229,-74.0034,0
40.7192,-73.9563,1
40.7374,-73.9902,0
40.7366,-73.9891,0
40.743,-73.9802,0
40.7523,-73.8923,-1
40.708,-73.9597,1
40.723,-73.9958,0
40.6308,-74.0156,-1
40.7565,-73.9905,0
40.7605,-73.9951,0
40.7322,-73.9985,0
40.7252,-73.993,0
40.7459,-73.9882,0
40.762,-73.9718,0
40.7632,-73.9806,0
40.7213,-73.9878,0
40.7218,-73.958,1
40.6942,-73.9552,0
40.72,-73.9621,1
40.7052,-74.0149,0
40.6752,-73.9491,-1
40.7366,-73.9891,0
40.7698,-73.995,0
40.7375,-73.9798,0
40.7626,-73.9742,0
40.6445,-73.9016,-1
40.7456,-73.9915,0
40.7336,-73.9954,0
40.6944,-74.0006,0
40.7375,-74.0097,0
40.77,-73.8646,2
40.7231,-73.9897,0
40.77,-73.8644,2
40.729,-73.9873,0
40.7177,-73.8394,-1
40.7442,-73.9742,0
40.6941,-73.9992,0
40.7169,-74.0019,0
40.7161,-73.9656,1
40.7371,-74.0514,-1
40.7752,-73.9844,0
40.7222,-73.9944,0
40.764,-73.9737,0
40.6943,-74.0006,0
40.7246,-73.9801,0
40.7395,-73.9869,0
40.6881,-73.942,-1
40.7521,-73.9757,0
40.7739,-73.8723,2
40.8047,-73.9116,-1
40.732,-74.0093,0
40.7869,-73.9522,0
40.7274,-73.9796,0
40.7395,-73.9853,0
40.7835,-73.9834,0
40.7213,-74.0065,0
40.7212,-73.9793,0
40.726,-73.9872,0
40.7571,-73.9833,0
40.7631,-73.9758,0
40.7744,-73.9893,0
40.7705,-73.9667,0
40.8032,-73.9646,-1
40.776,-73.9611,0
40.7116,-74.0075,0
40.7287,-73.9856,0
40.7192,-74.0063,0
40.7407,-74.0019,0
40.7312,-73.9938,0
40.7609,-73.9611,0
40.7375,-73.9298,-1
40.7156,-74.0061,0
40.7135,-74.0068,0
40.7075,-74.0071,0
40.7834,-73.9478,0
40.7389,-74.008,0
40.7081,-74.0176,0
40.7329,-73.9929,0
40.6926,-73.96,0
40.6904,-73.9472,-1
40.6906,-73.9895,0
40.774,-73.8716,2
40.8416,-73.9425,-1
40.7256,-73.9843,0
40.7684,-73.8624,2
40.6787,-74.0064,-1
40.7177,-74.0141,0
40.7461,-74.0024,0
40.7817,-73.9795,0
40.7076,-74.0072,0
40.6953,-73.9733,0
40.7441,-74.0051,0
40.7229,-74.0047,0
40.6673,-73.9357,-1
40.7448,-73.9989,0
40.7386,-73.9736,0
40.7534,-73.9943,0
40.7425,-73.9915,0
40.7675,-73.957,0
40.7338,-73.9555,1
40.7222,-73.9973,0
40.7444,-73.9962,0
40.7583,-73.9881,0
40.7507,-73.9694,0
40.7979,-73.9486,-1
40.7031,-73.9836,0
40.7739,-73.8723,2
40.7733,-73.9664,0
40.7583,-73.9883,0
40.7258,-73.9389,-1
40.7247,-73.9941,0
40.7247,-73.9941,0
40.7081,-74.0114,0
40.7196,-73.9848,0
40.7667,-73.8913,-1
40.7562,-73.9726,0
40.7417,-73.9897,0
40.7411,-74.0054,0
40.7851,-73.9807,0
40.7413,-73.9888,0
40.7653,-73.9529,0
40.781,-73.9724,0
40.7379,-74.0042,0
40.7414,-73.995,0
40.7306,-73.9869,0
40.7414,-74.0064,0
40.7573,-73.8443,-1
40.7165,-74.0165,0
40.749,-73.9922,0
40.7292,-73.9538,1
40.7073,-74.0135,0
40.7459,-73.988,0
40.8229,-73.9452,-1
40.7265,-73.9563,1
40.7498,-73.9794,0
40.7596,-73.9651,0
40.7205,-74.0055,0
40.7289,-74.0004,0
40.7245,-73.9906,0
40.7353,-73.9918,0
40.7439,-73.9796,0
40.6775,-73.9459,-1
40.745,-73.9196,-1
40.7248,-73.9955,0
40.7331,-74.0064,0
40.7743,-73.9631,0
40.7464,-73.9939,0
40.7414,-73.9875,0
40.6722,-74.0108,-1
40.6722,-74.0108,-1
40.7095,-73.9517,1
40.7031,-73.9854,0
40.7317,-73.9933,0
40.7576,-73.8487,-1
40.763,-73.9744,0
40.7141,-73.9897,0
40.7198,-73.9829,0
40.7405,-74.0058,0
40.7563,-73.9894,0
40.7482,-74.0,0
40.7402,-73.9822,0
40.7234,-73.9954,0
40.7553,-73.9752,0
40.7258,-74.0007,0
40.7246,-73.9987,0
40.7928,-73.9676,0
40.7246,-73.9925,0
40.7451,-73.9858,0
40.7172,-73.9552,1
40.7668,-73.9794,0
40.7025,-73.9898,0
40.765,-73.9827,0
40.7588,-73.962,0
40.7205,-73.98,0
40.7218,-73.9867,0
40.7456,-73.9572,-1
40.7328,-73.996,0
40.7579,-73.963,0
40.7622,-73.982,0
40.7382,-74.0046,0
40.7664,-73.9917,0
40.7517,-73.9818,0
40.785,-73.977,0
40.7454,-73.9769,0
40.7204,-73.9617,1
40.737,-73.9932,0
40.7171,-73.9985,0
40.7513,-73.9969,0
40.7513,-73.9969,0
40.7077,-74.008,0
40.7515,-73.9939,0
40.7562,-73.9728,0
40.7761,-73.9458,0
40.7516,-74.0073,0
40.7613,-73.9869,0
40.6558,-73.9591,-1
40.7558,-73.974,0
40.7449,-73.9989,0
40.7405,-74.0019,0
40.7328,-73.9911,0
40.7505,-73.9736,0
40.7238,-73.9968,0
40.6927,-73.9333,-1
40.7031,-73.9347,-1
40.6917,-73.9667,0
40.7689,-73.9874,0
40.835,-73.9472,-1
40.7619,-73.9199,-1
40.746,-74.0073,0
40.7485,-73.978,0
40.7549,-73.9665,0
40.66,-73.9794,0
40.8514,-73.9401,-1
40.7643,-73.9834,0
40.759,-73.9224,-1
40.7441,-73.9814,0
40.7485,-73.9731,0
40.7553,-73.9761,0
40.7194,-73.9849,0
40.689,-73.9859,0
40.7265,-74.002,0
40.7197,-73.9858,0
40.7145,-73.9446,1
40.7358,-74.0068,0
40.748,-73.985,0
40.7605,-73.9872,0
40.72,-73.9934,0
40.7438,-73.9921,0
40.709,-74.0105,0
40.7046,-73.9479,1
40.7593,-73.9856,0
40.6718,-73.9635,0
40.7202,-73.9887,0
40.7218,-73.9828,0
40.763,-73.9856,0
40.8067,-73.9489,-1
40.7052,-73.9333,-1
40.7569,-73.8442,-1
40.7716,-73.9829,0
40.6784,-73.9634,0
40.7614,-73.9879,0
40.7422,-73.9907,0
40.7626,-73.8953,-1
40.689,-73.9551,0
40.7047,-74.0097,0
40.787,-73.9719,0
40.7159,-74.0132,0
40.7959,-73.9327,-1
40.7317,-73.9857,0
40.8012,-73.9543,-1
40.7563,-73.99,0
40.7564,-73.8438,-1
40.7065,-74.0161,0
40.7614,-74.002,0
40.7685,-73.8624,2
40.7269,-73.9854,0
40.7683,-73.8625,2
40.7201,-74.0016,0
40.7308,-73.993,0
40.7408,-74.0017,0
40.7452,-73.991,0
40.7685,-73.9868,0
40.7046,-73.924,-1
40.7754,-73.9557,0
40.8509,-73.9364,-1
40.6919,-73.9242,-1
40.7606,-73.9613,0
40.7711,-73.9565,0
40.7014,-73.938,-1
40.6732,-73.9732,0
40.7494,-73.983,0
40.6789,-73.9701,0
40.7181,-73.9574,1
40.7429,-73.9983,0
40.7984,-73.9609,-1
40.7648,-73.9641,0
40.7592,-73.9945,0
40.7521,-73.9777,0
40.6405,-73.9152,-1
40.7268,-73.9905,0
40.7266,-74.0067,0
40.7643,-73.9706,0
40.7442,-74.0066,0
40.7223,-73.8419,-1
40.7171,-73.9956,0
40.7546,-73.9936,0
40.7555,-73.9923,0
40.7209,-73.9872,0
40.7053,-74.0102,0
40.7722,-73.9522,0
40.7546,-73.9898,0
40.68,-73.9681,0
40.6814,-74.0045,0
40.7625,-73.9659,0
40.7333,-73.9956,0
40.711,-74.0054,0
40.7461,-73.9902,0
40.6901,-73.9363,-1
40.7244,-73.8563,-1
40.7682,-73.957,0
40.7548,-73.8455,-1
40.7784,-73.9019,-1
40.754,-73.9686,0
40.7592,-73.9814,0
40.7256,-73.9922,0
40.7678,-73.9558,0
40.6939,-73.9965,0
40.7978,-73.9695,0
40.7692,-73.9828,0
40.7162,-73.9344,-1
40.7738,-73.8716,2
40.7807,-73.9588,0
40.7514,-74.008,0
40.7274,-74.0085,0
40.6775,-73.8955,-1
40.715,-74.0059,0
40.7225,-73.9924,0
40.7588,-73.9896,0
40.709,-74.0052,0
40.7517,-73.9773,0
40.741,-74.0077,0
40.743,-73.9964,0
40.7692,-73.9831,0
40.7837,-73.9588,0
40.7651,-73.9772,0
40.7166,-73.9588,1
40.6833,-73.9977,0
40.7333,-74.0064,0
40.8284,-73.927,-1
40.7682,-73.9904,0
40.6948,-73.9434,-1
40.6782,-73.9688,0
40.7254,-73.984,0
40.7091,-73.8188,-1
40.7058,-73.9648,1
40.6939,-73.9628,0
40.7252,-74.0012,0
40.6773,-73.9429,-1
40.8267,-73.947,-1
40.7266,-74.0023,0
40.7552,-73.9683,0
40.7508,-73.9741,0
40.7872,-73.9763,0
40.7203,-73.9634,1
40.7601,-73.9602,0
40.7471,-73.9477,-1
40.6881,-73.9719,0
40.7049,-73.9334,-1
40.6552,-74.0034,-1
40.7946,-73.9664,0
40.67,-73.935,-1
40.7169,-73.9624,1
40.7728,-73.9538,0
40.698,-73.9303,-1
40.7705,-73.954,0
40.7266,-73.9923,0
40.8177,-73.9416,-1
40.7446,-73.9571,-1
40.7529,-73.9697,0
40.7441,-73.9919,0
40.7605,-73.9911,0
40.705,-74.0175,0
40.7233,-73.9955,0
40.7607,-73.9974,0
40.7607,-73.9974,0
40.7077,-74.0102,0
40.6781,-73.9847,0
40.7317,-74.064,-1
40.7725,-73.9889,0
40.7202,-73.9999,0
40.7627,-73.9723,0
40.6925,-73.9347,-1
40.7723,-73.9673,0
40.7723,-73.9673,0
40.6782,-73.985,0
40.7738,-73.8715,2
40.7485,-74.0062,0
40.7777,-73.9889,0
40.7498,-73.9918,0
40.8137,-73.9459,-1
40.7766,-73.946,0
40.7876,-73.9749,0
40.714,-74.0095,0
40.7135,-74.012,0
40.6791,-73.9553,0
40.7624,-73.9861,0
40.7627,-74.0,0
40.7174,-73.9628,1
40.7745,-73.9842,0
40.7111,-73.9604,1
40.7421,-73.9758,0
40.7655,-73.9979,0
40.707,-73.9394,1
40.7014,-73.9391,-1
40.7311,-74.0042,0
40.7794,-73.9882,0
40.7048,-73.9286,-1
40.687,-73.9852,0
40.752,-73.9794,0
40.7197,-73.9932,0
40.7576,-73.9823,0
40.7514,-73.9934,0
40.7126,-73.9567,1
40.7101,-74.0075,0
40.7624,-73.9747,0
40.7632,-73.9738,0
40.7271,-74.0066,0
40.7154,-74.0159,0
40.7644,-73.9102,-1
40.7779,-73.9547,0
40.7655,-73.9911,0
40.7665,-73.9794,0
40.7515,-73.9904,0
40.7083,-74.0101,0
40.7435,-73.9728,0
40.7525,-73.9931,0
40.6873,-73.9978,0
40.723,-73.9842,0
40.7094,-74.0118,0
40.7069,-73.9337,-1
40.7426,-73.9825,0
40.7247,-73.9987,0
40.7273,-74.0004,0
40.7679,-73.9915,0
40.7956,-73.9323,-1
40.6939,-73.906,-1
40.7594,-73.9882,0
40.7163,-73.9662,1
40.7218,-73.9946,0
40.7746,-73.9846,0
40.7609,-73.9947,0
40.7625,-73.9754,0
40.7138,-73.9792,0
40.7778,-73.9889,0
40.6962,-73.9833,0
40.735,-73.9912,0
40.7473,-74.0068,0
40.6795,-73.8583,-1
40.6847,-73.9682,0
40.7516,-74.0078,0
40.7658,-73.9709,0
40.7273,-73.9847,0
40.6656,-73.9541,-1
40.7149,-74.0058,0
40.7034,-73.9179,-1
40.7224,-73.9823,0
40.7224,-73.9823,0
40.7503,-73.9946,0
40.7467,-73.9844,0
40.7323,-74.0362,-1
40.7125,-73.9518,1
40.7415,-73.9552,-1
40.7735,-73.9634,0
40.8552,-73.8774,-1
40.7121,-73.9631,1
40.7162,-73.9973,0
40.7444,-74.0065,0
40.73,-73.9931,0
40.7177,-73.9561,1
40.7499,-73.9914,0
40.7793,-73.9445,0
40.7204,-73.9616,1
40.6587,-73.9625,-1
40.7009,-73.9406,-1
40.7601,-73.9908,0
40.7514,-73.9762,0
40.7641,-73.9762,0
40.7113,-74.0101,0
40.7774,-73.955,0
40.7313,-74.0002,0
40.7636,-73.9599,0
40.7762,-73.9879,0
40.6465,-74.0198,-1
40.7089,-74.0058,0
40.759,-73.9942,0
40.7396,-73.9812,0
40.7204,-73.9633,1
40.7745,-73.9498,0
40.719,-73.9969,0
40.7604,-73.9797,0
40.7655,-73.9642,0
40.735,-74.0002,0
40.7248,-73.9922,0
40.6695,-73.9923,-1
40.7208,-73.9435,1
40.7366,-73.9821,0
40.7559,-73.9675,0
40.69,-73.9571,0
40.7467,-73.8856,-1
40.7262,-73.9533,1
40.7326,-74.0003,0
40.7089,-74.0169,0
40.6974,-73.9968,0
40.7777,-73.9537,0
40.6678,-73.9748,0
40.6572,-73.9486,-1
40.7443,-74.0003,0
40.7298,-74.0007,0
40.8284,-73.9415,-1
40.7261,-74.0038,0
40.7319,-73.9579,1
40.717,-74.0124,0
40.7397,-74.004,0
40.7221,-73.9803,0
40.7129,-73.9927,0
40.7887,-73.9551,0
40.7605,-73.9994,0
40.7527,-73.9677,0
40.7914,-73.978,0
40.6791,-73.9956,0
40.627,-73.9379,-1
40.7316,-73.9883,0
40.6812,-73.9498,-1
40.773,-73.9898,0
40.684,-73.9574,0
40.7576,-73.9883,0
40.7693,-73.9881,0
40.7366,-73.9932,0
40.7045,-73.9478,1
40.7246,-74.0021,0
40.742,-74.0008,0
40.7179,-73.9896,0
40.7385,-74.0413,-1
40.7793,-73.9554,0
40.7785,-73.9482,0
40.7686,-73.8625,2
40.7517,-73.9768,0
40.7374,-73.9797,0
40.6867,-73.9664,0
40.6719,-73.9639,0
40.7278,-74.0066,0
40.7278,-74.0066,0
40.7158,-74.0132,0
40.7419,-74.0039,0
40.7548,-73.9738,0
40.7199,-74.0041,0
40.7185,-73.9635,1
40.7736,-73.9066,-1
40.7321,-73.9966,0
40.7499,-73.984,0
40.6876,-73.9847,0
40.7065,-74.0125,0
40.7483,-73.9769,0
40.7978,-73.9621,-1
40.685,-73.9622,0
40.7356,-74.0028,0
40.7214,-74.0116,0
40.6387,-73.9705,-1
40.8577,-73.8848,-1
40.7387,-73.9927,0
40.7387,-73.9927,0
40.7238,-73.997,0
40.8168,-73.9473,-1
40.6743,-73.966,0
40.7664,-73.9598,0
40.742,-73.991,0
40.6719,-73.9592,-1
40.7402,-73.9889,0
40.7061,-74.0164,0
40.7282,-73.9929,0
40.7211,-74.0045,0
40.7148,-74.0162,0
40.7483,-73.9958,0
40.759,-73.9536,0
40.7217,-73.9974,0
40.7126,-73.9385,1
40.7349,-73.9953,0
40.7397,-74.0071,0
40.7752,-73.9513,0
40.7639,-73.9701,0
40.7579,-73.9915,0
40.6961,-73.9831,0
40.6961,-73.9831,0
40.7782,-73.9483,0
40.6824,-73.9386,-1
40.7442,-73.9586,-1
40.7378,-73.9937,0
40.7248,-73.9974,0
40.7364,-73.9866,0
40.7352,-73.9911,0
40.7115,-74.0159,0
40.725,-73.9933,0
40.7724,-73.9809,0
40.7996,-73.942,-1
40.7704,-73.9913,0
40.7789,-73.9828,0
40.7223,-74.0038,0
40.7379,-73.9986,0
40.7049,-74.014,0
40.7766,-73.9054,-1
40.6837,-73.979,0
40.7175,-73.984,0
40.7237,-73.9919,0
40.794,-73.9388,-1
40.8464,-73.9383,-1
40.778,-73.9481,0
40.7449,-74.0063,0
40.7593,-73.9946,0
40.7829,-73.9786,0
40.7684,-73.8624,2
40.7084,-73.9472,1
40.7665,-73.9649,0
40.7313,-74.0066,0
40.7626,-73.9851,0
40.7202,-74.0055,0
40.7453,-73.9847,0
40.7459,-74.0053,0
40.7203,-73.9425,1
40.7604,-73.9761,0
40.7696,-73.9507,0
40.7651,-73.962,0
40.7215,-73.9928,0
40.7184,-73.9617,1
40.7588,-73.9861,0
40.7134,-73.9484,1
40.7658,-73.9634,0
40.6933,-73.943,-1
40.7239,-73.8828,-1
40.7671,-73.918,-1
40.7671,-73.918,-1
40.7006,-73.9436,-1
40.7078,-74.0039,0
40.7078,-74.0039,0
40.7362,-73.9018,-1
40.7442,-73.9746,0
40.7052,-74.0078,0
40.6879,-73.9728,0
40.7778,-73.9888,0
40.7621,-73.9663,0
40.7406,-73.9891,0
40.7655,-73.9774,0
40.7151,-74.016,0
40.7375,-73.9534,-1
40.641,-73.9647,-1
40.7433,-73.9805,0
40.7806,-73.973,0
40.8193,-73.9519,-1
40.7596,-73.9775,0
40.6935,-73.971,0
40.7484,-74.0056,0
40.6951,-73.9643,0
40.7588,-73.9942,0
40.7213,-73.9574,1
40.7211,-73.9871,0
40.7544,-73.9695,0
40.7783,-73.9627,0
40.7463,-73.9751,0
40.7688,-73.8876,-1
40.7335,-74.0021,0
40.7559,-73.9967,0
40.6744,-73.9795,0
40.6955,-73.9873,0
40.7561,-73.9966,0
40.6665,-73.9399,-1
40.7233,-73.9913,0
40.7936,-73.9745,0
40.721,-73.9611,1
40.7503,-73.9864,0
40.7594,-73.9958,0
40.7061,-74.008,0
40.7172,-73.9829,0
40.7172,-73.9829,0
40.713,-73.9452,1
40.7298,-73.9785,0
40.7217,-73.9849,0
40.7255,-73.9919,0
40.8403,-73.8426,-1
40.7092,-74.0138,0
40.7301,-73.9876,0
40.7249,-74.0026,0
40.7416,-74.0037,0
40.7763,-73.9457,0
40.7946,-73.9665,0
40.7395,-74.0081,0
40.7457,-73.9823,0
40.7257,-73.9839,0
40.7257,-73.9839,0
40.7458,-73.9718,0
40.7719,-73.9653,0
40.7025,-74.0131,0
40.7299,-73.9914,0
40.7662,-73.9917,0
40.7382,-73.9933,0
40.7395,-73.9869,0
40.7685,-73.9272,-1
40.7793,-73.9883,0
40.8174,-73.9423,-1
40.7381,-73.9892,0
40.7454,-73.9838,0
40.7408,-74.0016,0
40.73,-73.9748,0
40.7267,-73.985,0
40.7678,-73.9682,0
40.7678,-73.9682,0
40.7663,-73.9942,0
40.666,-73.9789,0
40.6884,-73.955,0
40.765,-73.9613,0
40.7218,-73.9829,0
40.7627,-73.968,0
40.7778,-73.9537,0
40.7631,-73.9676,0
40.7278,-73.9878,0
40.7697,-73.9605,0
40.7241,-73.9987,0
40.7622,-74.0015,0
40.7681,-73.9606,0
40.6915,-73.9433,-1
40.7645,-73.9719,0
40.7077,-73.9319,-1
40.7707,-73.9479,0
40.7555,-73.9699,0
40.7055,-74.0136,0
40.7182,-73.9906,0
40.707,-74.0084,0
40.74,-73.9795,0
40.7954,-73.936,-1
40.7243,-74.002,0
40.7419,-73.9937,0
40.8117,-73.9384,-1
40.7636,-73.9579,0
40.8347,-73.9355,-1
40.7305,-74.0102,0
40.7772,-73.989,0
40.6816,-73.9958,0
40.709,-73.9411,1
40.7515,-73.9737,0
40.7677,-73.9917,0
40.7984,-73.935,-1
40.7346,-74.0061,0
40.7086,-73.9468,1
40.7768,-73.9512,0
40.7683,-73.8622,2
40.6874,-73.9602,0
40.7429,-73.9864,0
40.8105,-73.9423,-1
40.7152,-73.9533,1
40.7653,-73.9695,0
40.7401,-73.9822,0
40.7705,-73.9539,0
40.7082,-74.0094,0
40.6795,-74.0104,-1
40.6921,-73.985,0
40.6878,-73.9842,0
40.7484,-73.9889,0
40.7627,-73.9813,0
40.7484,-73.9889,0
40.7401,-73.9949,0
40.7155,-74.0114,0
40.7352,-74.0063,0
40.7476,-73.9923,0
40.6721,-73.9554,-1
40.7725,-73.9532,0
40.7229,-73.989,0
40.7541,-73.847,-1
40.7138,-74.0126,0
40.7495,-73.9717,0
40.7199,-73.988,0
40.7493,-73.9819,0
40.7493,-73.9922,0
40.7242,-73.9819,0
40.7186,-74.0043,0
40.7606,-73.9961,0
40.719,-73.9625,1
40.7041,-74.0091,0
40.6948,-73.9643,0
40.7161,-73.9918,0
40.7158,-74.0154,0
40.6779,-73.9036,-1
40.7524,-73.9934,0
40.7017,-73.9434,1
40.7522,-73.9355,-1
40.7156,-73.9984,0
40.711,-74.0054,0
40.7663,-73.9914,0
40.7237,-74.0104,0
40.7847,-73.9822,0
40.7246,-73.9916,0
40.715,-74.0161,0
40.7853,-73.9717,0
40.7808,-73.9768,0
40.7716,-73.9509,0
40.7297,-73.9984,0
40.7243,-73.9792,0
40.7299,-73.9776,0
40.7366,-73.9547,1
40.7366,-73.9547,1
40.7313,-73.9916,0
40.7515,-73.9939,0
40.76,-73.9698,0
40.7044,-73.9168,-1
40.7428,-73.9822,0
40.7667,-73.9709,0
40.7426,-73.9776,0
40.7488,-73.9731,0
40.7209,-73.9896,0
40.7209,-73.9896,0
40.7367,-74.0057,0
40.7308,-73.9807,0
40.7031,-73.9877,0
40.762,-73.9727,0
40.6753,-73.9882,0
40.7506,-73.991,0
40.7259,-73.9795,0
40.7466,-73.9778,0
40.7201,-74.0104,0
40.7442,-73.989,0
40.6835,-73.9481,-1
40.7343,-74.0096,0
40.7144,-73.9455,1
40.7144,-73.9455,1
40.6773,-73.9983,0
40.7387,-73.989,0
40.7243,-73.9959,0
40.757,-73.9937,0
40.7324,-73.958,1
40.7453,-73.9869,0
40.7126,-74.0047,0
40.7357,-73.9979,0
40.7204,-73.9944,0
40.733,-74.0056,0
40.7052,-73.9177,-1
40.7286,-74.0049,0
40.7025,-73.9923,0
40.7429,-73.987,0
40.7127,-73.9625,1
40.6713,-73.9626,0
40.7554,-73.9952,0
40.7189,-73.9567,1
40.7674,-73.9708,0
40.7153,-74.0117,0
40.7202,-73.9961,0
40.7419,-73.9904,0
40.7662,-73.9918,0
40.714,-73.9558,1
40.7747,-73.9912,0
40.7178,-73.9592,1
40.6866,-73.9755,0
40.6961,-73.968,0
40.7455,-73.995,0
40.7679,-73.8677,2
40.7265,-73.988,0
40.7601,-73.9669,0
40.711,-73.9432,1
40.7824,-73.9805,0
40.7656,-73.9638,0
40.7656,-73.9638,0
40.7411,-73.9924,0
40.6879,-73.9692,0
40.7598,-73.9917,0
40.7368,-73.9817,0
40.691,-73.994,0
40.7179,-74.0105,0
40.7624,-73.9786,0
40.6982,-73.9218,-1
40.7279,-73.9878,0
40.7437,-73.9837,0
40.7495,-73.9921,0
40.7204,-73.9998,0
40.7781,-74.0172,-1
40.7666,-73.9529,0
40.7499,-73.9914,0
40.7216,-73.9582,1
40.7799,-73.9554,0
40.6992,-73.9471,-1
40.7214,-73.9976,0
40.7281,-73.9991,0
40.7517,-73.9849,0
40.7181,-73.9444,1
40.7228,-73.9476,1
40.6482,-73.9999,-1
40.7468,-73.9905,0
40.6946,-73.9839,0
40.7554,-73.9681,0
40.7565,-74.0016,0
40.7404,-73.9822,0
40.7404,-73.9985,0
40.7465,-73.9741,0
40.728,-73.9932,0
40.7821,-73.9574,0
40.6676,-73.9422,-1
40.6937,-73.9984,0
40.6949,-73.9825,0
40.7591,-73.9945,0
40.7451,-73.9809,0
40.7271,-73.9887,0
40.7395,-74.008,0
40.6882,-73.9841,0
40.7233,-73.9883,0
40.7701,-73.9809,0
40.7409,-74.0075,0
40.6881,-73.9647,0
40.7758,-73.9838,0
40.684,-73.9178,-1
40.7392,-73.9821,0
40.7553,-73.9728,0
40.6426,-73.9801,-1
40.7352,-73.9899,0
40.7631,-73.9936,0
40.7674,-73.9846,0
40.6664,-73.9789,0
40.7239,-73.9981,0
40.7159,-74.0152,0
40.7231,-74.0395,-1
40.7633,-73.9767,0
40.688,-73.9805,0
40.7255,-73.984,0
40.7591,-73.9886,0
40.7469,-73.9898,0
40.719,-73.9901,0
40.7484,-73.9764,0
40.7675,-73.9827,0
40.6729,-73.9734,0
40.7406,-73.9796,0
40.7611,-73.9998,0
40.8237,-73.9448,-1
40.6817,-73.9511,-1
40.6779,-73.9956,0
40.7598,-73.9864,0
40.6724,-73.9771,0
40.7514,-73.9856,0
40.7959,-73.9431,-1
40.8364,-73.9431,-1
40.675,-73.9476,-1
40.7256,-74.0049,0
40.7276,-74.0055,0
40.7597,-73.9992,0
40.7335,-73.9765,0
40.8022,-73.9618,-1
40.7636,-73.9722,0
40.7167,-73.9911,0
40.6337,-73.9581,-1
40.7684,-73.9815,0
40.7485,-73.9567,0
40.6904,-73.9536,0
40.7434,-73.9939,0
40.7259,-74.0009,0
40.7105,-73.9488,1
40.7644,-73.9958,0
40.7443,-73.9126,-1
40.7556,-73.9724,0
40.7559,-73.9964,0
40.7736,-73.871,2
40.7196,-73.9987,0
40.6765,-73.9584,0
40.767,-73.9827,0
40.7015,-73.9444,1
40.7373,-73.9782,0
40.7596,-73.9838,0
40.7172,-73.9909,0
40.7453,-73.9961,0
40.7939,-73.9719,0
40.6753,-73.9621,0
40.7284,-73.9872,0
40.7612,-73.9235,-1
40.6235,-73.9187,-1
40.7278,-73.8908,-1
40.7456,-74.0056,0
40.7453,-74.0022,0
40.7628,-73.9821,0
40.6899,-73.9899,0
40.704,-73.9127,-1
40.6808,-73.9392,-1
40.7153,-74.0431,-1
40.6836,-73.9768,0
40.7556,-73.9974,0
40.7499,-73.9935,0
40.7432,-74.0075,0
40.729,-73.9869,0
40.729,-73.9869,0
40.7507,-73.9898,0
40.6917,-73.9844,0
40.7169,-73.9956,0
40.714,-73.9327,-1
40.7789,-73.9618,0
40.6902,-73.9275,-1
40.6251,-73.9614,-1
40.7021,-73.956,1
40.7363,-73.9248,-1
40.7691,-73.9959,0
40.6753,-73.9621,0
40.7268,-73.9963,0
40.7299,-73.993,0
40.7649,-73.9608,0
40.6883,-73.9698,0
40.7281,-73.999,0
40.7237,-74.0355,-1
40.7523,-73.97,0
40.7796,-73.974,0
40.7209,-73.9936,0
40.7971,-74.0112,-1
40.7039,-74.0143,0
40.7519,-74.0077,0
40.7501,-73.993,0
40.7695,-73.9618,0
40.7466,-73.9723,0
40.7655,-73.9721,0
40.7492,-73.9882,0
40.7536,-73.9947,0
40.7271,-74.0061,0
40.8053,-73.9384,-1
40.723,-73.9826,0
40.8033,-73.9672,-1
40.732,-73.9581,1
40.7023,-73.9852,0
40.7412,-73.9899,0
40.7708,-73.9594,0
40.7257,-74.0053,0
40.7414,-73.902,-1
40.7481,-73.993,0
40.7639,-73.9295,-1
40.7245,-73.9779,0
40.7748,-73.9841,0
40.7448,-73.9976,0
40.7448,-73.9976,0
40.7461,-73.9565,-1
40.6751,-74.0166,-1
40.78,-73.9751,0
40.7031,-73.8307,-1
40.7349,-74.0523,-1
40.6967,-73.9832,0
40.7674,-73.9813,0
40.742,-74.0038,0
40.7137,-73.9928,0
40.7637,-73.9636,0
40.72,-74.0001,0
40.753,-73.9493,-1
40.7158,-74.015,0
40.7655,-73.9681,0
40.7437,-73.9876,0
40.7437,-73.9876,0
40.7325,-73.9879,0
40.6746,-74.017,-1
40.7726,-73.9584,0
40.7813,-73.9463,0
40.7624,-73.9879,0
40.7219,-73.9578,1
40.7388,-74.0093,0
40.7323,-73.9913,0
40.7758,-73.9625,0
40.7644,-73.9666,0
40.672,-73.9611,0
40.6657,-73.9643,-1
40.7167,-74.0129,0
40.764,-73.9939,0
40.7378,-73.9899,0
40.7278,-73.9972,0
40.6968,-73.9231,-1
40.7792,-73.9508,0
40.7369,-74.0063,0
40.6938,-73.9824,0
40.6753,-73.9619,0
40.7589,-73.983,0
40.7554,-73.9839,0
40.7034,-73.9263,-1
40.7048,-74.0087,0
40.7668,-73.9821,0
40.7854,-73.9822,0
40.7342,-73.9806,0
40.7384,-73.9901,0
40.6933,-73.948,-1
40.7424,-73.9837,0
40.785,-73.9486,0
40.6919,-73.9428,-1
40.7466,-73.9916,0
40.763,-73.9997,0
40.7652,-73.9729,0
40.7522,-73.9855,0
40.7168,-74.0082,0
40.7384,-73.9998,0
40.7234,-73.981,0
40.7189,-73.9832,0
40.7521,-73.8265,-1
40.7133,-73.9649,1
40.7674,-73.955,0
40.7872,-73.9779,0
40.7872,-73.9779,0
40.7077,-73.945,1
40.709,-73.942,1
40.7832,-73.9486,0
40.7316,-74.004,0
40.7519,-74.0045,0
40.7519,-74.0045,0
40.6892,-73.9189,-1
40.7241,-73.9851,0
40.6916,-73.9949,0
40.7414,-74.0024,0
40.778,-73.9802,0
40.778,-73.9802,0
40.7583,-73.9928,0
40.71,-73.9901,0
40.7273,-73.9919,0
40.7765,-73.9786,0
40.6749,-73.9766,0
40.7207,-73.9952,0
40.7215,-74.0012,0
40.7872,-73.979,0
40.7445,-73.984,0
40.6777,-73.9918,0
40.7277,-73.9853,0
40.7277,-73.9853,0
40.7649,-73.9805,0
40.7427,-73.9124,-1
40.7526,-73.9724,0
40.7204,-73.9632,1
40.71,-74.0068,0
40.7142,-73.9888,0
40.749,-74.007,0
40.7339,-74.0046,0
40.7753,-73.9819,0
40.7609,-73.9964,0
40.7609,-73.9964,0
40.7524,-73.9742,0
40.7074,-74.0073,0
40.7417,-73.996,0
40.7433,-74.0066,0
40.7204,-73.9851,0
40.7724,-73.9673,0
40.78,-73.9551,0
40.7529,-73.9849,0
40.6723,-74.0102,-1
40.7586,-73.9883,0
40.7346,-73.9902,0
40.6378,-73.926,-1
40.7256,-73.9452,1
40.7625,-73.9766,0
40.7371,-73.9971,0
40.7248,-73.9881,0
40.7606,-73.9959,0
40.6643,-73.9837,0
40.7127,-73.9897,0
40.7632,-73.9311,-1
40.6774,-73.9799,0
40.7435,-73.9726,0
40.7783,-73.9768,0
40.7485,-74.0017,0
40.7054,-74.0172,0
40.7371,-73.9783,0
40.7204,-74.0037,0
40.7481,-74.0031,0
40.6904,-73.9541,0
40.7887,-73.967,0
40.7481,-73.9808,0
40.7691,-73.9609,0
40.6893,-73.9867,0
40.6322,-74.0309,-1
40.7076,-73.9292,-1
40.7775,-73.9889,0
40.7201,-73.9847,0
40.6828,-73.9278,-1
40.7449,-73.9807,0
40.7049,-73.9103,-1
40.6855,-73.9812,0
40.7422,-73.9913,0
40.7484,-73.9729,0
40.7691,-73.8888,-1
40.7456,-73.9571,-1
40.6775,-73.9588,0
40.7468,-73.9933,0
40.7197,-74.0049,0
40.7226,-74.0013,0
40.7085,-74.0105,0
40.7586,-73.9774,0
40.76,-73.9688,0
40.7067,-73.9229,-1
40.7311,-74.0014,0
40.6763,-73.9663,0
40.7591,-73.9959,0
40.7138,-73.9933,0
40.7541,-73.9979,0
40.7499,-73.9768,0
40.7638,-73.9637,0
40.7807,-73.9716,0
40.6722,-74.0106,-1
40.7214,-73.9606,1
40.7543,-73.9871,0
40.7717,-73.9829,0
40.7443,-73.992,0
40.7353,-74.0051,0
40.7088,-74.0132,0
40.7225,-73.9874,0
40.7439,-74.0069,0
40.7622,-73.9954,0
40.6949,-73.9833,0
40.7384,-73.9952,0
40.7748,-73.9881,0
40.7512,-73.9908,0
40.6782,-73.9686,0
40.7627,-73.9988,0
40.6658,-73.9759,0
40.7451,-73.9913,0
40.7214,-73.9927,0
40.7743,-73.957,0
40.7358,-74.0063,0
40.7681,-73.862,2
40.7167,-73.9619,1
40.8054,-73.9661,-1
40.7326,-74.0033,0
40.7701,-73.9916,0
40.6714,-73.9812,0
40.7504,-73.9947,0
40.7483,-73.9802,0
40.7298,-73.983,0
40.7407,-74.0046,0
40.7215,-73.9929,0
40.7203,-73.9618,1
40.8182,-73.9278,-1
40.8182,-73.9278,-1
40.7691,-73.9958,0
40.7795,-73.9503,0
40.7212,-73.988,0
40.7154,-73.9967,0
40.7554,-73.9736,0
40.7338,-73.9884,0
40.7457,-73.8471,-1
40.8128,-73.9492,-1
40.7705,-74.0252,-1
40.6558,-73.9564,-1
40.76,-73.9721,0
40.7686,-73.9872,0
40.701,-73.9166,-1
40.6908,-73.8353,-1
40.7139,-74.0096,0
40.7659,-73.9573,0
40.7309,-73.8923,-1
40.7436,-73.9771,0
40.7102,-74.0163,0
40.7711,-73.9814,0
40.6999,-73.9939,0
40.7035,-73.9269,-1
40.7708,-73.9661,0
40.7482,-73.9855,0
40.7663,-73.9917,0
40.6962,-73.9936,0
40.7527,-74.0003,0
40.733,-73.9911,0
40.7243,-74.0032,0
40.7681,-73.9684,0
40.7572,-73.9696,0
40.7234,-74.003,0
40.7462,-73.9946,0
40.7302,-73.9944,0
40.7187,-74.0052,0
40.7355,-73.862,-1
40.7544,-73.8459,-1
40.7256,-73.9896,0
40.7114,-73.9594,1
40.7023,-73.9848,0
40.7679,-73.9917,0
40.7423,-73.934,-1
40.646,-73.9788,-1
40.7546,-73.9803,0
40.7418,-74.0077,0
40.7426,-74.0282,-1
40.7739,-73.8726,2
40.7197,-73.9871,0
40.7073,-73.9539,1
40.7386,-73.9999,0
40.7486,-73.9923,0
40.7208,-73.9609,1
40.7405,-74.008,0
40.7757,-73.9764,0
40.7459,-74.0075,0
40.7057,-73.9318,-1
40.7293,-74.0014,0
40.7139,-74.0106,0
40.7337,-73.9929,0
40.7439,-73.988,0
40.748,-73.9714,0
40.6864,-73.9747,0
40.7354,-74.0091,0
40.6978,-73.9699,0
40.7233,-73.9949,0
40.7369,-73.9897,0
40.7138,-73.9992,0
40.7658,-73.9632,0
40.7665,-73.9861,0
40.7489,-73.9899,0
40.7433,-74.0012,0
40.6453,-73.9601,-1
40.7106,-73.9657,1
40.7603,-73.987,0
40.7189,-73.9946,0
40.7215,-73.9934,0
40.6917,-73.9705,0
40.7701,-73.9632,0
40.716,-74.0112,0
40.7368,-74.0038,0
40.7511,-73.9402,-1
40.75,-73.9815,0
40.7293,-73.9935,0
40.7819,-73.9473,0
40.7774,-73.981,0
40.7458,-73.9845,0
40.7327,-73.9835,0
40.7327,-73.9835,0
40.7636,-73.9693,0
40.759,-73.9942,0
40.7369,-73.9803,0
40.7739,-73.8724,2
40.7137,-74.0105,0
40.7102,-74.0097,0
40.7742,-73.8724,2
40.7271,-73.9897,0
40.714,-74.0095,0
40.7168,-74.002,0
40.736,-74.0049,0
40.6834,-73.9654,0
40.7542,-74.0068,0
40.7622,-73.9737,0
40.7071,-74.0102,0
40.7227,-73.9879,0
40.763,-73.958,0
40.7922,-73.9442,0
40.7819,-73.9811,0
40.7177,-73.9641,1
40.7356,-73.9779,0
40.7741,-73.8727,2
40.73,-73.992,0
40.6837,-73.864,-1
40.7662,-73.9795,0
40.7617,-73.9737,0
40.7166,-74.0049,0
40.6972,-73.9339,-1
40.77,-73.9546,0
40.6487,-73.9445,-1
40.743,-74.0038,0
40.7086,-73.9434,1
40.7319,-73.9859,0
40.7319,-73.9859,0
40.7209,-73.9911,0
40.6691,-73.9622,-1
40.7448,-74.0086,0
40.7005,-73.9416,-1
40.6749,-73.9767,0
40.6958,-73.9974,0
40.7529,-73.9804,0
40.7565,-73.8439,-1
40.729,-74.0048,0
40.7198,-73.9886,0
40.76,-73.9598,0
40.6808,-73.9985,0
40.6781,-74.0168,-1
40.6557,-73.9115,-1
40.7471,-74.0007,0
40.7536,-73.9998,0
40.7831,-73.9591,0
40.7131,-74.0074,0
40.7498,-73.978,0
40.7616,-73.9696,0
40.6711,-74.0972,-1
40.718,-73.9991,0
40.7805,-73.954,0
40.6969,-73.9951,0
40.7547,-73.9812,0
40.7332,-74.0098,0
40.7378,-73.9179,-1
40.7416,-74.0427,-1
40.7417,-73.9841,0
40.6658,-73.9992,-1
40.7249,-73.9973,0
40.747,-74.0002,0
40.7183,-73.9469,1
40.7684,-73.8626,2
40.7233,-73.9912,0
40.6813,-73.9787,0
40.7869,-73.9512,0
40.7555,-73.9738,0
40.7637,-73.9693,0
40.6871,-73.951,-1
40.7335,-73.9996,0
40.7233,-73.9913,0
40.7833,-73.8336,-1
40.7114,-73.9614,1
40.7734,-73.9813,0
40.7368,-73.9895,0
40.7594,-73.975,0
40.7239,-73.9897,0
40.7365,-73.9819,0
40.718,-73.955,1
40.763,-73.9677,0
40.799,-73.9669,0
40.799,-73.9669,0
40.7806,-73.9168,-1
40.7834,-73.9745,0
40.7235,-73.9907,0
40.7235,-73.9907,0
40.799,-73.9384,-1
40.7647,-73.9552,0
40.6915,-73.8659,-1
40.7204,-73.9981,0
40.7741,-73.8727,2
40.8023,-73.97,0
40.7696,-73.9603,0
40.7598,-73.9194,-1
40.8087,-73.9596,-1
40.7283,-73.983,0
40.7283,-73.983,0
40.7142,-73.9494,1
40.7701,-73.9107,-1
40.8063,-73.9635,-1
40.6722,-74.0106,-1
40.7735,-73.9518,0
40.7265,-74.009,0
40.7265,-74.009,0
40.703,-73.9333,-1
40.6686,-73.9814,0
40.7587,-73.9921,0
40.7587,-73.9921,0
40.7563,-73.9943,0
40.6853,-73.9527,0
40.7217,-73.9805,0
40.7667,-73.9613,0
40.7633,-73.9729,0
40.7139,-74.011,0
40.7269,-73.9857,0
40.6781,-73.9844,0
40.7612,-73.9616,0
40.8031,-73.9583,-1
40.78,-73.9788,0
40.734,-74.0029,0
40.7355,-73.9751,0
40.7299,-73.9995,0
40.7498,-73.9917,0
40.6676,-73.9535,-1
40.7394,-73.9862,0
40.6921,-73.964,0
40.7024,-73.9851,0
40.7142,-73.9849,0
40.7027,-73.9442,1
40.6774,-73.9984,0
40.696,-73.9883,0
40.7117,-73.9624,1
40.7319,-74.0034,0
40.7716,-73.957,0
40.752,-74.0052,0
40.7801,-73.983,0
40.7808,-73.9806,0
40.6869,-73.9707,0
40.8029,-73.9584,-1
40.7738,-73.9597,0
40.751,-73.9464,-1
40.751,-73.9464,-1
40.7378,-73.9913,0
40.7719,-73.9824,0
40.7638,-73.9916,0
40.7646,-73.9753,0
40.7251,-73.9842,0
40.6879,-73.9691,0
40.7234,-74.0096,0
40.7248,-74.0018,0
40.7833,-73.9551,0
40.7245,-73.9796,0
40.7213,-73.9607,1
40.7418,-73.9919,0
40.7663,-73.9918,0
40.7157,-73.9624,1
40.7387,-74.0027,0
40.8019,-73.9671,0
40.703,-73.9947,0
40.6753,-73.9496,-1
40.7455,-73.9793,0
40.6934,-73.9672,0
40.7738,-73.9499,0
40.6898,-73.9797,0
40.722,-73.9888,0
40.7696,-73.9622,0
40.6796,-73.886,-1
40.7322,-73.9885,0
40.7791,-73.9776,0
40.7407,-73.9944,0
40.7395,-73.9943,0
40.7485,-73.9806,0
40.716,-74.0088,0
40.7295,-73.978,0
40.6873,-73.9697,0
40.7238,-74.0047,0
40.7482,-73.9804,0
40.7353,-74.0054,0
40.7497,-73.9718,0
40.7236,-73.9963,0
40.7642,-73.9846,0
40.751,-74.0039,0
40.7462,-73.9457,-1
40.7704,-73.9538,0
40.6704,-73.9579,-1
40.7418,-74.0037,0
40.716,-73.9451,1
40.7459,-73.9981,0
40.6738,-73.9569,-1
40.7236,-74.0108,0
40.7322,-73.9924,0
40.7206,-73.9951,0
40.7417,-73.9763,0
40.7847,-73.982,0
40.7376,-73.981,0
40.7558,-73.9917,0
40.7015,-73.9444,1
40.6282,-73.9366,-1
40.6734,-73.9652,0
40.733,-74.0036,0
40.7855,-73.9803,0
40.6429,-73.9822,-1
40.7879,-73.9796,0
40.7143,-73.965,1
40.6671,-73.9873,0
40.7689,-73.9002,-1
40.8256,-73.9524,-1
40.7374,-73.9988,0
40.7154,-74.0146,0
40.7188,-73.9579,1
40.7169,-73.9891,0
40.7905,-73.9736,0
40.7517,-74.0036,0
40.7846,-73.9716,0
40.7861,-73.9533,0
40.7723,-73.9651,0
40.735,-74.0023,0
40.7157,-73.9574,1
40.7124,-73.9361,1
40.7641,-73.9624,0
40.6921,-73.9453,-1
40.758,-73.9815,0
40.7149,-74.0156,0
40.692,-73.9717,0
40.7199,-73.961,1
40.7577,-73.8445,-1
40.7777,-73.9889,0
40.6926,-73.9852,0
40.707,-74.0078,0
40.7771,-73.9522,0
40.7388,-73.9887,0
40.7446,-74.0024,0
40.7218,-73.9875,0
40.7327,-74.007,0
40.7746,-73.9284,-1
40.7194,-73.9603,1
40.7378,-73.9918,0
40.7305,-73.9935,0
40.704,-73.9866,0
40.717,-73.9634,1
40.6752,-73.989,0
40.6858,-74.0023,0
40.7276,-73.9935,0
40.7425,-73.9783,0
40.7293,-74.0046,0
40.7654,-73.9641,0
40.8068,-73.9649,-1
40.7374,-73.9875,0
40.7064,-74.0095,0
40.7332,-73.9998,0
40.715,-74.0067,0
40.7144,-73.9939,0
40.7048,-73.9325,-1
40.7885,-73.9727,0
40.7507,-73.9956,0
40.7083,-73.9246,-1
40.7083,-73.9246,-1
40.763,-73.9682,0
40.7445,-73.9792,0
40.719,-74.0112,0
40.6898,-73.9732,0
40.732,-74.0025,0
40.7655,-73.9314,-1
40.721,-73.9873,0
40.7659,-73.9813,0
40.7607,-73.9745,0
40.7266,-73.9998,0
40.6824,-73.9958,0
40.6944,-73.9517,-1
40.739,-73.9769,0
40.7472,-73.9912,0
40.6841,-73.967,0
40.7958,-73.9325,-1
40.7222,-73.9966,0
40.7536,-73.8524,-1
40.7615,-73.9905,0
40.7438,-73.9814,0
40.7198,-73.9941,0
40.7448,-73.9886,0
40.7195,-74.0068,0
40.7195,-74.0068,0
40.7705,-73.9177,-1
40.6607,-73.9794,0
40.7249,-73.9806,0
40.7491,-73.9881,0
40.8313,-73.8619,-1
40.6943,-74.0007,0
40.6677,-73.9902,0
40.7527,-74.0236,-1
40.7216,-73.9821,0
40.7216,-73.9821,0
40.774,-73.9608,0
40.7275,-73.9797,0
40.6753,-73.9749,0
40.7564,-73.8436,-1
40.7564,-73.8436,-1
40.721,-73.9612,1
40.7988,-73.9697,0
40.7615,-73.982,0
40.7727,-73.9257,-1
40.7592,-73.952,0
40.7235,-73.9833,0
40.7262,-74.0098,0
40.7779,-73.9487,0
40.7317,-73.9876,0
40.7602,-73.9598,0
40.6692,-73.9733,0
40.7447,-73.9799,0
40.7185,-73.9483,1
40.7788,-73.9541,0
40.7352,-73.9544,1
40.7799,-73.9555,0
40.7487,-73.9446,-1
40.7369,-74.0307,-1
40.7211,-73.8378,-1
40.8312,-73.9266,-1
40.7662,-73.978,0
40.7398,-74.0003,0
40.7518,-74.0248,-1
40.6791,-73.9947,0
40.7784,-73.9019,-1
40.7784,-73.9019,-1
40.6756,-73.999,0
40.7956,-73.9324,-1
40.7235,-73.9965,0
40.7227,-73.9798,0
40.7386,-73.9275,-1
40.7285,-73.9847,0
40.714,-74.0066,0
40.7492,-73.992,0
40.733,-73.9877,0
40.6216,-74.0062,-1
40.744,-73.9818,0
40.7594,-73.9759,0
40.78,-73.9569,0
40.78,-73.9569,0
40.7817,-73.9466,0
40.7452,-73.9941,0
40.6597,-73.959,-1
40.7078,-74.0148,0
40.7023,-73.9928,0
40.6786,-74.0175,-1
40.7235,-73.9938,0
40.7562,-73.8437,-1
40.7081,-74.0166,0
40.7868,-73.978,0
40.7868,-73.978,0
40.7548,-73.9842,0
40.6893,-73.9887,0
40.76,-73.9668,0
40.7348,-73.9943,0
40.716,-74.0152,0
40.7622,-73.8875,-1
40.7622,-73.8875,-1
40.6827,-73.9162,-1
40.7631,-73.9212,-1
40.7321,-73.9883,0
40.7321,-73.9883,0
40.7651,-73.9628,0
40.7546,-73.8457,-1
40.6691,-73.9896,0
40.686,-73.9605,0
40.7518,-73.9919,0
40.7641,-73.9476,0
40.734,-73.995,0
40.7469,-73.984,0
40.8445,-73.878,-1
40.7174,-73.9523,1
40.7691,-73.9949,0
40.716,-73.9598,1
40.7377,-74.0094,0
40.7019,-74.0112,0
40.7448,-74.005,0
40.7548,-73.8458,-1
40.7083,-73.9424,1
40.7627,-73.9848,0
40.7116,-73.9949,0
40.6552,-73.954,-1
40.7545,-73.8462,-1
40.7267,-73.9074,-1
40.7797,-73.9595,0
40.7414,-74.0041,0
40.6514,-73.9549,-1
40.7758,-73.981,0
40.6671,-73.9767,0
40.7208,-73.9949,0
40.7546,-73.8457,-1
40.7682,-73.9589,0
40.7299,-74.0043,0
40.7601,-73.9878,0
40.7525,-73.9684,0
40.7362,-73.987,0
40.7381,-73.9908,0
40.7332,-73.9998,0
40.7604,-73.9701,0
40.7339,-73.9929,0
40.7035,-73.9941,0
40.6877,-73.9633,0
40.7246,-73.9936,0
40.7566,-73.844,-1
40.7261,-73.9919,0
40.7076,-73.949,1
40.7657,-73.9543,0
40.6809,-74.0089,-1
40.7072,-74.0173,0
40.7871,-73.9559,0
40.7561,-73.9715,0
40.7864,-73.9521,0
40.7388,-74.0077,0
40.7685,-73.8625,2
40.7644,-73.9958,0
40.7452,-73.994,0
40.7161,-73.9392,1
40.6756,-74.0072,-1
40.721,-73.9962,0
40.6944,-73.9515,-1
40.7398,-73.9989,0
40.746,-74.0053,0
40.7197,-73.9943,0
40.7569,-73.9988,0
40.7262,-73.9917,0
40.7056,-73.9375,-1
40.7649,-73.9811,0
40.7177,-74.0474,-1
40.7433,-73.9832,0
40.8084,-73.9512,-1
40.8079,-73.9452,-1
40.7685,-73.9815,0
40.7048,-73.9341,-1
40.7212,-73.9965,0
40.7219,-74.001,0
40.7906,-73.9728,0
40.7218,-73.9579,1
40.7143,-74.0134,0
40.8041,-73.967,-1
40.6879,-73.9893,0
40.7125,-74.0094,0
40.7461,-73.9417,-1
40.7736,-73.9621,0
40.7192,-73.9613,1
40.7197,-74.0013,0
40.7237,-74.0365,-1
40.8471,-73.9392,-1
40.7205,-73.9968,0
40.7222,-73.9888,0
40.7419,-74.0047,0
40.7453,-73.9757,0
40.6816,-73.9557,0
40.7582,-73.9776,0
40.8004,-73.9617,-1
40.7096,-73.9486,1
40.7192,-74.0103,0
40.6888,-73.9785,0
40.7218,-73.9582,1
40.7521,-73.9952,0
40.7347,-73.9751,0
40.6732,-73.9805,0
40.6478,-73.9726,-1
40.7469,-73.9968,0
40.7169,-73.9563,1
40.7353,-73.9923,0
40.7735,-73.9817,0
40.7266,-74.0029,0
40.7246,-73.9936,0
40.6965,-73.9647,0
40.7813,-73.9563,0
40.7678,-73.9833,0
40.7615,-73.9974,0
40.7324,-73.9852,0
40.7335,-73.997,0
40.7407,-73.9979,0
40.7095,-74.0117,0
40.8552,-73.8774,-1
40.7644,-73.9799,0
40.7811,-73.9497,0
40.7028,-73.9943,0
40.7607,-73.9991,0
40.8348,-73.9447,-1
40.7158,-74.0169,0
40.7202,-73.9875,0
40.7621,-73.9857,0
40.7447,-73.9569,-1
40.6691,-73.9515,-1
40.7257,-74.0055,0
40.688,-73.9688,0
40.7624,-73.9822,0
40.7066,-73.9425,1
40.7072,-74.0079,0
40.7385,-73.9856,0
40.7509,-73.9808,0
40.7582,-73.9901,0
40.7214,-73.9956,0
40.705,-74.0078,0
40.7434,-74.0074,0
40.7255,-73.987,0
40.7021,-73.9423,1
40.7518,-73.9938,0
40.7729,-73.9822,0
40.711,-74.006,0
40.7588,-73.9913,0
40.7134,-73.9895,0
40.7312,-73.9593,1
40.7154,-74.0132,0
40.6697,-73.989,0
40.7184,-73.8404,-1
40.7589,-73.9768,0
40.7203,-73.9617,1
40.7876,-73.9813,0
40.6681,-73.9908,0
40.6765,-73.9838,0
40.7092,-74.0057,0
40.6807,-73.8449,-1
40.6651,-73.9849,0
40.7717,-73.952,0
40.7367,-74.0066,0
40.7186,-73.9889,0
40.7309,-73.9796,0
40.7224,-73.941,1
40.7189,-73.8111,-1
40.72,-73.9554,1
40.7595,-74.0035,0
40.8516,-73.9319,-1
40.6853,-73.9804,0
40.7626,-73.9654,0
40.8063,-73.9593,-1
40.7632,-73.9784,0
40.7116,-73.9625,1
40.722,-74.0042,0
40.7487,-73.9707,0
40.6884,-73.9796,0
40.7301,-73.9837,0
40.7675,-73.9088,-1
40.7239,-73.991,0
40.7579,-73.9779,0
40.7618,-73.989,0
40.7187,-73.9927,0
40.7608,-73.9687,0
40.7248,-73.9991,0
40.7374,-74.0058,0
40.7713,-73.9794,0
40.7351,-73.9918,0
40.7564,-73.9924,0
40.6441,-73.995,-1
40.7416,-73.9812,0
40.7558,-73.9806,0
40.7313,-74.0097,0
40.6718,-73.9638,0
40.6361,-73.9615,-1
40.7454,-74.0082,0
40.7565,-73.9901,0
40.7321,-74.0077,0
40.7139,-74.0138,0
40.7804,-73.9527,0
40.7626,-73.9656,0
40.7367,-73.9729,0
40.6792,-73.975,0
40.7174,-73.9449,1
40.743,-73.9991,0
40.7342,-73.9804,0
40.7673,-73.9803,0
40.7029,-73.9947,0
40.7167,-74.0147,0
40.7562,-73.9925,0
40.7728,-73.956,0
40.6914,-73.9977,0
40.7487,-73.9426,-1
40.7675,-73.9924,0
40.745,-74.0056,0
40.6832,-73.9637,0
40.787,-73.9754,0
40.7338,-73.9548,1
40.7744,-73.9842,0
40.6776,-73.9469,-1
40.7608,-74.0214,-1
40.7567,-73.961,0
40.6833,-73.9817,0
40.7493,-74.0038,0
40.7454,-74.0086,0
40.7256,-74.0053,0
40.7828,-73.9477,0
40.7272,-74.0029,0
40.7245,-74.0058,0
40.7452,-73.987,0
40.7674,-73.9847,0
40.761,-73.9606,0
40.7538,-73.9924,0
40.7611,-73.9975,0
40.7732,-73.9449,0
40.7393,-73.9934,0
40.8429,-73.9405,-1
40.6465,-74.0083,-1
40.7104,-73.9492,1
40.6793,-73.9739,0
40.7612,-73.9952,0
40.7617,-73.9685,0
40.6393,-73.9687,-1
40.7304,-73.9826,0
40.7441,-73.9862,0
40.8083,-73.9451,-1
40.7274,-74.0081,0
40.6933,-73.9482,-1
40.7718,-73.8903,-1
40.7171,-74.0018,0
40.7316,-74.0014,0
40.7129,-73.9865,0
40.743,-73.9929,0
40.7001,-73.9222,-1
40.7935,-73.9713,0
40.7414,-74.0305,-1
40.7364,-73.9945,0
40.7426,-73.9541,-1
40.667,-73.9888,0
40.7385,-73.9734,0
40.7351,-73.9897,0
40.7668,-73.9865,0
40.7624,-73.9971,0
40.7969,-73.949,-1
40.7179,-74.0146,0
40.7111,-73.9676,1
40.7428,-73.9587,-1
40.7675,-73.9534,0
40.7127,-73.9944,0
40.7198,-73.9877,0
40.7145,-73.9901,0
40.7173,-73.9599,1
40.7141,-73.9597,1
40.689,-73.9778,0
40.7847,-73.9825,0
40.6656,-73.954,-1
40.7199,-74.0084,0
40.7391,-73.9914,0
40.8174,-73.939,-1
40.7345,-73.9923,0
40.7829,-73.9538,0
40.7732,-73.8854,-1
40.6888,-73.9749,0
40.7634,-73.9265,-1
40.7523,-74.0014,0
40.757,-73.9892,0
40.711,-74.0062,0
40.6895,-73.9812,0
40.6637,-73.9911,-1
40.7156,-74.0112,0
40.7036,-73.9906,0
40.714,-73.9527,1
40.77,-73.9055,-1
40.7559,-73.9729,0
40.6777,-73.9796,0
40.7257,-74.0005,0
40.7842,-73.9812,0
40.7278,-73.9414,1
40.7311,-73.9744,0
40.6856,-73.9735,0
40.74,-74.0033,0
40.7328,-74.004,0
40.719,-73.9916,0
40.739,-73.9968,0
40.7418,-74.0046,0
40.7234,-73.9968,0
40.7107,-74.006,0
40.7881,-73.9711,0
40.749,-73.9922,0
40.7788,-73.9625,0
40.7563,-73.9728,0
40.6718,-74.0103,-1
40.7272,-74.0055,0
40.7178,-73.9999,0
40.7516,-73.977,0
40.7467,-73.9858,0
40.6974,-73.9948,0
40.7106,-73.9857,0
40.7388,-74.0081,0
40.7407,-73.9903,0
40.7461,-73.9819,0
40.7664,-73.9867,0
40.7557,-73.9817,0
40.77,-73.9554,0
40.7197,-73.9996,0
40.7576,-73.9613,0
40.7028,-73.9949,0
40.6848,-73.9992,0
40.6773,-73.963,0
40.7478,-74.0027,0
40.674,-73.9758,0
40.7518,-73.9765,0
40.7113,-74.0083,0
40.6784,-73.9773,0
40.7568,-73.9822,0
40.7822,-73.979,0
40.6795,-73.9843,0
40.7358,-74.0051,0
40.7652,-73.9636,0
40.7209,-73.988,0
40.7043,-74.0093,0
40.7497,-73.9918,0
40.6726,-73.9509,-1
40.7419,-74.0037,0
40.7332,-73.991,0
40.7365,-73.9909,0
40.7295,-73.9503,1
40.7419,-74.0038,0
40.7235,-73.9908,0
40.7645,-73.9688,0
40.7569,-73.9826,0
40.7745,-73.9817,0
40.8081,-73.9461,-1
40.7688,-73.9647,0
40.7716,-73.9486,0
40.747,-73.9412,-1
40.6847,-73.9634,0
40.7499,-73.9996,0
40.7404,-74.0021,0
40.7814,-73.9722,0
40.7184,-74.0057,0
40.7071,-74.0079,0
40.7317,-73.9884,0
40.6877,-73.9635,0
40.7415,-73.9781,0
40.731,-73.9789,0
40.7793,-73.9446,0
40.7463,-73.9529,-1
40.7341,-74.003,0
40.7289,-73.985,0
40.7358,-73.9928,0
40.7395,-73.9807,0
40.671,-73.9579,-1
40.7405,-73.924,-1
40.7574,-73.9131,-1
40.7289,-73.9005,-1
40.7357,-74.006,0
40.6876,-73.9899,0
40.7509,-74.0058,0
40.7177,-73.9963,0
40.7691,-73.9677,0
40.8512,-73.9396,-1
40.7191,-73.9643,1
40.7138,-74.0138,0
40.7789,-73.9623,0
40.7247,-73.9786,0
40.676,-73.963,0
40.7125,-74.0047,0
40.7216,-73.9979,0
40.7191,-73.9627,1
40.7025,-73.9875,0
40.7325,-74.0094,0
40.7094,-74.0137,0
40.6777,-74.0057,-1
40.7209,-73.9937,0
40.7489,-73.9928,0
40.7381,-73.9945,0
40.7269,-74.0,0
40.7485,-73.9824,0
40.7107,-73.9638,1
40.7261,-73.9916,0
40.8108,-73.9527,-1
40.7054,-74.0178,0
40.7483,-73.9925,0
40.6951,-73.932,-1
40.7408,-73.9976,0
40.7584,-73.9608,0
40.7666,-73.9284,-1
40.7483,-73.9885,0
40.7562,-73.9729,0
40.727,-73.9929,0
40.7145,-73.9445,1
40.7667,-73.9785,0
40.6897,-73.995,0
40.7244,-73.9998,0
40.7203,-73.996,0
40.7811,-73.9115,-1
40.6869,-73.9778,0
40.7177,-73.9418,1
40.6936,-73.9643,0
40.7341,-73.9986,0
40.7181,-73.9903,0
40.7181,-73.9903,0
40.767,-73.9157,-1
40.7192,-73.9966,0
40.7216,-73.9955,0
40.8093,-73.9553,-1
40.7109,-73.9623,1
40.8412,-73.9402,-1
40.7441,-73.9742,0
40.7213,-74.0015,0
40.7404,-73.9795,0
40.6936,-73.9886,0
40.6926,-73.9657,0
40.7242,-74.0,0
40.7208,-73.9938,0
40.7381,-73.9944,0
40.7107,-74.0112,0
40.7796,-73.9505,0
40.7807,-73.9526,0
40.7393,-74.008,0
40.7595,-73.992,0
40.6889,-73.9889,0
40.7754,-73.9906,0
40.7481,-73.9891,0
40.7218,-73.9977,0
40.7645,-73.9715,0
40.6949,-73.9661,0
40.7372,-73.9852,0
40.7322,-73.958,1
40.7731,-73.9648,0
40.6754,-73.8656,-1
40.774,-73.8716,2
40.7233,-73.9565,1
40.7251,-74.0047,0
40.7929,-73.9738,0
40.7816,-73.9767,0
40.7316,-74.0011,0
40.7663,-73.9869,0
40.7579,-74.0008,0
40.7471,-73.9793,0
40.7092,-74.0162,0
40.6722,-73.9641,0
40.7227,-74.0048,0
40.7739,-73.8726,2
40.6867,-73.9686,0
40.7621,-73.9657,0
40.7354,-74.0099,0
40.7678,-73.9917,0
40.728,-73.9811,0
40.8503,-73.9323,-1
40.7254,-73.9947,0
40.7145,-73.9903,0
40.7154,-74.0135,0
40.7574,-73.9687,0
40.7799,-73.9746,0
40.7552,-73.9753,0
40.7395,-73.9826,0
40.7595,-73.986,0
40.7208,-74.0043,0
40.7592,-73.996,0
40.8047,-73.9476,-1
40.7412,-73.9998,0
40.6557,-73.9424,-1
40.7229,-74.0106,0
40.7097,-74.0151,0
40.7951,-73.949,0
40.691,-73.9425,-1
40.7007,-73.9891,0
40.7588,-73.9937,0
40.8045,-73.948,-1
40.6693,-73.9851,0
40.7587,-73.981,0
40.7626,-73.9821,0
40.7428,-74.0038,0
40.7468,-73.996,0
40.7656,-73.9641,0
40.6839,-73.9709,0
40.6898,-73.9389,-1
40.7439,-73.9738,0
40.7146,-74.0106,0
40.7434,-74.0067,0
40.7188,-74.0065,0
40.6741,-73.9657,0
40.7643,-73.9812,0
40.7437,-73.9727,0
40.7236,-74.0107,0
40.73,-73.9865,0
40.7531,-73.9838,0
40.7188,-73.9927,0
40.7443,-73.9839,0
40.7596,-73.9855,0
40.7605,-73.9848,0
40.7476,-73.9488,-1
40.7308,-74.005,0
40.6341,-73.9672,-1
40.7801,-73.9499,0
40.7487,-74.0068,0
40.7412,-73.9892,0
40.7278,-73.9547,1
40.7744,-73.9656,0
40.7219,-73.9875,0
40.7325,-73.9812,0
40.7183,-73.9907,0
40.7701,-73.8648,2
40.7402,-73.9866,0
40.7607,-73.9262,-1
40.7204,-73.9998,0
40.7568,-73.9983,0
40.6812,-73.9763,0
40.755,-73.9914,0
40.6834,-73.9358,-1
40.7086,-74.0092,0
40.7056,-74.0097,0
40.7168,-73.9545,1
40.7482,-73.9849,0
40.7277,-74.0461,-1
40.7056,-73.9192,-1
40.7494,-73.9921,0
40.7117,-73.9624,1
40.7325,-73.9851,0
40.687,-73.983,0
40.7653,-73.9789,0
40.7077,-74.0058,0
40.683,-73.9913,0
40.6726,-73.969,0
40.7591,-73.9941,0
40.7211,-73.957,1
40.7173,-74.0048,0
40.7164,-74.0166,0
40.7629,-73.974,0
40.6795,-73.9477,-1
40.7377,-73.9882,0
40.7189,-74.0009,0
40.6797,-73.9982,0
40.7382,-74.0033,0
40.6981,-73.9304,-1
40.7251,-73.9971,0
40.6532,-73.9783,-1
40.7308,-73.9956,0
40.7398,-73.9213,-1
40.741,-73.9837,0
40.7279,-73.9842,0
40.7527,-73.9795,0
40.7191,-73.9914,0
40.7268,-73.9851,0
40.7236,-73.9567,1
40.7189,-74.003,0
40.7625,-73.8666,2
40.7443,-73.9803,0
40.7515,-73.9938,0
40.7102,-74.0078,0
40.7265,-73.9938,0
40.7091,-74.0054,0
40.7278,-73.9961,0
40.7812,-73.9514,0
40.7486,-73.9735,0
40.6696,-73.9506,-1
40.7521,-73.9851,0
40.738,-73.9852,0
40.7761,-73.9561,0
40.6748,-73.9978,0
40.75,-73.988,0
40.7693,-73.9848,0
40.742,-74.0038,0
40.7686,-73.8625,2
40.7689,-73.8672,2
40.7159,-74.0117,0
40.7666,-73.9334,-1
40.7202,-74.0121,0
40.7208,-73.9974,0
40.7798,-73.9554,0
40.6878,-73.989,0
40.7394,-74.0068,0
40.8096,-73.959,-1
40.6773,-73.9862,0
40.7204,-73.9632,1
40.7314,-73.9885,0
40.7705,-73.9663,0
40.6874,-73.9731,0
40.737,-74.0027,0
40.7223,-74.0038,0
40.7204,-73.9631,1
40.7046,-73.9332,-1
40.7886,-73.955,0
40.758,-73.9889,0
40.7246,-73.9836,0
40.7037,-73.8368,-1
40.7202,-73.9844,0
40.6827,-73.9613,0
40.7232,-73.9525,1
40.7676,-73.9845,0
40.7857,-73.9765,0
40.771,-73.9533,0
40.8238,-73.9441,-1
40.7646,-73.9829,0
40.6664,-73.9874,0
40.717,-74.0078,0
40.7508,-74.0038,0
40.7443,-73.9917,0
40.6838,-73.9762,0
40.7163,-73.955,1
40.6743,-73.9756,0
40.7185,-73.9901,0
40.6932,-73.9724,0
40.7479,-74.0026,0
40.7522,-73.9897,0
40.7358,-73.8758,-1
40.7328,-73.8637,-1
40.738,-74.0043,0
40.7362,-73.996,0
40.7344,-74.0072,0
40.6839,-73.9759,0
40.6912,-73.9927,0
40.7249,-73.9954,0
40.7217,-73.9807,0
40.713,-73.9939,0
40.731,-73.9888,0
40.7326,-73.9876,0
40.7618,-73.9903,0
40.7221,-73.9833,0
40.7639,-73.9985,0
40.8022,-73.9453,-1
40.6662,-73.9818,0
40.7016,-73.9233,-1
40.7183,-74.015,0
40.7738,-73.9555,0
40.7494,-73.9746,0
40.7541,-73.9847,0
40.7462,-73.9724,0
40.7462,-73.9724,0
40.777,-73.9776,0
40.6662,-73.9054,-1
40.7356,-74.0031,0
40.7073,-74.0015,0
40.7764,-74.0324,-1
40.7439,-73.9856,0
40.7424,-74.0028,0
40.7261,-74.0014,0
40.705,-74.01,0
40.7389,-73.9871,0
40.7203,-74.0011,0
40.7497,-73.9739,0
40.7116,-74.0073,0
40.8158,-73.9409,-1
40.655,-73.9574,-1
40.7367,-73.9888,0
40.7486,-73.9424,-1
40.6863,-73.9935,0
40.7261,-73.9918,0
40.7273,-73.9844,0
40.7236,-74.0035,0
40.7806,-73.9759,0
40.7833,-73.9591,0
40.7536,-73.9999,0
40.7135,-74.0118,0
40.748,-73.9568,0
40.6737,-73.9167,-1
40.7145,-73.9857,0
40.7371,-74.0019,0
40.6971,-73.8667,-1
40.7193,-73.9897,0
40.7454,-74.0058,0
40.7247,-73.9802,0
40.7582,-73.9731,0
40.7716,-73.959,0
40.7644,-73.9827,0
40.6981,-73.9747,0
40.7303,-73.9935,0
40.7375,-74.0397,-1
40.7628,-73.9681,0
40.7206,-73.9971,0
40.7691,-73.9812,0
40.7739,-73.8723,2
40.7625,-73.9823,0
40.7284,-73.9871,0
40.6706,-73.9769,0
40.7244,-73.9988,0
40.7447,-73.981,0
40.7598,-73.995,0
40.8294,-73.9285,-1
40.6897,-73.9691,0
40.7481,-73.985,0
40.694,-74.0008,0
40.7474,-73.9854,0
40.6747,-73.879,-1
40.7199,-73.9564,1
40.7663,-73.9859,0
40.7461,-73.9457,-1
40.7246,-73.9936,0
40.727,-74.046,-1
40.8027,-73.9353,-1
40.7518,-73.9768,0
40.7607,-73.9897,0
40.7511,-73.998,0
40.7476,-73.9785,0
40.8454,-73.8882,-1
40.7464,-73.972,0
40.7807,-73.9583,0
40.7912,-73.9756,0
40.7662,-73.923,-1
40.7619,-73.9614,0
40.7371,-73.9792,0
40.7637,-73.9147,-1
40.7074,-74.0046,0
40.7435,-73.9727,0
40.741,-74.0051,0
40.7536,-73.9708,0
40.7547,-73.8538,-1
40.7301,-74.0068,0
40.6435,-73.9719,-1
40.7297,-74.0008,0
40.7544,-73.9919,0
40.715,-74.0064,0
40.7462,-73.9567,-1
40.6732,-73.9805,0
40.7653,-73.9831,0
40.6938,-73.9992,0
40.7365,-74.0014,0
40.7199,-74.005,0
40.7199,-74.005,0
40.7296,-73.9967,0
40.7308,-73.9852,0
40.73,-73.9753,0
40.7167,-73.9635,1
40.7571,-73.9696,0
40.7412,-74.0054,0
40.7342,-74.0083,0
40.6897,-73.9734,0
40.7407,-74.0018,0
40.7883,-73.941,0
40.7649,-73.9076,-1
40.7683,-73.8623,2
40.7507,-73.9696,0
40.7599,-73.8594,-1
40.7553,-74.0027,0
40.7164,-73.9572,1
40.7743,-73.9632,0
40.7162,-73.9625,1
40.6891,-73.9883,0
40.7507,-73.986,0
40.6937,-73.9888,0
40.7306,-74.0091,0
40.7772,-73.954,0
40.7519,-73.9756,0
40.721,-73.9556,1
40.7748,-73.9884,0
40.6786,-74.0106,-1
40.7806,-73.946,0
40.7196,-73.9621,1
40.7565,-73.9941,0
40.7619,-73.9662,0
40.6815,-73.9769,0
40.6594,-73.9887,-1
40.7152,-74.016,0
40.8341,-73.9402,-1
40.7259,-73.992,0
40.7739,-73.8724,2
40.6838,-73.9081,-1
40.7747,-73.9626,0
40.7326,-73.9873,0
40.8047,-73.9642,-1
40.7338,-74.006,0
40.6822,-73.8499,-1
40.7209,-73.9851,0
40.8069,-73.9537,-1
40.7214,-73.9891,0
40.7227,-73.9831,0
40.7767,-73.9119,-1
40.7114,-73.9868,0
40.7696,-73.8173,-1
40.756,-73.9634,0
40.7233,-74.0049,0
40.7461,-73.9961,0
40.7161,-74.0119,0
40.8145,-73.9358,-1
40.7856,-73.95,0
40.7603,-73.9698,0
40.7778,-73.9839,0
40.7204,-73.9918,0
40.7197,-73.9639,1
40.7233,-73.9914,0
40.7543,-73.9703,0
40.7084,-73.9508,1
40.7328,-73.9911,0
40.7176,-73.9603,1
40.7359,-74.002,0
40.7586,-73.9889,0
40.805,-73.955,-1
40.7678,-73.9674,0
40.6891,-73.9073,-1
40.756,-73.9908,0
40.774,-73.8725,2
40.6874,-73.9729,0
40.7906,-73.9392,-1
40.737,-73.9915,0
40.7207,-73.9972,0
40.7762,-73.9762,0
40.7255,-73.978,0
40.7566,-73.9981,0
40.7105,-73.9659,1
40.7707,-73.9802,0
40.7685,-73.9572,0
40.676,-73.9994,0
40.7418,-74.0074,0
40.7812,-73.9523,0
40.7142,-74.0061,0
40.7504,-73.9947,0
40.7214,-74.0011,0
40.7194,-73.9469,1
40.7561,-73.9241,-1
40.7247,-73.9986,0
40.7196,-73.9895,0
40.7109,-74.0073,0
40.7445,-73.9889,0
40.7482,-73.9888,0
40.7213,-73.9878,0
40.7536,-73.862,-1
40.7155,-74.0089,0
40.7205,-73.9873,0
40.7451,-73.9441,-1
40.7518,-73.9839,0
40.6781,-73.9847,0
40.767,-73.984,0
40.6841,-73.9497,-1
40.6814,-73.979,0
40.7206,-73.9889,0
40.761,-73.9582,0
40.6967,-73.9831,0
40.7209,-73.9968,0
40.6666,-73.9754,0
40.7234,-73.9914,0
40.7389,-73.9892,0
40.7247,-74.0018,0
40.7441,-73.9817,0
40.7414,-74.0021,0
40.774,-73.8716,2
40.7725,-73.9529,0
40.7439,-73.9267,-1
40.7265,-73.9544,1
40.7073,-74.0043,0
40.7141,-74.0,0
40.7197,-73.9896,0
40.7204,-73.9897,0
40.7114,-74.0052,0
40.6825,-73.9637,0
40.7383,-74.0097,0
40.7328,-73.9856,0
40.7312,-74.0081,0
40.6229,-73.9461,-1
40.7271,-74.0057,0
40.7553,-73.9658,0
40.7072,-74.0078,0
40.7123,-73.9661,1
40.7182,-73.964,1
40.7234,-73.9949,0
40.7024,-73.9869,0
40.7544,-73.8463,-1
40.7178,-73.9623,1
40.7159,-74.0155,0
40.7561,-73.9718,0
40.742,-73.9963,0
40.7276,-74.0025,0
40.7173,-73.9643,1
40.7859,-73.9784,0
40.7387,-73.9771,0
40.6834,-73.9599,0
40.7275,-73.9813,0
40.7074,-74.0095,0
40.7092,-73.9559,1
40.7079,-74.0015,0
40.7269,-73.9836,0
40.7353,-74.0061,0
40.7327,-74.0089,0
40.7765,-73.9462,0
40.7473,-73.9872,0
40.6658,-73.9398,-1
40.7491,-73.9923,0
40.7534,-73.9777,0
40.7636,-73.9632,0
40.7601,-73.9786,0
40.7437,-73.9736,0
40.7421,-73.9892,0
40.7126,-73.9382,1
40.7229,-73.9945,0
40.6798,-73.9166,-1
40.7692,-73.9524,0
40.6904,-73.9849,0
40.6527,-73.9506,-1
40.7258,-73.9945,0
40.7303,-74.0003,0
40.7092,-73.969,1
40.6544,-74.0073,-1
40.6793,-73.9974,0
40.7611,-73.9697,0
40.66,-73.9851,0
40.7683,-73.9821,0
40.748,-73.9853,0
40.7573,-73.9598,0
40.7591,-73.83,-1
40.7492,-73.9804,0
40.7462,-73.8962,-1
40.7274,-74.0013,0
40.8105,-73.9462,-1
40.7087,-74.005,0
40.7358,-73.9882,0
40.7351,-73.9913,0
40.7314,-74.0035,0
40.7075,-73.9491,1
40.6805,-73.9777,0
40.7268,-74.0082,0
40.7629,-73.9822,0
40.771,-73.9506,0
40.7156,-74.0091,0
40.7418,-74.004,0
40.7271,-74.0055,0
40.766,-73.9796,0
40.7698,-73.9517,0
40.7694,-73.9831,0
40.721,-73.9976,0
40.7382,-74.0094,0
40.7532,-73.9751,0
40.7723,-73.8764,2
40.7654,-73.9528,0
40.7414,-73.995,0
40.7437,-73.9966,0
40.7211,-73.9965,0
40.7693,-73.981,0
40.75,-73.9729,0
40.7179,-73.9951,0
40.7186,-74.0042,0
40.723,-73.9891,0
40.7076,-73.9402,1
40.7635,-73.9629,0
40.733,-73.9923,0
40.7452,-74.0079,0
40.7755,-73.9608,0
40.7059,-74.0041,0
40.7171,-73.9451,1
40.7495,-73.9705,0
40.7397,-73.9909,0
40.7512,-73.9849,0
40.7553,-73.9949,0
40.7414,-73.9795,0
40.6883,-73.9785,0
40.6837,-73.934,-1
40.7565,-73.9662,0
40.7359,-74.0053,0
40.7189,-74.0053,0
40.7602,-73.9988,0
40.7305,-73.9864,0
40.7433,-73.977,0
40.7681,-73.9914,0
40.7834,-73.9513,0
40.7559,-73.9819,0
40.7153,-73.9927,0
40.7722,-73.9671,0
40.7415,-73.9551,-1
40.786,-73.9486,0
40.7333,-74.0031,0
40.6859,-73.9882,0
40.7392,-73.9827,0
40.7393,-74.0064,0
40.7099,-73.9666,1
40.7371,-74.0031,0
40.7145,-74.0345,-1
40.7469,-73.8261,-1
40.7205,-74.0084,0
40.7168,-73.9977,0
40.739,-74.0008,0
40.726,-73.9946,0
40.7247,-73.9923,0
40.755,-73.9796,0
40.7741,-73.8727,2
40.748,-73.9733,0
40.7449,-73.925,-1
40.7614,-73.9681,0
40.7408,-73.9875,0
40.7727,-73.9464,0
40.6901,-73.994,0
40.717,-74.0082,0
40.6367,-74.0259,-1
40.739,-73.9995,0
40.752,-73.9769,0
40.7747,-73.9839,0
40.7195,-74.0019,0
40.7422,-73.9912,0
40.7558,-73.8827,-1
40.7661,-73.9579,0
40.7295,-73.9842,0
40.7924,-73.9669,0
40.7485,-73.99,0
40.7749,-73.99,0
40.6828,-73.9481,-1
40.669,-73.9095,-1
40.7238,-73.9782,0
40.7627,-73.9679,0
40.7155,-74.009,0
40.7547,-73.9843,0
40.7108,-73.9563,1
40.687,-73.9968,0
40.7608,-73.9985,0
40.7338,-73.9749,0
40.759,-73.968,0
40.7426,-73.9844,0
40.7555,-73.9754,0
40.7314,-73.975,0
40.7638,-73.9812,0
40.7255,-73.992,0
40.7601,-73.9835,0
40.7764,-73.9896,0
40.7369,-74.0036,0
40.765,-73.98,0
40.7102,-74.0111,0
40.7709,-73.8661,2
40.7475,-73.9769,0
40.7383,-73.9835,0
40.7274,-74.0073,0
40.6978,-73.9967,0
40.7201,-73.9551,1
40.7057,-74.009,0
40.7577,-73.9933,0
40.7487,-74.0035,0
40.7729,-73.9619,0
40.7759,-73.9625,0
40.6864,-73.9427,-1
40.74,-73.9864,0
40.7232,-73.9898,0
40.7403,-74.0276,-1
40.8314,-74.0892,-1
40.7223,-73.9873,0
40.7713,-73.9524,0
40.7702,-73.9856,0
40.7441,-73.9819,0
40.7576,-73.9616,0
40.7602,-73.995,0
40.7335,-73.988,0
40.7151,-74.0101,0
40.7827,-73.9754,0
40.7666,-73.9791,0
40.6591,-73.9814,-1
40.7309,-73.9817,0
40.724,-74.0002,0
40.7391,-73.9827,0
40.7197,-73.9948,0
40.743,-74.039,-1
40.75,-73.9739,0
40.7446,-73.9799,0
40.7419,-74.0038,0
40.6595,-73.948,-1
40.731,-74.0047,0
40.7266,-73.9958,0
40.7303,-74.0028,0
40.7554,-73.9952,0
40.6727,-73.9574,-1
40.7322,-73.9806,0
40.8336,-73.9396,-1
40.7117,-74.0093,0
40.7761,-73.9477,0
40.7173,-74.0098,0
40.7563,-73.974,0
40.8231,-73.931,-1
40.7688,-73.8673,2
40.7215,-74.0035,0
40.7582,-73.992,0
40.746,-73.9567,-1
40.6969,-73.9806,0
40.8255,-73.9504,-1
40.8094,-73.9642,-1
40.7701,-73.9552,0
40.7702,-73.8646,2
40.7189,-74.0089,0
40.6721,-74.0121,-1
40.7598,-73.9261,-1
40.771,-73.8668,2
40.7238,-74.0026,0
40.7337,-74.0014,0
40.7556,-73.9816,0
40.7256,-74.0328,-1
40.7256,-74.0328,-1
40.7638,-73.9786,0
40.7638,-73.9786,0
40.7625,-73.9746,0
40.7372,-73.9986,0
40.7279,-74.0014,0
40.7978,-73.9693,0
40.7644,-73.969,0
40.7203,-74.0119,0
40.7626,-73.9574,0
40.7667,-73.971,0
40.7743,-73.9832,0
40.8307,-73.945,-1
40.6752,-73.975,0
40.7586,-73.9865,0
40.7248,-73.9814,0
40.7237,-74.0107,0
40.7452,-73.995,0
40.6982,-73.9241,-1
40.7063,-74.0093,0
40.7063,-74.0093,0
40.7514,-74.0015,0
40.7723,-73.961,0
40.7575,-73.977,0
40.7544,-74.0286,-1
40.7544,-74.0286,-1
40.7381,-74.0079,0
40.7596,-73.9871,0
40.763,-73.9824,0
40.7727,-73.9558,0
40.7675,-73.981,0
40.724,-74.0008,0
40.6487,-73.9225,-1
40.7754,-73.9783,0
40.7764,-73.9758,0
40.7381,-74.0094,0
40.6674,-73.9602,-1
40.722,-73.9977,0
40.7642,-73.9824,0
40.7269,-73.9999,0
40.7336,-74.0087,0
40.7445,-73.9858,0
40.7258,-73.9964,0
40.7407,-74.0055,0
40.7112,-74.0061,0
40.7076,-74.0044,0
40.752,-73.9772,0
40.7305,-73.9527,1
40.7487,-73.9501,-1
40.7869,-73.9774,0
40.7626,-73.9869,0
40.7359,-74.0063,0
40.8035,-73.9685,-1
40.7115,-73.9619,1
40.7247,-74.0101,0
40.7114,-73.9468,1
40.7438,-73.9753,0
40.6853,-73.9869,0
40.7677,-73.9913,0
40.7858,-73.9785,0
40.7224,-73.9975,0
40.7645,-73.9729,0
40.8102,-73.8984,-1
40.733,-73.9979,0
40.7225,-73.9831,0
40.7604,-73.9949,0
40.7429,-73.989,0
40.7238,-74.0035,0
40.7224,-74.0097,0
40.738,-74.0394,-1
40.7089,-73.8161,-1
40.7025,-73.9907,0
40.6756,-74.0133,-1
40.797,-73.972,0
40.736,-74.0097,0
40.7444,-73.976,0
40.7597,-73.9963,0
40.7118,-74.0065,0
40.6371,-73.935,-1
40.7263,-74.0461,-1
40.7356,-73.9943,0
40.744,-73.9914,0
40.8009,-73.9588,-1
40.7381,-73.9908,0
40.7733,-73.9516,0
40.7206,-73.9814,0
40.666,-73.8474,-1
40.6905,-73.9663,0
40.725,-73.9377,-1
40.6478,-74.0086,-1
40.7674,-73.8989,-1
40.7105,-73.966,1
40.7278,-74.0041,0
40.7479,-74.0005,0
40.7346,-73.9901,0
40.7885,-73.9526,0
40.7885,-73.9526,0
40.735,-73.9913,0
40.6934,-73.9997,0
40.7545,-73.9916,0
40.7401,-73.9989,0
40.7626,-73.9963,0
40.7634,-73.9652,0
40.6899,-73.9802,0
40.7275,-73.9519,1
40.7419,-73.9972,0
40.7644,-73.9957,0
40.7455,-73.9928,0
40.7647,-73.9783,0
40.7609,-73.9866,0
40.7252,-73.997,0
40.7067,-73.9495,1
40.7272,-73.9861,0
40.7555,-73.9716,0
40.7695,-73.9651,0
40.7695,-73.9651,0
40.7244,-73.9794,0
40.7676,-73.9548,0
40.7594,-73.9614,0
40.6762,-73.9798,0
40.7333,-73.976,0
40.6904,-73.9964,0
40.7595,-73.9701,0
40.7399,-74.0068,0
40.7974,-73.9665,0
40.6338,-74.0313,-1
40.7682,-73.9563,0
40.7596,-73.9707,0
40.7246,-73.9916,0
40.7411,-73.981,0
40.7398,-74.0068,0
40.7722,-73.9558,0
40.7722,-73.9558,0
40.7591,-73.911,-1
40.691,-73.9421,-1
40.77,-73.984,0
40.7208,-74.0037,0
40.7692,-73.9813,0
40.7219,-74.0042,0
40.7521,-73.9993,0
40.7769,-73.9639,0
40.7606,-73.9845,0
40.7653,-73.9929,0
40.774,-73.8724,2
40.7449,-73.9975,0
40.7658,-73.968,0
40.7564,-73.97,0
40.7463,-74.0084,0
40.754,-73.9892,0
40.7433,-74.0073,0
40.7258,-74.001,0
40.7556,-73.9662,0
40.7655,-73.9641,0
40.7665,-73.9528,0
40.7317,-74.0013,0
40.6858,-73.9549,0
40.7859,-73.9785,0
40.7759,-73.949,0
40.764,-73.9785,0
40.7518,-74.0021,0
40.7229,-73.9944,0
40.7775,-73.952,0
40.7582,-73.8575,-1
40.7196,-73.9949,0
40.7414,-73.9795,0
40.6837,-74.0004,0
40.7381,-73.9944,0
40.695,-73.9662,0
40.7173,-73.8356,-1
40.6969,-73.996,0
40.7391,-73.9877,0
40.7532,-73.9841,0
40.7493,-73.9831,0
40.7488,-73.9706,0
40.6926,-73.9401,-1
40.7772,-73.952,0
40.7694,-73.9955,0
40.7442,-73.9194,-1
40.7435,-73.9541,-1
40.7421,-73.9933,0
40.7505,-73.9741,0
40.7231,-73.9974,0
40.7052,-74.0101,0
40.7571,-73.9762,0
40.7385,-73.9901,0
40.7458,-73.9552,-1
40.7338,-73.9951,0
40.7778,-73.9634,0
40.7159,-73.9628,1
40.7419,-73.9937,0
40.7762,-73.9478,0
40.7922,-73.9369,-1
40.7255,-73.9785,0
40.7139,-73.9923,0
40.726,-74.0388,-1
40.8337,-73.9261,-1
40.72,-74.0039,0
40.7136,-73.9406,1
40.7984,-73.9707,0
40.735,-73.9951,0
40.7686,-73.8625,2
40.8021,-73.9679,0
40.7856,-73.9727,0
40.7723,-73.9629,0
40.8007,-73.9699,0
40.7216,-73.9876,0
40.7161,-74.0087,0
40.7851,-73.9706,0
40.7087,-73.963,1
40.745,-73.9534,-1
40.745,-73.9534,-1
40.774,-73.8728,2
40.7414,-73.9753,0
40.7618,-73.9234,-1
40.7782,-73.9629,0
40.776,-73.9497,0
40.7505,-73.9946,0
40.7086,-74.0071,0
40.7522,-73.9679,0
40.7547,-73.9719,0
40.7914,-73.9525,0
40.7613,-73.973,0
40.7363,-74.0014,0
40.7731,-73.8854,-1
40.7578,-73.9793,0
40.7528,-73.9988,0
40.7555,-73.9839,0
40.729,-73.9874,0
40.6441,-73.9649,-1
40.7757,-73.9807,0
40.7464,-74.0084,0
40.7811,-73.9178,-1
40.7259,-73.9744,0
40.8027,-73.9338,-1
40.7056,-73.9083,-1
40.7337,-73.9887,0
40.8132,-73.9451,-1
40.7456,-73.9778,0
40.7332,-73.9985,0
40.7388,-73.9978,0
40.6933,-73.9997,0
40.7214,-74.0024,0
40.7447,-73.9896,0
40.78,-74.0094,-1
40.7348,-74.0043,0
40.7421,-73.9893,0
40.7214,-73.9607,1
40.7375,-73.9914,0
40.7159,-74.0155,0
40.7091,-73.9409,1
40.6857,-73.9818,0
40.7321,-73.9923,0
40.7261,-73.9986,0
40.7224,-73.9871,0
40.737,-74.003,0
40.739,-73.9897,0
40.7172,-74.0048,0
40.705,-74.0123,0
40.6609,-73.9942,-1
40.7691,-73.9813,0
40.7702,-73.9805,0
40.705,-74.016,0
40.7608,-73.9993,0
40.8514,-73.9381,-1
40.762,-73.9657,0
40.7202,-73.9952,0
40.7477,-73.9488,-1
40.7409,-74.0053,0
40.7565,-73.9669,0
40.7062,-74.0095,0
40.774,-73.9203,-1
40.7706,-73.8654,2
40.7554,-73.9836,0
40.7733,-73.9543,0
40.7155,-74.0119,0
40.7607,-73.9993,0
40.7749,-73.9569,0
40.7344,-74.0016,0
40.6593,-73.9994,-1
40.68,-73.9616,0
40.7979,-73.9693,0
40.7237,-73.9937,0
40.7075,-73.9557,1
40.6984,-73.9962,0
40.7662,-73.9917,0
40.7465,-73.9976,0
40.7245,-73.9924,0
40.7601,-73.985,0
40.6702,-73.9882,0
40.767,-73.9611,0
40.7363,-73.9978,0
40.7071,-74.0089,0
40.7198,-74.0002,0
40.7037,-73.9163,-1
40.7361,-73.9789,0
40.7045,-74.0106,0
40.7045,-74.0106,0
40.7614,-73.9678,0
40.7273,-73.9849,0
40.7812,-73.9799,0
40.7513,-73.9939,0
40.6483,-73.9783,-1
40.72,-73.9933,0
40.72,-73.9933,0
40.6597,-73.9222,-1
40.738,-73.9831,0
40.7419,-73.9925,0
40.8584,-73.9288,-1
40.751,-74.0042,0
40.7476,-73.9823,0
40.7241,-73.998,0
40.7324,-74.0077,0
40.7169,-73.9593,1
40.7555,-73.9973,0
40.6755,-73.9837,0
40.7328,-73.9878,0
40.8516,-73.94,-1
40.7754,-73.9636,0
40.8043,-73.9675,-1
40.7446,-73.9952,0
40.7658,-73.9691,0
40.7309,-74.0044,0
40.6879,-73.9804,0
40.7809,-73.9846,0
40.7129,-73.9592,1
40.7051,-74.012,0
40.7178,-74.0002,0
40.7307,-73.9862,0
40.7379,-74.004,0
40.7759,-73.9527,0
40.742,-74.0004,0
40.6755,-73.9876,0
40.7619,-73.9793,0
40.7388,-74.0088,0
40.7736,-73.9816,0
40.7105,-74.0175,0
40.69,-73.9916,0
40.7317,-74.0032,0
40.7601,-73.987,0
40.7754,-73.9635,0
40.672,-73.9839,0
40.7108,-73.9442,1
40.7613,-73.9994,0
40.7683,-73.8622,2
40.736,-73.9974,0
40.7637,-73.9581,0
40.7844,-73.9539,0
40.7169,-74.0018,0
40.7977,-73.9714,0
40.6837,-73.9806,0
40.7107,-74.0082,0
40.7247,-73.9482,1
40.723,-74.0021,0
40.7204,-73.9941,0
40.7099,-73.951,1
40.7514,-73.9865,0
40.7612,-73.9964,0
40.7597,-73.856,-1
40.7806,-73.953,0
40.761,-73.9967,0
40.7685,-73.9124,-1
40.7207,-73.961,1
40.7424,-73.9953,0
40.7822,-73.9758,0
40.7123,-73.9491,1
40.7241,-74.0042,0
40.7621,-73.9681,0
40.7382,-73.8862,-1
40.7247,-73.9916,0
40.7681,-73.9863,0
40.6917,-73.9358,-1
40.7202,-74.0102,0
40.7498,-73.9836,0
40.7322,-73.9804,0
40.7224,-73.988,0
40.7633,-73.9846,0
40.7704,-73.8651,2
40.764,-73.973,0
40.716,-73.9631,1
40.7234,-73.9907,0
40.7685,-73.8625,2
40.7401,-73.995,0
40.7417,-73.9972,0
40.6893,-73.8245,-1
40.7173,-73.9954,0
40.8079,-73.9637,-1
40.6454,-73.9601,-1
40.7208,-73.9852,0
40.7401,-73.9985,0
40.7401,-73.9985,0
40.7602,-73.9718,0
40.7559,-73.9819,0
40.7212,-73.9839,0
40.7094,-73.8695,-1
40.7243,-74.0022,0
40.6963,-73.9724,0
40.7607,-73.991,0
40.7452,-73.9945,0
40.774,-73.8725,2
40.7168,-73.9611,1
40.7607,-73.9717,0
40.7157,-73.9646,1
40.8239,-73.9443,-1
40.7379,-73.9864,0
40.7607,-74.0027,0
40.7217,-73.9937,0
40.7003,-73.922,-1
40.7764,-73.9543,0
40.771,-73.9596,0
40.7448,-73.9953,0
40.8153,-73.9588,-1
40.7484,-74.0055,0
40.7587,-73.9861,0
40.7695,-73.9561,0
40.756,-73.963,0
40.737,-73.979,0
40.7455,-73.9796,0
40.6898,-73.98,0
40.8155,-73.9437,-1
40.7556,-73.9859,0
40.7274,-73.9939,0
40.8003,-73.9554,-1
40.6941,-74.0008,0
40.783,-73.953,0
40.7439,-73.972,0
40.72,-74.0086,0
40.7386,-73.9835,0
40.6873,-73.9901,0
40.6765,-74.0139,-1
40.7292,-73.998,0
40.7517,-73.9821,0
40.7172,-74.0028,0
40.6716,-73.9966,-1
40.8347,-73.9403,-1
40.729,-74.0002,0
40.7616,-74.0001,0
40.7276,-73.9915,0
40.7486,-74.0357,-1
40.7484,-73.9903,0
40.7484,-73.9903,0
40.7773,-73.9808,0
40.6881,-73.9919,0
40.6606,-73.9549,-1
40.7073,-74.0135,0
40.769,-73.9857,0
40.7101,-73.963,1
40.7461,-73.9882,0
40.6842,-73.962,0
40.6467,-73.9501,-1
40.7654,-74.0366,-1
40.7663,-73.9526,0
40.6346,-73.9747,-1
40.7666,-73.9592,0
40.7449,-73.9888,0
40.6649,-73.9879,0
40.7503,-73.977,0
40.7484,-74.0053,0
40.7368,-73.9899,0
40.708,-74.0016,0
40.6904,-73.9965,0
40.7262,-73.9931,0
40.7445,-73.9907,0
40.7422,-73.9808,0
40.7809,-73.9727,0
40.7033,-74.0143,0
40.7219,-74.0042,0
40.7175,-74.002,0
40.6933,-74.0011,0
40.7859,-73.9528,0
40.7204,-73.9864,0
40.7414,-73.989,0
40.7639,-73.9787,0
40.7392,-73.9909,0
40.7684,-73.8625,2
40.7205,-73.9617,1
40.7074,-74.0048,0
40.7074,-74.0048,0
40.6827,-73.8455,-1
40.7309,-73.9861,0
40.7251,-73.9794,0
40.6865,-73.9422,-1
40.6858,-73.9913,0
40.7327,-74.0014,0
40.73,-73.9944,0
40.6864,-73.9939,0
40.6944,-73.9067,-1
40.8451,-73.9405,-1
40.6292,-74.0223,-1
40.7807,-73.9727,0
40.6893,-73.9701,0
40.723,-73.9989,0
40.7374,-74.0013,0
40.7816,-73.954,0
40.7193,-73.9602,1
40.7146,-73.9379,1
40.7298,-73.9897,0
40.6713,-74.0127,-1
40.7461,-73.9977,0
40.7188,-73.9637,1
40.7447,-73.9909,0
40.7825,-73.9512,0
40.7035,-74.0113,0
40.6912,-73.9843,0
40.7071,-73.9213,-1
40.719,-73.989,0
40.7449,-73.998,0
40.8085,-73.9523,-1
40.7187,-74.0063,0
40.6807,-73.9401,-1
40.7628,-73.9912,0
40.7847,-73.9486,0
40.756,-73.9675,0
40.7167,-73.9523,1
40.7167,-73.9523,1
40.7427,-74.0072,0
40.7741,-73.9629,0
40.7416,-74.0068,0
40.7238,-74.0036,0
40.6859,-73.9399,-1
40.7325,-73.9871,0
40.7864,-73.9741,0
40.726,-73.9917,0
40.7956,-73.9326,-1
40.7956,-73.9326,-1
40.7673,-73.9352,-1
40.7261,-73.9926,0
40.721,-74.0007,0
40.7501,-73.974,0
40.7203,-74.0433,-1
40.7217,-73.9988,0
40.6799,-73.9588,0
40.7676,-73.9872,0
40.7976,-73.9508,-1
40.7664,-73.9918,0
40.7497,-73.9777,0
40.7692,-73.9885,0
40.6449,-73.9964,-1
40.6687,-73.9478,-1
40.7785,-73.9832,0
40.7299,-73.9808,0
40.727,-73.9588,1
40.7249,-73.9983,0
40.7169,-74.0018,0
40.774,-73.9788,0
40.7503,-73.9737,0
40.7198,-74.0109,0
40.7334,-73.9877,0
40.6751,-73.9613,0
40.6948,-73.9971,0
40.7745,-73.9511,0
40.719,-73.9611,1
40.7624,-73.9964,0
40.7798,-73.9465,0
40.7496,-73.9713,0
40.7725,-73.9493,0
40.7254,-73.9498,1
40.6887,-73.9351,-1
40.7435,-73.838,-1
40.7403,-73.9894,0
40.7314,-74.0033,0
40.733,-74.0037,0
40.7814,-73.9825,0
40.8535,-73.9397,-1
40.7562,-73.9722,0
40.802,-73.9613,-1
40.7629,-73.9969,0
40.7203,-74.0119,0
40.7915,-73.9647,0
40.7858,-73.9489,0
40.774,-73.8717,2
40.6806,-73.9626,0
40.7154,-74.009,0
40.7411,-74.0056,0
40.7128,-73.9658,1
40.7644,-73.9806,0
40.7773,-73.9755,0
40.7016,-74.0127,0
40.7134,-73.8211,-1
40.7661,-73.9834,0
40.7689,-73.8878,-1
40.747,-74.0026,0
40.7338,-73.9901,0
40.7522,-73.9682,0
40.7502,-73.9748,0
40.7307,-74.0091,0
40.7854,-73.9795,0
40.775,-73.9559,0
40.6921,-73.9532,0
40.6921,-73.9532,0
40.7952,-73.9316,-1
40.7934,-73.9661,0
40.7558,-73.9173,-1
40.677,-73.9527,-1
40.745,-73.9745,0
40.7667,-73.9789,0
40.7069,-74.0166,0
40.7509,-74.0042,0
40.765,-73.9869,0
40.7442,-73.9997,0
40.7229,-74.0098,0
40.7401,-73.9948,0
40.7086,-73.9584,1
40.7405,-73.993,0
40.7325,-73.9914,0
40.6915,-73.9574,0
40.7581,-73.9454,-1
40.7557,-73.9755,0
40.7381,-73.99,0
40.7328,-74.0087,0
40.7262,-74.0018,0
40.7122,-73.9662,1
40.7166,-74.0148,0
40.7182,-73.999,0
40.7076,-74.0083,0
40.7247,-74.0027,0
40.7051,-74.0079,0
40.7217,-73.9893,0
40.7511,-73.9909,0
40.7411,-73.9964,0
40.7301,-73.9878,0
40.7367,-73.9905,0
40.731,-73.976,0
40.7073,-74.0165,0
40.7508,-74.0033,0
40.7444,-73.9755,0
40.6923,-73.9956,0
40.7091,-73.9547,1
40.7109,-73.9432,1
40.7468,-73.9937,0
40.741,-73.9937,0
40.7509,-73.9983,0
40.6864,-73.9562,0
40.6655,-73.9894,0
40.7417,-73.9561,-1
40.7132,-74.0096,0
40.7435,-73.9834,0
40.7612,-73.9992,0
40.7382,-73.9875,0
40.7688,-73.9647,0
40.7253,-74.039,-1
40.7407,-74.0369,-1
40.7435,-73.9799,0
40.8509,-73.9339,-1
40.7131,-73.9521,1
40.748,-73.9431,-1
40.7826,-73.973,0
40.7231,-73.9529,1
40.7629,-73.9275,-1
40.6836,-73.9537,0
40.7707,-73.8653,2
40.7336,-74.0044,0
40.7843,-73.9733,0
40.764,-73.9727,0
40.7645,-73.9689,0
40.7557,-73.9927,0
40.7605,-73.9676,0
40.7388,-73.991,0
40.7484,-73.9835,0
40.7202,-73.9599,1
40.8045,-73.9662,-1
40.8045,-73.9662,-1
40.7633,-73.9886,0
40.7112,-73.9614,1
40.7546,-73.964,0
40.738,-73.9922,0
40.7608,-73.9861,0
40.753,-73.9837,0
40.7423,-73.9839,0
40.779,-73.9622,0
40.7545,-73.8459,-1
40.7699,-73.9516,0
40.7737,-73.9801,0
40.7751,-73.9478,0
40.6934,-73.9248,-1
40.7478,-73.9565,-1
40.7739,-73.8721,2
40.7323,-74.0078,0
40.7637,-73.9858,0
40.7681,-73.9611,0
40.7217,-73.947,1
40.7138,-73.946,1
40.7153,-73.9907,0
40.7449,-73.9861,0
40.7423,-73.9543,-1
40.7384,-73.9901,0
40.6909,-73.9595,0
40.755,-73.9727,0
40.6798,-74.01,-1
40.6749,-73.9446,-1
40.7384,-74.0057,0
40.7799,-73.9824,0
40.719,-73.961,1
40.7346,-73.9788,0
40.7221,-73.9888,0
40.704,-74.0068,0
40.7212,-74.0324,-1
40.7435,-73.9849,0
40.7204,-73.975,0
40.7218,-73.9959,0
40.7428,-73.9984,0
40.7246,-73.9989,0
40.73,-73.9785,0
40.7395,-73.9808,0
40.6985,-73.8205,-1
40.7894,-73.9664,0
40.7213,-74.0002,0
40.7917,-73.953,0
40.724,-74.0666,-1
40.7854,-73.9802,0
40.7127,-74.0093,0
40.7645,-73.9816,0
40.7084,-73.9482,1
40.774,-73.8728,2
40.7262,-74.0003,0
40.7223,-73.9833,0
40.7265,-73.9993,0
40.8306,-73.9428,-1
40.6944,-73.9233,-1
40.6596,-73.9882,-1
40.726,-73.9929,0
40.693,-73.962,0
40.7234,-74.0114,0
40.786,-73.9428,0
40.6939,-73.9906,0
40.7822,-73.95,0
40.7522,-73.9857,0
40.73,-73.9861,0
40.7603,-73.9749,0
40.7603,-73.9749,0
40.7752,-73.9553,0
40.7477,-74.0006,0
40.7074,-74.0134,0
40.7196,-73.964,1
40.7371,-73.9742,0
40.7551,-73.9732,0
40.7615,-73.9904,0
40.7216,-73.9885,0
40.7812,-73.9803,0
40.6781,-73.9857,0
40.7353,-73.9885,0
40.7557,-73.8847,-1
40.7413,-73.9897,0
40.6974,-73.9737,0
40.744,-73.9766,0
40.7991,-73.9449,-1
40.6885,-74.001,0
40.7237,-74.0027,0
40.6928,-73.9326,-1
40.7633,-73.9629,0
40.7305,-73.9825,0
40.7237,-74.0108,0
40.7521,-73.982,0
40.7304,-73.9927,0
40.7246,-73.9917,0
40.8466,-73.8945,-1
40.632,-73.9488,-1
40.7425,-73.9992,0
40.7573,-74.0012,0
40.726,-73.9471,1
40.7331,-73.9902,0
40.7115,-74.0159,0
40.7279,-74.0031,0
40.6599,-73.9842,0
40.8076,-73.9457,-1
40.7648,-73.9706,0
40.719,-73.988,0
40.7255,-73.9992,0
40.7453,-73.9942,0
40.7506,-73.991,0
40.7438,-74.0064,0
40.7464,-73.9853,0
40.7588,-73.9859,0
40.6918,-73.9845,0
40.647,-73.9696,-1
40.6373,-73.9178,-1
40.6703,-73.9822,0
40.6825,-73.9253,-1
40.8134,-73.9449,-1
40.7605,-73.9875,0
40.746,-73.9863,0
40.7657,-73.9765,0
40.7218,-73.9894,0
40.6878,-73.963,0
40.7455,-73.9887,0
40.7679,-73.9818,0
40.7685,-73.8627,2
40.764,-73.9689,0
40.7507,-73.9919,0
40.7591,-73.9752,0
40.7052,-74.0079,0
40.7454,-74.0011,0
40.7235,-74.0085,0
40.73,-74.0006,0
40.7685,-73.8625,2
40.7254,-73.9779,0
40.6233,-74.0043,-1
40.7236,-74.0097,0
40.6874,-73.9728,0
40.7257,-73.9041,-1
40.7533,-73.9874,0
40.7212,-73.9608,1
40.7418,-74.0036,0
40.7309,-73.9784,0
40.7655,-73.9547,0
40.7457,-73.9877,0
40.7429,-73.9829,0
40.7329,-74.0044,0
40.6576,-73.8897,-1
40.7214,-73.9607,1
40.7561,-73.9906,0
40.7431,-73.9804,0
40.7408,-74.0076,0
40.739,-73.9966,0
40.7715,-73.9882,0
40.7151,-73.8455,-1
40.7517,-74.0033,0
40.7576,-73.9711,0
40.732,-74.0045,0
40.7742,-73.9833,0
40.7287,-73.9903,0
40.6915,-73.9855,0
40.7736,-73.9599,0
40.7867,-73.9809,0
40.695,-73.9908,0
40.7187,-73.9997,0
40.7645,-73.9663,0
40.7855,-73.9803,0
40.756,-73.9724,0
40.7674,-73.9228,-1
40.7418,-73.9909,0
40.7835,-73.9731,0
40.7489,-73.9729,0
40.7515,-73.9757,0
40.6985,-73.9677,0
40.7066,-73.9515,1
40.8404,-73.8553,-1
40.7446,-73.9028,-1
40.6959,-73.9872,0
40.7444,-73.9959,0
40.7194,-73.9904,0
40.7245,-73.998,0
40.7454,-73.9715,0
40.7366,-73.9887,0
40.7364,-73.9571,1
40.7586,-73.9962,0
40.8204,-73.9513,-1
40.7503,-73.9968,0
40.7439,-73.9917,0
40.7787,-73.9819,0
40.732,-74.0052,0
40.7454,-73.9931,0
40.7655,-73.9759,0
40.7484,-73.9776,0
40.7128,-74.0096,0
40.7197,-74.0005,0
40.7214,-73.9574,1
40.7157,-74.0165,0
40.7301,-73.993,0
40.668,-73.9588,-1
40.6893,-73.9935,0
40.7685,-73.8625,2
40.6736,-73.9827,0
40.6719,-73.9752,0
40.7453,-73.9714,0
40.7488,-73.9771,0
40.7406,-73.9891,0
40.7887,-73.9669,0
40.727,-74.0075,0
40.7862,-73.9777,0
40.7214,-74.0013,0
40.7296,-73.9966,0
40.7171,-73.9881,0
40.7342,-74.0063,0
40.7373,-73.9909,0
40.7264,-74.0025,0
40.6561,-73.9621,-1
40.7463,-73.9939,0
40.7224,-73.9994,0
40.7518,-73.9694,0
40.7224,-73.9826,0
40.7018,-73.9899,0
40.7396,-73.9897,0
40.7205,-73.9408,1
40.7529,-74.004,0
40.718,-73.9597,1
40.7072,-74.0048,0
40.7048,-73.8979,-1
40.7447,-73.9569,-1
40.7477,-74.0042,0
40.7481,-73.9882,0
40.7631,-73.9751,0
40.7417,-73.9939,0
40.7335,-73.9932,0
40.7377,-73.9881,0
40.7801,-73.9594,0
40.7442,-73.9804,0
40.6779,-73.9858,0
40.7121,-73.9466,1
40.7472,-73.9722,0
40.7072,-73.9399,1
40.6878,-73.9689,0
40.6988,-73.9327,-1
40.747,-73.9936,0
40.763,-73.9881,0
40.7483,-73.9805,0
40.7024,-74.014,0
40.7702,-73.8305,-1
40.7185,-73.9617,1
40.8533,-73.9606,-1
40.7559,-73.9907,0
40.7367,-73.9267,-1
40.7837,-73.9501,0
40.7644,-73.9807,0
40.71,-74.0164,0
40.7213,-73.9574,1
40.7469,-73.9965,0
40.7594,-73.97,0
40.7254,-74.0068,0
40.7607,-73.9754,0
40.7644,-73.9779,0
40.7742,-73.8736,2
40.8559,-73.9675,-1
40.6355,-73.9779,-1
40.7577,-74.0008,0
40.7112,-74.0056,0
40.7127,-73.948,1
40.6377,-74.0252,-1
40.7965,-73.9327,-1
40.6641,-73.9864,0
40.7606,-73.9991,0
40.7087,-74.001,0
40.7242,-73.9511,1
40.6901,-73.9839,0
40.7254,-73.9952,0
40.7526,-73.9778,0
40.7531,-73.9774,0
40.7379,-74.0275,-1
40.729,-73.9885,0
40.7274,-74.0057,0
40.7216,-74.0013,0
40.6693,-73.9507,-1
40.7165,-73.9558,1
40.6967,-73.9079,-1
40.7689,-73.9824,0
40.7572,-73.8293,-1
40.7626,-73.9968,0
40.7252,-73.997,0
40.7537,-73.9735,0
40.7318,-73.9546,1
40.7419,-73.9894,0
40.7875,-73.9478,0
40.7407,-74.0075,0
40.7474,-74.0077,0
40.7199,-73.9954,0
40.7383,-73.99,0
40.7171,-73.9986,0
40.7838,-73.9503,0
40.7485,-74.0037,0
40.7053,-74.0075,0
40.7765,-73.9786,0
40.7222,-73.9933,0
40.7563,-73.9932,0
40.688,-73.9177,-1
40.666,-73.9291,-1
40.6921,-73.9532,0
40.7078,-74.0058,0
40.6988,-73.9185,-1
40.7317,-73.9832,0
40.7744,-73.9636,0
40.7618,-73.9661,0
40.7606,-73.9965,0
40.7127,-73.9652,1
40.7623,-73.975,0
40.7601,-73.9674,0
40.7293,-73.9796,0
40.7201,-73.9882,0
40.7436,-73.9732,0
40.7862,-73.9426,0
40.7207,-73.8629,-1
40.7595,-73.9879,0
40.7373,-73.9799,0
40.7347,-73.9926,0
40.7423,-73.9954,0
40.774,-73.8725,2
40.7308,-74.0017,0
40.694,-73.9873,0
40.7398,-73.9963,0
40.7739,-73.8716,2
40.69,-73.9818,0
40.7572,-73.9627,0
40.708,-74.0063,0
40.7449,-73.9786,0
40.7421,-73.9917,0
40.7214,-73.9841,0
40.7261,-73.9919,0
40.6915,-73.9843,0
40.774,-73.873,2
40.7795,-73.953,0
40.7651,-73.9712,0
40.7079,-74.0043,0
40.6636,-73.995,-1
40.7577,-73.9781,0
40.7483,-73.9886,0
40.7244,-73.9851,0
40.7272,-74.0033,0
40.6939,-73.9298,-1
40.7175,-73.9618,1
40.6779,-73.9796,0
40.7471,-73.9857,0
40.7192,-73.9969,0
40.7183,-73.96,1
40.781,-73.9727,0
40.7626,-73.9962,0
40.7459,-73.9981,0
40.7813,-73.9804,0
40.6943,-73.9552,0
40.725,-73.9814,0
40.7201,-74.0105,0
40.6316,-73.947,-1
40.7598,-73.9959,0
40.7668,-73.9227,-1
40.7185,-74.0059,0
40.7711,-73.9812,0
40.7157,-73.9407,1
40.7094,-74.0132,0
40.7384,-73.9737,0
40.7464,-73.9939,0
40.692,-73.9801,0
40.7439,-73.9908,0
40.747,-73.9811,0
40.7053,-74.0105,0
40.6929,-73.9447,-1
40.7146,-74.0088,0
40.7087,-73.9446,1
40.7186,-73.9532,1
40.7778,-73.9888,0
40.7409,-74.0076,0
40.774,-73.8714,2
40.7567,-73.9926,0
40.7266,-73.9893,0
40.7302,-73.9917,0
40.7851,-73.949,0
40.7168,-73.9574,1
40.759,-73.9894,0
40.78,-73.9485,0
40.7263,-73.9784,0
40.7691,-73.9823,0
40.7701,-73.8646,2
40.7658,-73.9771,0
40.7244,-73.9943,0
40.6207,-74.0383,-1
40.7556,-73.9825,0
40.6894,-73.9868,0
40.7936,-73.9671,0
40.774,-73.8728,2
40.7286,-73.9817,0
40.7252,-73.9477,1
40.7218,-74.0,0
40.7834,-73.9529,0
40.7205,-73.9617,1
40.721,-74.0016,0
40.7123,-73.9514,1
40.7231,-73.994,0
40.7604,-73.995,0
40.7561,-73.9729,0
40.7556,-73.9821,0
40.7234,-73.9913,0
40.7725,-73.9823,0
40.7607,-73.9804,0
40.7665,-73.99,0
40.7228,-73.9799,0
40.7077,-74.007,0
40.7352,-74.0061,0
40.7733,-73.8856,-1
40.7512,-73.9719,0
40.7459,-73.9883,0
40.7181,-73.9857,0
40.7324,-73.9969,0
40.7736,-73.9554,0
40.6996,-73.9805,0
40.7252,-73.9995,0
40.7474,-74.0075,0
40.773,-73.9601,0
40.7236,-73.9478,1
40.7469,-73.9837,0
40.7564,-73.9727,0
40.6764,-73.9858,0
40.6859,-73.9566,0
40.7517,-73.9765,0
40.726,-73.9985,0
40.6885,-73.9849,0
40.7794,-73.9834,0
40.6715,-73.9153,-1
40.7352,-74.0019,0
40.779,-73.9816,0
40.7221,-73.9975,0
40.7643,-73.9738,0
40.72,-73.9556,1
40.7725,-73.9786,0
40.7382,-74.0037,0
40.7142,-73.9616,1
40.7998,-73.9523,-1
40.7331,-73.9826,0
40.6724,-73.9903,0
40.7257,-74.0054,0
40.74,-74.0072,0
40.702,-74.0126,0
40.701,-73.9085,-1
40.7279,-73.9826,0
40.7306,-73.9892,0
40.691,-73.9892,0
40.7016,-73.9897,0
40.7338,-74.0018,0
40.7481,-74.0009,0
40.6836,-73.944,-1
40.7294,-73.9779,0
40.6857,-73.9674,0
40.6483,-73.9787,-1
40.681,-73.9752,0
40.6608,-73.9797,0
40.722,-73.9578,1
40.6499,-73.9312,-1
40.7449,-74.0051,0
40.7637,-73.9857,0
40.733,-74.0101,0
40.7623,-73.9879,0
40.6704,-73.9475,-1
40.7436,-73.9809,0
40.7683,-73.9926,0
40.7645,-73.973,0
40.7593,-73.9944,0
40.742,-73.9909,0
40.6873,-73.9569,0
40.6869,-73.9568,0
40.7405,-73.9947,0
40.7343,-73.9955,0
40.6439,-73.9962,-1
40.6651,-73.9798,0
40.6684,-73.9738,0
40.723,-74.0024,0
40.7767,-73.9497,0
40.7259,-73.9832,0
40.7161,-74.0153,0
40.7541,-73.9663,0
40.7725,-73.9651,0
40.7104,-73.9658,1
40.7478,-73.9843,0
40.7406,-74.0057,0
40.6804,-73.9565,0
40.7157,-74.0129,0
40.7397,-73.985,0
40.674,-73.979,0
40.6717,-73.9774,0
40.7477,-73.9832,0
40.7215,-74.0093,0
40.7189,-73.9516,1
40.6837,-73.9322,-1
40.7161,-74.0072,0
40.7553,-74.0025,0
40.7345,-74.01,0
40.7589,-73.977,0
40.7321,-73.8128,-1
40.7175,-74.0953,-1
40.6853,-73.9594,0
40.7361,-73.9365,-1
40.6854,-73.9757,0
40.7312,-74.003,0
40.7442,-73.9497,-1
40.7777,-73.9796,0
40.7493,-73.98,0
40.7216,-73.9889,0
40.7048,-73.9169,-1
40.778,-73.9599,0
40.7603,-73.965,0
40.7244,-73.9925,0
40.6901,-73.9804,0
40.7124,-73.9579,1
40.782,-73.9477,0
40.7549,-73.9991,0
40.7186,-73.9864,0
40.708,-73.9542,1
40.7145,-74.0072,0
40.7562,-73.9212,-1
40.8496,-73.9369,-1
40.7534,-73.9892,0
40.7455,-73.9566,-1
40.6249,-73.9644,-1
40.7279,-73.986,0
40.7455,-74.0011,0
40.7456,-73.8471,-1
40.7616,-73.9901,0
40.707,-74.0166,0
40.8348,-73.847,-1
40.7217,-73.9807,0
40.6839,-73.9786,0
40.766,-73.9156,-1
40.757,-74.0049,0
40.7572,-73.984,0
40.6854,-73.9448,-1
40.7226,-73.9971,0
40.7645,-73.9755,0
40.6937,-73.9827,0
40.6919,-73.9243,-1
40.7032,-74.0112,0
40.7683,-73.9823,0
40.6721,-74.0109,-1
40.7975,-73.9348,-1
40.7349,-73.9968,0
40.7146,-73.9903,0
40.6436,-73.9087,-1
40.7511,-73.9905,0
40.7405,-74.008,0
40.7224,-74.0015,0
40.7857,-73.9548,0
40.7555,-73.9795,0
40.8441,-73.8774,-1
40.802,-73.9358,-1
40.7412,-73.9929,0
40.7484,-73.9886,0
40.7358,-73.991,0
40.6984,-73.9226,-1
40.7341,-73.9988,0
40.7511,-73.9803,0
40.7428,-73.8257,-1
40.7195,-74.0051,0
40.721,-73.9994,0
40.742,-73.9788,0
40.6753,-73.989,0
40.7435,-73.9828,0
40.7384,-73.9831,0
40.7787,-73.9076,-1
40.7529,-73.8932,-1
40.7858,-73.9802,0
40.7316,-73.9825,0
40.7326,-73.994,0
40.803,-73.9673,-1
40.7695,-73.9599,0
40.6809,-73.9806,0
40.6949,-73.9942,0
40.7757,-73.9289,-1
40.746,-73.9823,0
40.7239,-73.8817,-1
40.7202,-74.0001,0
40.6691,-73.9407,-1
40.8312,-73.9487,-1
40.7353,-73.9552,1
40.6639,-73.979,0
40.7798,-73.9879,0
40.7573,-73.9749,0
40.7198,-73.992,0
40.7647,-73.8661,2
40.7828,-73.9816,0
40.7589,-73.9799,0
40.772,-73.9559,0
40.7518,-73.9786,0
40.755,-73.9667,0
40.7503,-73.979,0
40.7739,-73.8716,2
40.7628,-73.9638,0
40.7082,-74.0088,0
40.7711,-73.968,0
40.8143,-73.9473,-1
40.7724,-73.9608,0
40.7604,-73.9914,0
40.7047,-74.0145,0
40.7448,-73.9787,0
40.672,-74.0107,-1
40.6942,-73.9835,0
40.7707,-73.8656,2
40.7303,-73.9866,0
40.7591,-73.9748,0
40.7632,-73.9813,0
40.7509,-74.006,0
40.7596,-73.9935,0
40.6726,-73.9609,0
40.7707,-73.8656,2
40.7144,-73.9904,0
40.7729,-73.9585,0
40.7201,-73.9962,0
40.7208,-74.0041,0
40.7515,-74.0058,0
40.7211,-73.9995,0
40.7176,-73.9589,1
40.7051,-74.0101,0
40.787,-73.9513,0
40.6718,-73.9591,-1
40.6727,-73.9525,-1
40.7142,-73.9959,0
40.7139,-73.9382,1
40.729,-73.8621,-1
40.7762,-73.9764,0
40.7611,-73.9976,0
40.7079,-74.0017,0
40.7473,-74.0032,0
40.762,-73.9878,0
40.724,-73.9898,0
40.7681,-73.8243,-1
40.7301,-73.9894,0
40.8128,-73.9618,-1
40.7333,-74.0052,0
40.7612,-73.967,0
40.7626,-74.0212,-1
40.7371,-73.9791,0
40.7717,-73.9616,0
40.7717,-73.9616,0
40.7251,-73.9868,0
40.7662,-73.9132,-1
40.6936,-73.9281,-1
40.7365,-73.9908,0
40.7115,-73.9947,0
40.6838,-73.9228,-1
40.6737,-73.9735,0
40.6913,-73.9844,0
40.7434,-73.9577,-1
40.8563,-73.8809,-1
40.7645,-73.9789,0
40.7685,-73.8624,2
40.7493,-73.9767,0
40.7221,-73.9873,0
40.7707,-73.8656,2
40.7741,-73.8726,2
40.6321,-73.9428,-1
40.7458,-73.9772,0
40.681,-73.9298,-1
40.7035,-73.9896,0
40.7469,-74.0049,0
40.7729,-73.8965,-1
40.7036,-73.9847,0
40.7461,-73.9732,0
40.7167,-73.959,1
40.759,-73.9664,0
40.7293,-73.9773,0
40.7487,-73.9424,-1
40.676,-73.999,0
40.6525,-73.9732,-1
40.766,-73.9561,0
40.7582,-73.9346,-1
40.7552,-73.9727,0
40.6963,-73.8329,-1
40.7541,-73.9722,0
40.7345,-73.9923,0
40.7551,-73.9744,0
40.7443,-73.9857,0
40.7838,-73.9759,0
40.6966,-73.931,-1
40.7713,-73.9662,0
40.6801,-73.9745,0
40.721,-73.9556,1
40.7666,-73.8862,-1
40.6709,-73.9847,0
40.7108,-74.0056,0
40.6854,-73.987,0
40.7686,-73.8626,2
40.7806,-73.9559,0
40.7202,-74.0051,0
40.7439,-73.9891,0
40.75,-73.9835,0
40.764,-73.9886,0
40.7075,-73.9684,1
40.7737,-73.9583,0
40.7771,-73.9476,0
40.6708,-73.9826,0
40.724,-73.9922,0
40.7021,-73.9827,0
40.7592,-73.9858,0
40.8066,-73.9664,-1
40.758,-73.978,0
40.7194,-73.9606,1
40.7255,-73.9416,1
40.7139,-74.0096,0
40.7024,-74.0136,0
40.7376,-74.003,0
40.7481,-73.982,0
40.7488,-73.9518,-1
40.78,-73.9745,0
40.8497,-73.9388,-1
40.7301,-73.9995,0
40.7483,-74.0055,0
40.7247,-73.9918,0
40.7084,-74.0146,0
40.7291,-73.9784,0
40.7753,-73.9894,0
40.7624,-73.9747,0
40.7476,-73.9884,0
40.7159,-74.0105,0
40.7838,-73.8214,-1
40.7595,-73.9912,0
40.7574,-73.9843,0
40.7645,-73.9546,0
40.7138,-73.9634,1
40.7214,-73.9837,0
40.7513,-73.8899,-1
40.6724,-73.9903,0
40.7141,-74.0141,0
40.7141,-74.0063,0
40.7452,-73.9473,-1
40.6752,-73.989,0
40.723,-73.995,0
40.7096,-73.996,0
40.7724,-73.9819,0
40.6548,-73.9621,-1
40.7646,-73.9698,0
40.6772,-73.9666,0
40.675,-73.9751,0
40.7544,-73.9793,0
40.6874,-73.9738,0
40.7688,-73.8672,2
40.7313,-73.9903,0
40.7589,-73.9621,0
40.7124,-73.9361,1
40.7615,-73.9797,0
40.775,-73.9913,0
40.733,-73.9554,1
40.6846,-73.951,-1
40.7424,-74.003,0
40.7419,-73.9808,0
40.7419,-73.9808,0
40.773,-73.9649,0
40.7399,-74.006,0
40.714,-73.9404,1
40.6844,-73.9469,-1
40.7806,-73.958,0
40.7534,-73.9957,0
40.7786,-73.9549,0
40.7315,-73.9926,0
40.7135,-73.88,-1
40.7612,-73.9973,0
40.7447,-73.9775,0
40.7276,-73.9816,0
40.7159,-74.0066,0
40.7912,-73.9734,0
40.764,-73.9989,0
40.771,-73.9575,0
40.6734,-73.957,-1
40.762,-73.9735,0
40.76,-73.9728,0
40.7445,-73.9842,0
40.6856,-73.9738,0
40.7054,-73.911,-1
40.7631,-73.9609,0
40.7257,-73.9416,1
40.717,-74.0149,0
40.7495,-73.9766,0
40.7202,-73.9633,1
40.7644,-73.9739,0
40.7249,-73.9988,0
40.7414,-73.9832,0
40.7217,-73.9581,1
40.7215,-74.0065,0
40.7435,-73.9886,0
40.7604,-73.9659,0
40.7111,-74.0108,0
40.759,-73.9267,-1
40.7646,-73.9643,0
40.7587,-73.9861,0
40.7775,-73.9569,0
40.8289,-73.9482,-1
40.7815,-73.9607,0
40.7759,-73.9441,0
40.7566,-73.994,0
40.6718,-73.9625,0
40.7265,-74.0036,0
40.7246,-73.9919,0
40.7553,-73.9929,0
40.7707,-73.9588,0
40.728,-73.9822,0
40.6815,-73.9792,0
40.7429,-73.9949,0
40.7501,-73.9807,0
40.7226,-74.0084,0
40.7551,-73.9939,0
40.7189,-73.9945,0
40.7367,-73.9898,0
40.7357,-74.0051,0
40.8022,-73.9659,-1
40.7975,-73.9718,0
40.7076,-74.0023,0
40.7187,-73.8198,-1
40.7685,-73.8623,2
40.7789,-73.9739,0
40.7549,-73.994,0
40.73,-73.8318,-1
40.6939,-73.9904,0
40.7286,-74.0,0
40.7128,-73.9569,1
40.714,-74.0144,0
40.7637,-73.9858,0
40.762,-73.9662,0
40.7471,-73.9891,0
40.7704,-73.8652,2
40.6851,-73.982,0
40.7646,-73.9815,0
40.7354,-74.0042,0
40.7033,-73.9327,-1
40.7214,-73.9879,0
40.7746,-73.9897,0
40.7191,-73.963,1
40.7123,-73.966,1
40.7591,-73.832,-1
40.7505,-74.0269,-1
40.7518,-73.9988,0
40.7698,-73.9582,0
40.7231,-73.9565,1
40.7723,-73.9671,0
40.739,-73.8698,-1
40.7381,-73.9921,0
40.7159,-74.0151,0
40.6656,-73.9772,0
40.7552,-73.9755,0
40.775,-73.9784,0
40.6771,-73.9516,-1
40.7657,-73.9787,0
40.7355,-73.9965,0
40.7447,-73.9033,-1
40.6616,-73.9515,-1
40.7462,-73.9769,0
40.7018,-73.9829,0
40.6943,-73.9583,0
40.7408,-74.0075,0
40.6922,-73.9852,0
40.732,-73.9923,0
40.7499,-73.9935,0
40.6896,-73.9704,0
40.809,-73.9575,-1
40.677,-73.9512,-1
40.7578,-73.9713,0
40.7335,-74.0029,0
40.7742,-74.0412,-1
40.7781,-73.9479,0
40.7576,-73.9749,0
40.7339,-73.9774,0
40.7261,-73.9781,0
40.8007,-73.9681,0
40.7388,-73.9904,0
40.7237,-73.9995,0
40.7159,-74.0117,0
40.657,-73.9802,-1
40.7191,-74.011,0
40.7871,-73.9517,0
40.7304,-73.9845,0
40.7526,-73.9808,0
40.7522,-74.0071,0
40.6721,-74.0109,-1
40.7057,-73.9371,-1
40.6721,-73.9575,-1
40.7579,-73.9755,0
40.7406,-74.0039,0
40.7178,-74.0126,0
40.7074,-74.0089,0
40.8015,-73.9479,-1
40.7216,-73.9887,0
40.7973,-74.0604,-1
40.6974,-73.8124,-1
40.7878,-73.9536,0
40.7253,-74.0035,0
40.774,-73.8723,2
40.7372,-74.0018,0
40.729,-73.9813,0
40.7129,-73.9881,0
40.7224,-74.0096,0
40.7205,-74.0036,0
40.7171,-74.0018,0
40.7171,-74.0018,0
40.7628,-73.9717,0
40.7336,-73.9896,0
40.7626,-73.9972,0
40.851,-73.9394,-1
40.7076,-73.9488,1
40.7202,-73.9618,1
40.7492,-73.9784,0
40.7319,-73.9881,0
40.7328,-74.0014,0
40.6208,-73.9575,-1
40.7433,-73.8976,-1
40.7866,-73.981,0
40.8003,-73.9533,-1
40.7578,-73.9784,0
40.7188,-73.9546,1
40.7322,-73.9563,1
40.7402,-74.0391,-1
40.7832,-73.9552,0
40.7633,-73.9817,0
40.7548,-73.9662,0
40.774,-73.8727,2
40.7415,-73.9075,-1
40.7669,-73.984,0
40.7827,-73.9832,0
40.7547,-73.98,0
40.7181,-73.993,0
40.777,-73.9639,0
40.7349,-73.9899,0
40.7172,-73.9523,1
40.7362,-73.991,0
40.7163,-73.951,1
40.7162,-73.9623,1
40.6299,-74.0251,-1
40.6922,-73.9444,-1
40.7235,-73.9829,0
40.7715,-73.9811,0
40.7132,-74.0043,0
40.6923,-73.9707,0
40.728,-73.9991,0
40.7114,-73.9614,1
40.7254,-73.9388,-1
40.7031,-73.9852,0
40.7431,-73.9829,0
40.7344,-73.9864,0
40.6869,-73.9656,0
40.6748,-73.9443,-1
40.7656,-73.9644,0
40.7635,-73.9714,0
40.7409,-74.0072,0
40.6966,-73.9831,0
40.7467,-74.0106,0
40.7554,-73.9702,0
40.7158,-74.0061,0
40.709,-74.0078,0
40.7715,-73.9526,0
40.7715,-73.9526,0
40.7617,-73.9941,0
40.7467,-73.944,-1
40.8229,-73.9288,-1
40.763,-73.9816,0
40.763,-73.9816,0
40.7616,-73.9823,0
40.8051,-73.9648,-1
40.7721,-73.9251,-1
40.7662,-73.968,0
40.7792,-73.9534,0
40.7598,-73.9294,-1
40.7056,-73.9316,-1
40.7462,-74.0084,0
40.6871,-73.9815,0
40.7102,-73.9509,1
40.675,-73.9994,-1
40.7398,-74.0062,0
40.7401,-73.9856,0
40.6839,-74.001,0
40.7516,-74.0014,0
40.6719,-73.9639,0
40.7688,-73.9269,-1
40.693,-73.9692,0
40.7523,-73.9754,0
40.7614,-73.9933,0
40.7614,-73.9933,0
40.7466,-74.0097,0
40.6546,-74.0044,-1
40.7523,-73.9793,0
40.6887,-73.9784,0
40.7227,-74.0044,0
40.6748,-73.9442,-1
40.6836,-73.948,-1
40.7713,-73.9596,0
40.7071,-73.8245,-1
40.7476,-73.9892,0
40.6866,-73.9669,0
40.6751,-73.9564,-1
40.6813,-73.9559,0
40.7791,-73.9785,0
40.7663,-73.9968,0
40.7834,-73.9588,0
40.7578,-74.0007,0
40.772,-73.961,0
40.7621,-73.9785,0
40.6972,-73.8145,-1
40.7428,-73.9792,0
40.7744,-73.8731,2
40.7744,-73.8731,2
40.7658,-73.9223,-1
40.7346,-74.0441,-1
40.7346,-74.0441,-1
40.7441,-73.991,0
40.7032,-73.9942,0
40.7368,-73.9847,0
40.7149,-74.0141,0
40.7652,-73.9869,0
40.6962,-73.9886,0
40.7459,-73.9473,-1
40.8079,-73.9668,-1
40.7199,-74.0101,0
40.7583,-73.9669,0
40.7343,-73.9776,0
40.7662,-73.9641,0
40.7359,-73.991,0
40.7336,-74.0063,0
40.7478,-73.8925,-1
40.7087,-73.9578,1
40.7246,-73.9838,0
40.7486,-73.9887,0
40.7841,-73.9813,0
40.7411,-74.0017,0
40.67,-73.9619,-1
40.749,-73.9922,0
40.7646,-73.97,0
40.7764,-73.9805,0
40.7238,-74.0359,-1
40.7549,-73.9874,0
40.7723,-73.8957,-1
40.8442,-73.941,-1
40.7096,-74.0175,0
40.7083,-74.0095,0
40.6881,-73.9748,0
40.7665,-73.9531,0
40.8065,-73.964,-1
40.7334,-74.0043,0
40.7574,-73.9651,0
40.7481,-73.9889,0
40.6864,-73.9416,-1
40.7665,-73.9785,0
40.7302,-73.9935,0
40.7675,-73.9828,0
40.7845,-73.9492,0
40.6584,-73.9053,-1
40.7279,-73.979,0
40.7637,-73.9885,0
40.6635,-73.9894,0
40.7564,-73.9931,0
40.7153,-74.0144,0
40.7185,-73.9153,-1
40.7628,-73.917,-1
40.7561,-73.9746,0
40.7399,-74.0023,0
40.7739,-73.8724,2
40.7836,-73.9803,0
40.7834,-73.9788,0
40.7389,-73.9889,0
40.7128,-74.0091,0
40.7331,-73.9909,0
40.7532,-73.9087,-1
40.7246,-73.9907,0
40.7049,-74.007,0
40.7447,-73.9871,0
40.711,-74.0103,0
40.7201,-73.9793,0
40.7508,-73.9694,0
40.7587,-73.9618,0
40.7468,-74.01,0
40.7306,-73.9925,0
40.7335,-73.9798,0
40.7458,-74.0085,0
40.6943,-73.838,-1
40.7817,-73.9601,0
40.7354,-74.0088,0
40.7075,-74.004,0
40.7479,-73.9748,0
40.7618,-73.9788,0
40.7704,-73.9213,-1
40.7555,-73.8871,-1
40.7276,-73.9798,0
40.7276,-73.9798,0
40.723,-73.9952,0
40.7435,-73.9805,0
40.761,-73.9754,0
40.7161,-73.9996,0
40.7634,-73.9631,0
40.8009,-73.9678,0
40.7144,-73.9452,1
40.7751,-73.9806,0
40.7788,-73.9821,0
40.782,-73.9557,0
40.782,-73.9557,0
40.7628,-73.9725,0
40.7111,-73.9615,1
40.7862,-73.9486,0
40.7617,-73.975,0
40.8115,-73.94,-1
40.7371,-73.996,0
40.7599,-73.974,0
40.7357,-73.9981,0
40.8124,-73.9521,-1
40.7691,-73.9812,0
40.7553,-73.969,0
40.7772,-73.9561,0
40.7662,-73.9654,0
40.7741,-73.8717,2
40.7099,-73.9523,1
40.6785,-73.9822,0
40.6722,-73.9855,0
40.725,-73.9921,0
40.7869,-73.822,-1
40.7367,-74.033,-1
40.7367,-74.033,-1
40.7512,-73.9758,0
40.7604,-73.9614,0
40.7241,-73.9787,0
40.7576,-73.9744,0
40.7624,-73.8952,-1
40.8147,-73.9604,-1
40.7137,-73.9982,0
40.7273,-73.9798,0
40.7708,-73.9836,0
40.7292,-73.9938,0
40.7645,-73.973,0
40.7082,-74.0076,0
40.7331,-74.0075,0
40.792,-73.9442,0
40.7328,-73.9982,0
40.7216,-73.989,0
40.8186,-73.8903,-1
40.7395,-73.999,0
40.7137,-74.009,0
40.7806,-73.946,0
40.7612,-73.9669,0
40.7573,-74.001,0
40.802,-73.9672,0
40.7301,-73.9777,0
40.7137,-73.9864,0
40.6748,-73.9817,0
40.7101,-74.0163,0
40.7299,-74.0005,0
40.6695,-73.9403,-1
40.6725,-73.9544,-1
40.7296,-73.9826,0
40.661,-73.948,-1
40.7295,-74.001,0
40.7202,-73.9844,0
40.7326,-73.9857,0
40.6815,-73.9645,0
40.7215,-73.9582,1
40.7645,-73.9959,0
40.7156,-74.0119,0
40.7462,-74.0051,0
40.6662,-73.9527,-1
40.7099,-73.9622,1
40.7569,-73.9684,0
40.7205,-73.9612,1
40.8169,-73.9427,-1
40.7327,-73.8611,-1
40.7462,-73.9726,0
40.7756,-73.9764,0
40.7291,-73.9048,-1
40.6942,-73.9833,0
40.7428,-73.8261,-1
40.7629,-73.9736,0
40.7654,-73.9641,0
40.7625,-73.9759,0
40.7354,-73.9939,0
40.6385,-73.9537,-1
40.7663,-73.9527,0
40.7197,-73.9608,1
40.7403,-74.0016,0
40.7341,-74.0013,0
40.7059,-74.0096,0
40.707,-73.9522,1
40.8351,-73.9489,-1
40.8351,-73.9489,-1
40.7485,-73.9732,0
40.7053,-73.9063,-1
40.6837,-73.9951,0
40.7056,-74.0099,0
40.7104,-74.0166,0
40.77,-73.8646,2
40.7236,-73.8499,-1
40.6886,-73.8283,-1
40.7806,-73.9729,0
40.7636,-73.972,0
40.7226,-74.0105,0
40.7483,-73.9727,0
40.7358,-73.9561,1
40.7361,-73.9919,0
40.6721,-74.0109,-1
40.8,-73.9531,-1
40.6394,-73.966,-1
40.731,-73.9995,0
40.6698,-73.9923,-1
40.7643,-73.9547,0
40.6531,-73.9085,-1
40.7351,-73.9766,0
40.7881,-73.9757,0
40.7115,-73.949,1
40.724,-73.997,0
40.7878,-73.9691,0
40.65,-73.9624,-1
40.8111,-73.9042,-1
40.7489,-73.9757,0
40.7717,-73.9633,0
40.6914,-73.9446,-1
40.7142,-73.9481,1
40.6756,-73.9589,0
40.7785,-73.978,0
40.7627,-73.9933,0
40.7296,-73.9915,0
40.7215,-74.0,0
40.8437,-73.9393,-1
40.7472,-74.0067,0
40.7216,-73.9579,1
40.7691,-73.9224,-1
40.7403,-73.976,0
40.7237,-73.994,0
40.7559,-73.9712,0
40.7204,-73.9618,1
40.7421,-73.9906,0
40.669,-73.9317,-1
40.7266,-74.009,0
40.7086,-73.9563,1
40.7071,-73.9223,-1
40.7162,-73.9594,1
40.6988,-73.938,-1
40.7499,-73.9912,0
40.7331,-73.9538,1
40.7206,-73.9852,0
40.7185,-73.9835,0
40.6648,-73.9835,0
40.7862,-73.9761,0
40.7289,-73.9951,0
40.7314,-73.9752,0
40.7432,-73.9894,0
40.7063,-74.009,0
40.6644,-73.9633,-1
40.7437,-73.9728,0
40.7442,-73.9823,0
40.7489,-73.9911,0
40.7287,-73.8513,-1
40.7209,-73.961,1
40.7488,-73.9758,0
40.8022,-73.9697,0
40.6723,-74.0112,-1
40.72,-74.0038,0
40.7469,-74.0106,0
40.7248,-73.9405,1
40.6447,-73.9992,-1
40.7119,-73.9986,0
40.6447,-73.9992,-1
40.7641,-73.974,0
40.7441,-73.9838,0
40.6893,-73.9812,0
40.6858,-73.9443,-1
40.7389,-74.009,0
40.7663,-73.9917,0
40.7227,-73.9925,0
40.7338,-74.0058,0
40.7348,-73.9865,0
40.7717,-73.9891,0
40.75,-73.9834,0
40.7378,-73.9866,0
40.7573,-73.9634,0
40.7664,-74.0416,-1
40.7076,-74.0138,0
40.725,-73.8657,-1
40.7111,-73.9521,1
40.8442,-73.815,-1
40.7162,-74.0046,0
40.6877,-73.9597,0
40.773,-73.9666,0
40.773,-73.9666,0
40.7518,-73.9689,0
40.6827,-73.9633,0
40.7644,-73.9688,0
40.7526,-73.9925,0
40.7564,-73.9906,0
40.7212,-74.0001,0
40.7186,-73.9823,0
40.7568,-73.9144,-1
40.7265,-73.994,0
40.7141,-74.043,-1
40.7332,-73.9756,0
40.7097,-74.018,0
40.7355,-74.0031,0
40.7388,-74.0002,0
40.7203,-74.0427,-1
40.7757,-73.9821,0
40.8261,-73.9388,-1
40.8257,-73.8573,-1
40.7647,-73.9757,0
40.7321,-73.9863,0
40.7316,-73.9973,0
40.6927,-73.9861,0
40.7365,-73.9815,0
40.622,-74.0318,-1
40.692,-74.0004,0
40.7659,-73.9784,0
40.7561,-73.9942,0
40.774,-73.872,2
40.7304,-73.9805,0
40.7342,-73.9576,1
40.6687,-73.9747,0
40.7346,-74.0021,0
40.779,-73.9805,0
40.6926,-73.9539,0
40.7784,-73.979,0
40.7447,-73.981,0
40.7114,-73.953,1
40.7253,-74.0002,0
40.7518,-74.0078,0
40.7208,-73.9787,0
40.7511,-73.9845,0
40.7308,-73.9853,0
40.6491,-73.9794,-1
40.7739,-73.8716,2
40.7558,-73.973,0
40.7558,-73.973,0
40.6936,-73.9326,-1
40.757,-73.9985,0
40.6722,-73.9958,-1
40.7228,-74.0047,0
40.7228,-74.0047,0
40.7538,-73.9661,0
40.6915,-73.937,-1
40.7117,-74.008,0
40.7269,-73.9854,0
40.8028,-73.9654,-1
40.6934,-73.9905,0
40.7432,-73.9964,0
40.7492,-73.9923,0
40.7278,-73.9574,1
40.7613,-73.9728,0
40.7654,-73.9793,0
40.7595,-73.9853,0
40.7196,-74.0106,0
40.7047,-74.0146,0
40.7931,-74.0044,-1
40.752,-73.8559,-1
40.7612,-73.9746,0
40.7506,-73.9868,0
40.7434,-73.9185,-1
40.7296,-73.9932,0
40.7618,-73.9656,0
40.7634,-73.9887,0
40.6866,-73.9861,0
40.7843,-73.9738,0
40.6729,-73.9601,0
40.7033,-73.9166,-1
40.7348,-74.0062,0
40.8213,-73.9047,-1
40.7437,-73.9817,0
40.7596,-73.9679,0
40.7679,-73.9854,0
40.7108,-73.9488,1
40.6704,-73.9513,-1
40.7656,-73.9625,0
40.6478,-73.9628,-1
40.7685,-73.8624,2
40.6761,-74.0166,-1
40.7679,-73.9585,0
40.7683,-73.8624,2
40.743,-74.0002,0
40.7248,-73.9935,0
40.755,-73.9691,0
40.7744,-73.964,0
40.7141,-73.9556,1
40.8096,-73.9535,-1
40.7053,-74.0165,0
40.7085,-73.9611,1
40.7147,-73.9619,1
40.7147,-73.9619,1
40.7032,-73.9941,0
40.7773,-73.9522,0
40.7552,-73.9733,0
40.7023,-73.9273,-1
40.7764,-73.9643,0
40.7764,-73.9643,0
40.6843,-73.9619,0
40.7225,-74.0636,-1
40.746,-73.9136,-1
40.74,-73.9949,0
40.7732,-73.9502,0
40.6736,-73.9814,0
40.7258,-73.992,0
40.7603,-73.9642,0
40.7327,-73.9913,0
40.6841,-73.9992,0
40.7,-74.0737,-1
40.7457,-73.9845,0
40.7225,-74.0014,0
40.6541,-73.964,-1
40.7543,-73.8965,-1
40.6546,-73.9625,-1
40.7214,-73.9988,0
40.7486,-73.9394,-1
40.7274,-74.0002,0
40.684,-73.9711,0
40.7448,-73.9569,-1
40.6902,-73.9723,0
40.7257,-74.0043,0
40.6949,-73.8474,-1
40.7019,-73.931,-1
40.7239,-73.9414,1
40.7265,-73.996,0
40.7631,-73.9743,0
40.6792,-73.9975,0
40.7147,-73.9444,1
40.7154,-74.0091,0
40.7108,-74.0101,0
40.7462,-73.9794,0
40.6719,-74.0107,-1
40.685,-73.9615,0
40.7407,-73.9897,0
40.7277,-74.0013,0
40.7305,-73.9576,1
40.7264,-73.9928,0
40.6975,-73.9364,-1
40.7495,-73.9719,0
40.7772,-73.9562,0
40.7238,-73.9881,0
40.7218,-73.9847,0
40.7403,-74.0079,0
40.7555,-74.0023,0
40.7489,-73.9865,0
40.7752,-73.9768,0
40.7545,-73.8937,-1
40.7095,-74.0065,0
40.7181,-74.0029,0
40.7259,-73.992,0
40.7662,-73.9621,0
40.7666,-73.9884,0
40.6752,-73.9661,0
40.7603,-73.9579,0
40.7162,-73.9566,1
40.7961,-73.9713,0
40.7178,-74.003,0
40.7483,-73.989,0
40.6835,-73.9541,0
40.7303,-73.9936,0
40.7661,-73.9796,0
40.7631,-73.9807,0
40.7658,-73.9769,0
40.7623,-73.9732,0
40.7312,-74.0082,0
40.7482,-74.0052,0
40.7508,-73.9958,0
40.7466,-73.9815,0
40.7181,-73.8346,-1
40.7498,-73.9705,0
40.7618,-73.9703,0
40.7623,-73.9864,0
40.7558,-73.9728,0
40.7412,-73.9978,0
40.6591,-73.9959,-1
40.7648,-73.9903,0
40.7747,-73.9884,0
40.7654,-73.978,0
40.7432,-74.0066,0
40.7206,-74.0442,-1
40.8264,-73.9402,-1
40.7641,-73.9731,0
40.7112,-73.8587,-1
40.7183,-73.9573,1
40.7736,-73.9642,0
40.7375,-74.0013,0
40.7183,-73.9599,1
40.8073,-73.967,-1
40.68,-73.9588,0
40.6778,-74.018,-1
40.7441,-74.0033,0
40.7278,-73.9911,0
40.7473,-73.9473,-1
40.7656,-73.972,0
40.744,-73.992,0
40.7136,-74.0139,0
40.6342,-73.963,-1
40.6768,-73.9801,0
40.7337,-74.0014,0
40.7344,-73.9894,0
40.7089,-74.0171,0
40.67,-73.9789,0
40.7537,-74.0036,0
40.7651,-73.9881,0
40.7684,-73.9823,0
40.7739,-73.961,0
40.7798,-73.9807,0
40.7355,-73.9757,0
40.7304,-73.9802,0
40.7786,-73.982,0
40.7182,-73.9596,1
40.7619,-73.9849,0
40.7619,-73.9849,0
40.7162,-73.9912,0
40.7478,-73.9788,0
40.7465,-73.978,0
40.7168,-74.002,0
40.7358,-73.9957,0
40.7404,-73.9755,0
40.7404,-73.9755,0
40.7645,-73.9843,0
40.7381,-73.984,0
40.7618,-73.9664,0
40.785,-73.977,0
40.7279,-74.0481,-1
40.7322,-74.0078,0
40.7054,-74.0079,0
40.7058,-74.0075,0
40.8089,-73.9583,-1
40.752,-73.9856,0
40.6897,-73.9551,0
40.744,-73.9273,-1
40.7822,-73.9804,0
40.7727,-73.9787,0
40.7697,-73.9518,0
40.6847,-73.9919,0
40.6857,-74.0024,0
40.7837,-73.9794,0
40.7876,-73.9538,0
40.752,-73.8832,-1
40.8023,-73.9392,-1
40.6996,-73.9204,-1
40.7236,-74.011,0
40.8008,-73.9712,0
40.7372,-73.9865,0
40.7084,-74.007,0
40.6836,-73.9762,0
40.6895,-73.9661,0
40.7269,-74.0453,-1
40.766,-73.9913,0
40.7421,-73.9905,0
40.7201,-73.9992,0
40.6736,-73.9672,0
40.7209,-73.9879,0
40.7894,-73.9702,0
40.6477,-73.9595,-1
40.7636,-73.9736,0
40.8065,-73.9678,-1
40.6603,-73.9343,-1
40.6603,-73.9343,-1
40.7032,-74.0142,0
40.6841,-73.9682,0
40.6748,-73.9753,0
40.6939,-73.9059,-1
40.7042,-73.9335,-1
40.7639,-73.9209,-1
40.7033,-73.9492,1
40.7959,-73.9327,-1
40.71,-73.9383,1
40.7175,-73.9559,1
40.754,-73.8817,-1
40.7572,-73.976,0
40.7117,-73.9197,-1
40.674,-73.9806,0
40.7741,-73.8729,2
40.7264,-73.9473,1
40.7458,-73.957,-1
40.7078,-74.0016,0
40.8464,-73.9399,-1
40.6926,-73.931,-1
40.7804,-73.946,0
40.754,-73.9721,0
40.6924,-73.9434,-1
40.7815,-73.9465,0
40.7105,-74.0062,0
40.8137,-73.9565,-1
40.8137,-73.9565,-1
40.7139,-73.9393,1
40.7737,-73.9557,0
40.6857,-73.9563,0
40.7456,-74.0091,0
40.7456,-74.0091,0
40.7577,-73.975,0
40.7477,-73.941,-1
40.7825,-73.949,0
40.7215,-74.0,0
40.7451,-73.9949,0
40.7708,-73.8659,2
40.7704,-73.9485,0
40.7181,-74.0149,0
40.6934,-73.9791,0
40.676,-73.9597,0
40.7409,-74.0045,0
40.7045,-74.0095,0
40.738,-73.838,-1
40.738,-73.9815,0
40.7495,-73.9917,0
40.6727,-73.9529,-1
40.7115,-74.0,0
40.7775,-73.9816,0
40.7333,-74.0045,0
40.7534,-73.9905,0
40.7238,-74.0475,-1
40.7277,-73.9801,0
40.6881,-73.9857,0
40.7483,-73.977,0
40.7324,-73.9901,0
40.8084,-73.9525,-1
40.7248,-73.9537,1
40.7008,-73.9919,0
40.8418,-73.8708,-1
40.7565,-73.9845,0
40.7105,-73.9945,0
40.8361,-73.9464,-1
40.7201,-73.96,1
40.7616,-73.9588,0
40.7309,-73.9761,0
40.6403,-73.9567,-1
40.7237,-73.9835,0
40.7657,-73.9886,0
40.7458,-73.9982,0
40.7503,-73.9945,0
40.6744,-73.9865,0
40.766,-73.8218,-1
40.7235,-73.996,0
40.7457,-73.9882,0
40.6847,-73.9777,0
40.7039,-74.0125,0
40.7548,-73.9688,0
40.7214,-73.9562,1
40.7013,-73.9292,-1
40.7613,-73.97,0
40.7364,-73.9969,0
40.6941,-73.9607,0
40.7313,-73.9749,0
40.7479,-74.0042,0
40.7714,-73.9533,0
40.7492,-73.9909,0
40.763,-73.9919,0
40.7713,-73.9895,0
40.7562,-73.9792,0
40.7438,-74.0062,0
40.7356,-73.9757,0
40.7566,-73.99,0
40.7626,-73.9822,0
40.7632,-73.9726,0
40.6567,-73.9589,-1
40.729,-74.0026,0
40.7595,-73.9943,0
40.7718,-73.9501,0
40.7033,-73.9213,-1
40.7616,-73.9662,0
40.7455,-73.9889,0
40.7646,-73.9222,-1
40.715,-73.9649,1
40.7524,-73.9934,0
40.7967,-73.9351,-1
40.7484,-73.949,-1
40.7507,-73.9705,0
40.7139,-74.0138,0
40.7375,-74.0339,-1
40.673,-73.9765,0
40.673,-73.9765,0
40.7309,-73.9787,0
40.7636,-73.9783,0
40.7324,-73.9817,0
40.7225,-73.9928,0
40.7336,-73.9951,0
40.802,-73.9673,0
40.6933,-73.9874,0
40.7142,-73.9444,1
40.775,-73.9492,0
40.7444,-73.975,0
40.743,-73.9881,0
40.7638,-73.986,0
40.7252,-73.9964,0
40.7946,-73.9666,0
40.763,-73.966,0
40.7066,-73.9434,1
40.6878,-73.9695,0
40.7683,-73.9512,0
40.7279,-73.9937,0
40.7975,-73.9679,0
40.7046,-73.9622,1
40.7094,-74.0139,0
40.8266,-73.8778,-1
40.7397,-73.9949,0
40.795,-73.9708,0
40.8175,-73.941,-1
40.6844,-73.9776,0
40.7697,-73.9874,0
40.756,-73.9731,0
40.7389,-73.849,-1
40.7445,-73.9811,0
40.7113,-73.953,1
40.7461,-73.9888,0
40.689,-73.981,0
40.7193,-73.9888,0
40.8475,-73.9419,-1
40.7416,-73.9835,0
40.6707,-73.9492,-1
40.7185,-73.9409,1
40.75,-73.9739,0
40.7725,-73.9496,0
40.7175,-73.9526,1
40.6873,-73.9569,0
40.7226,-74.0876,-1
40.6811,-73.9371,-1
40.7459,-73.9556,-1
40.7806,-73.9523,0
40.7033,-73.9261,-1
40.6754,-73.9837,0
40.7546,-73.9736,0
40.7244,-73.9975,0
40.7295,-74.0038,0
40.7404,-73.984,0
40.7149,-74.0117,0
40.719,-73.99,0
40.7336,-73.9878,0
40.7164,-73.9628,1
40.7676,-73.9705,0
40.7197,-74.006,0
40.719,-73.9644,1
40.7191,-74.0106,0
40.8559,-73.9356,-1
40.771,-73.8661,2
40.7284,-74.0026,0
40.7285,-74.0113,0
40.7679,-73.9917,0
40.7609,-73.913,-1
40.6754,-73.9976,0
40.7502,-73.9949,0
40.7487,-73.9844,0
40.7738,-73.8715,2
40.773,-73.9798,0
40.7527,-73.9812,0
40.7775,-73.9755,0
40.7501,-73.9813,0
40.7393,-73.9845,0
40.818,-73.8899,-1
40.7247,-73.818,-1
40.7706,-73.8655,2
40.716,-73.9447,1
40.7416,-73.8958,-1
40.7661,-73.9915,0
40.6754,-73.9626,0
40.7237,-73.9414,1
40.7301,-73.9805,0
40.7643,-73.9169,-1
40.7627,-73.9894,0
40.7329,-73.9957,0
40.7683,-73.8622,2
40.6705,-73.9581,-1
40.7573,-74.001,0
40.7724,-73.9509,0
40.7856,-73.9788,0
40.7723,-73.951,0
40.7518,-74.0041,0
40.7662,-73.9855,0
40.7394,-74.008,0
40.7805,-73.976,0
40.7793,-73.9532,0
40.7127,-73.9852,0
40.7037,-74.0126,0
40.7789,-73.9806,0
40.7184,-74.0073,0
40.781,-73.9594,0
40.7153,-74.0146,0
40.7743,-73.958,0
40.8161,-73.9285,-1
40.7457,-73.9883,0
40.7612,-73.968,0
40.7582,-74.0001,0
40.6889,-73.9659,0
40.715,-74.0132,0
40.707,-73.9464,1
40.7303,-73.99,0
40.7322,-73.9959,0
40.7351,-73.9761,0
40.7698,-73.9808,0
40.7764,-73.9084,-1
40.6904,-73.9879,0
40.7732,-73.9065,-1
40.7436,-73.9872,0
40.7679,-73.9071,-1
40.7255,-73.9764,0
40.7572,-73.9934,0
40.744,-73.984,0
40.6928,-73.9678,0
40.6657,-73.9761,0
40.7439,-73.9762,0
40.8155,-73.9123,-1
40.7248,-74.0037,0
40.7444,-74.0057,0
40.6937,-73.9635,0
40.7129,-73.9657,1
40.7652,-73.982,0
40.6912,-73.9521,-1
40.7095,-74.0068,0
40.7872,-73.9519,0
40.7523,-74.0055,0
40.7325,-73.9875,0
40.7463,-73.994,0
40.7087,-73.9468,1
40.7251,-74.0015,0
40.7388,-74.0088,0
40.7303,-74.0026,0
40.7593,-73.9749,0
40.7667,-73.9792,0
40.7642,-73.967,0
40.7613,-73.9993,0
40.6582,-73.9605,-1
40.6349,-73.9024,-1
40.8015,-73.9679,0
40.7329,-73.9755,0
40.724,-73.9917,0
40.6719,-74.0104,-1
40.721,-74.0008,0
40.7193,-73.9974,0
40.7466,-73.9941,0
40.7581,-73.9629,0
40.7188,-73.9486,1
40.6896,-73.9925,0
40.7642,-73.9674,0
40.7404,-73.9947,0
40.6907,-73.992,0
40.785,-73.9487,0
40.7741,-73.8725,2
40.7497,-73.9794,0
40.6779,-74.0013,0
40.7574,-73.9903,0
40.7452,-73.9868,0
40.7453,-74.0082,0
40.7114,-73.9596,1
40.7842,-73.9477,0
40.7188,-73.9406,1
40.7637,-73.9737,0
40.7332,-74.0053,0
40.7514,-73.9842,0
40.746,-73.9943,0
40.746,-73.9943,0
40.7741,-73.9628,0
40.7649,-73.9868,0
40.7699,-73.9824,0
40.7382,-74.0084,0
40.7713,-73.8662,2
40.8146,-73.9605,-1
40.7297,-73.9748,0
40.7474,-73.9722,0
40.733,-74.0072,0
40.7121,-74.0081,0
40.7474,-73.996,0
40.7024,-74.0122,0
40.7493,-73.9756,0
40.7753,-73.9842,0
40.7707,-73.957,0
40.7611,-73.9797,0
40.7566,-74.0016,0
40.7391,-74.0085,0
40.7577,-73.9752,0
40.7794,-73.9833,0
40.7639,-73.9541,0
40.7182,-73.9539,1
40.7106,-74.0111,0
40.6807,-73.9978,0
40.7332,-73.9952,0
40.7826,-73.981,0
40.7897,-73.974,0
40.7198,-74.0001,0
40.7431,-74.0077,0
40.7449,-73.9915,0
40.7565,-73.9842,0
40.6778,-73.9554,0
40.7571,-74.0014,0
40.76,-73.9698,0
40.7395,-73.9942,0
40.7591,-73.9796,0
40.6962,-73.9682,0
40.6942,-73.9334,-1
40.7138,-74.0094,0
40.7694,-73.983,0
40.672,-73.9631,0
40.7261,-73.9399,-1
40.721,-74.0427,-1
40.8016,-73.9651,-1
40.771,-73.9558,0
40.712,-73.9926,0
40.7462,-73.9777,0
40.7296,-73.9812,0
40.6865,-73.9696,0
40.752,-73.9856,0
40.7703,-73.9833,0
40.7752,-73.9536,0
40.8093,-73.9516,-1
40.6979,-73.9248,-1
40.7337,-74.0065,0
40.8033,-73.9351,-1
40.7019,-73.9942,0
40.6809,-73.9969,0
40.7156,-73.9485,1
40.782,-73.9458,0
40.7445,-74.0064,0
40.7519,-73.8206,-1
40.7642,-73.9734,0
40.7376,-74.0062,0
40.7176,-74.0034,0
40.7966,-73.963,0
40.7625,-73.9744,0
40.6977,-73.984,0
40.7598,-73.9601,0
40.7202,-73.9884,0
40.7678,-73.9915,0
40.7811,-73.9836,0
40.7278,-73.9911,0
40.7755,-73.9536,0
40.7316,-74.001,0
40.7167,-73.9894,0
40.7167,-73.9894,0
40.7312,-73.9904,0
40.7201,-73.9612,1
40.6665,-73.9818,0
40.7442,-74.0066,0
40.6915,-73.9844,0
40.7886,-73.9437,0
40.6726,-73.9337,-1
40.6528,-73.9598,-1
40.7058,-73.9215,-1
40.7242,-73.993,0
40.7542,-73.9882,0
40.7673,-73.9552,0
40.7192,-73.9933,0
40.7501,-73.9949,0
40.6745,-73.9758,0
40.7243,-73.989,0
40.6831,-73.9608,0
40.7034,-73.9927,0
40.7202,-74.0102,0
40.72,-74.0015,0
40.7098,-73.9473,1
40.7279,-73.9849,0
40.7886,-73.9552,0
40.7348,-74.044,-1
40.7578,-73.9598,0
40.7529,-74.0029,0
40.7377,-74.0,0
40.6806,-73.9376,-1
40.7338,-73.988,0
40.7624,-73.9961,0
40.7645,-73.9765,0
40.7514,-73.9936,0
40.6959,-73.9957,0
40.7206,-73.9966,0
40.7054,-74.0171,0
40.7411,-73.989,0
40.7666,-73.9648,0
40.6835,-73.9549,0
40.7114,-73.9532,1
40.7207,-73.995,0
40.761,-73.8309,-1
40.7239,-73.9982,0
40.6977,-73.9678,0
40.6653,-73.9896,0
40.7741,-73.9489,0
40.6627,-73.9438,-1
40.7501,-73.9824,0
40.7266,-74.0074,0
40.69,-73.9274,-1
40.691,-73.9077,-1
40.7219,-74.0029,0
40.7576,-73.9752,0
40.7219,-74.0043,0
40.6881,-73.966,0
40.6861,-73.9742,0
40.7684,-73.9823,0
40.7228,-73.9832,0
40.6855,-73.9748,0
40.7614,-73.9621,0
40.7325,-73.985,0
40.7565,-73.9978,0
40.7198,-73.8568,-1
40.7488,-73.99,0
40.69,-73.9157,-1
40.6632,-73.9881,0
40.7397,-74.0001,0
40.7192,-73.9852,0
40.6998,-73.9226,-1
40.7358,-73.9874,0
40.7277,-73.9984,0
40.708,-73.9324,-1
40.7093,-74.0084,0
40.7591,-73.9943,0
40.7339,-73.9868,0
40.7301,-74.0031,0
40.7237,-73.9938,0
40.746,-73.978,0
40.7161,-74.0045,0
40.7726,-73.9501,0
40.7384,-73.9899,0
40.732,-74.0007,0
40.7669,-73.9214,-1
40.6757,-73.9431,-1
40.694,-73.9959,0
40.748,-73.9572,0
40.7287,-73.9591,1
40.7446,-73.9799,0
40.7289,-74.0113,0
40.7413,-73.8828,-1
40.683,-73.9608,0
40.788,-73.9537,0
40.7479,-73.9966,0
40.7791,-73.9749,0
40.7407,-73.9821,0
40.7458,-73.9994,0
40.757,-73.9872,0
40.7248,-73.9788,0
40.7033,-73.9896,0
40.7061,-73.9356,-1
40.6899,-73.9814,0
40.7314,-73.9871,0
40.7634,-73.986,0
40.8333,-73.9406,-1
40.7598,-73.9763,0
40.7479,-73.9727,0
40.7545,-73.9717,0
40.7545,-73.9717,0
40.7742,-73.9594,0
40.7225,-73.9979,0
40.7397,-74.0081,0
40.7515,-73.9847,0
40.7533,-73.8895,-1
40.7626,-73.9968,0
40.7714,-73.9896,0
40.7485,-73.989,0
40.7958,-73.9755,0
40.7499,-73.9691,0
40.701,-73.9221,-1
40.737,-74.031,-1
40.6316,-73.935,-1
40.8032,-73.9521,-1
40.7159,-73.9578,1
40.7313,-73.9941,0
40.7255,-73.9949,0
40.7505,-73.9746,0
40.719,-73.9847,0
40.7406,-73.9898,0
40.7448,-73.9719,0
40.7226,-73.9877,0
40.7344,-73.9895,0
40.7444,-73.9918,0
40.7685,-73.9849,0
40.7639,-73.9791,0
40.7798,-73.9565,0
40.6413,-74.0246,-1
40.7621,-73.9729,0
40.744,-74.0068,0
40.7322,-73.9901,0
40.7853,-73.9349,-1
40.6999,-73.9382,-1
40.6878,-73.9694,0
40.7179,-73.9899,0
40.7569,-73.9981,0
40.6724,-74.0113,-1
40.8384,-73.8448,-1
40.6881,-73.9897,0
40.7982,-73.971,0
40.7488,-73.978,0
40.6602,-73.8305,-1
40.759,-73.9269,-1
40.7139,-73.9477,1
40.7083,-73.9484,1
40.693,-73.9505,-1
40.7529,-73.9931,0
40.733,-74.0041,0
40.7201,-73.9984,0
40.7486,-73.9886,0
40.7191,-73.9969,0
40.7517,-74.0079,0
40.6952,-73.9306,-1
40.7337,-73.987,0
40.7545,-73.9773,0
40.711,-73.9868,0
40.6999,-73.9489,-1
40.752,-73.9755,0
40.7813,-73.9495,0
40.7458,-73.9468,-1
40.752,-73.915,-1
40.7517,-74.0036,0
40.7277,-74.0025,0
40.7541,-73.9746,0
40.7109,-74.0006,0
40.7025,-73.9887,0
40.7264,-73.9892,0
40.6778,-73.9796,0
40.7026,-73.9898,0
40.7586,-73.9786,0
40.7346,-73.9786,0
40.6895,-73.9916,0
40.7199,-74.0042,0
40.7544,-73.9992,0
40.7553,-74.0027,0
40.7907,-73.9723,0
40.8308,-73.923,-1
40.7964,-73.97,0
40.8479,-73.8527,-1
40.6824,-73.918,-1
40.6799,-73.9768,0
40.7357,-74.0069,0
40.7421,-74.0047,0
40.7677,-73.9809,0
40.731,-73.9787,0
40.7138,-74.0092,0
40.7478,-74.0006,0
40.7563,-73.9971,0
40.7646,-73.9919,0
40.7713,-73.9678,0
40.7192,-73.9939,0
40.7386,-74.0018,0
40.7241,-73.9945,0
40.7504,-73.994,0
40.7293,-73.9821,0
40.7267,-73.9792,0
40.7776,-73.9532,0
40.7014,-73.9221,-1
40.71,-74.0056,0
40.7466,-73.903,-1
40.7286,-74.0037,0
40.7638,-73.9262,-1
40.7441,-73.9914,0
40.6895,-73.9452,-1
40.7495,-73.9925,0
40.7368,-73.9739,0
40.7368,-73.9739,0
40.6906,-73.9449,-1
40.7053,-74.0078,0
40.7691,-73.9813,0
40.7708,-73.9209,-1
40.7577,-73.9779,0
40.7132,-74.0141,0
40.7624,-73.9659,0
40.7278,-73.952,1
40.7785,-73.9886,0
40.7279,-73.996,0
40.7584,-73.9901,0
40.6818,-73.9584,0
40.718,-73.9929,0
40.662,-74.0952,-1
40.7647,-73.9705,0
40.7322,-73.9803,0
40.7441,-73.9743,0
40.7361,-73.9981,0
40.6882,-73.9533,0
40.7673,-73.9841,0
40.7527,-73.981,0
40.6706,-73.9872,0
40.7685,-73.8625,2
40.7648,-73.9785,0
40.714,-73.9978,0
40.75,-73.8494,-1
40.74,-74.0059,0
40.7423,-73.9063,-1
40.7624,-73.9767,0
40.7429,-73.8256,-1
40.7262,-73.9497,1
40.7651,-73.8854,-1
40.743,-73.9969,0
40.6847,-73.9453,-1
40.7297,-74.0022,0
40.6568,-74.1362,-1
40.7268,-74.0453,-1
40.7614,-73.9636,0
40.7515,-74.0038,0
40.7651,-73.9907,0
40.6883,-73.9591,0
40.7636,-73.989,0
40.7271,-73.9917,0
40.7932,-73.9675,0
40.7418,-73.9939,0
40.7467,-74.0002,0
40.6902,-73.9918,0
40.7075,-74.007,0
40.7075,-74.007,0
40.7397,-73.9952,0
40.7638,-73.9734,0
40.6695,-73.9817,0
40.7735,-73.9815,0
40.6626,-73.9593,-1
40.7395,-73.9941,0
40.7156,-74.0118,0
40.7382,-74.0045,0
40.7255,-74.0037,0
40.7566,-73.9926,0
40.6781,-73.9705,0
40.7628,-73.9679,0
40.6948,-73.9653,0
40.6994,-73.9311,-1
40.6946,-73.9961,0
40.7345,-73.9901,0
40.7438,-74.0034,0
40.7203,-74.0061,0
40.6886,-73.9888,0
40.7058,-74.0087,0
40.7635,-73.9732,0
40.7131,-73.9618,1
40.7093,-74.0138,0
40.7348,-73.9864,0
40.7771,-73.9598,0
40.7095,-74.0173,0
40.7143,-74.0062,0
40.7555,-73.9986,0
40.7326,-73.9879,0
40.6496,-73.963,-1
40.7547,-73.984,0
40.772,-73.9797,0
40.7471,-73.9413,-1
40.7067,-74.0167,0
40.7564,-73.9659,0
40.683,-73.9954,0
40.7977,-73.9395,-1
40.7477,-73.9409,-1
40.7215,-74.0022,0
40.6813,-73.9479,-1
40.6847,-73.9182,-1
40.7776,-73.9794,0
40.7521,-73.9698,0
40.7135,-73.9892,0
40.7197,-74.0008,0
40.7328,-73.9902,0
40.7158,-74.0153,0
40.7475,-74.0031,0
40.7698,-73.987,0
40.6805,-73.9777,0
40.7446,-73.981,0
40.7761,-73.9613,0
40.7253,-73.9923,0
40.672,-74.0103,-1
40.7077,-73.9673,1
40.7218,-73.958,1
40.7629,-73.9677,0
40.7751,-73.9475,0
40.7323,-74.036,-1
40.7228,-74.0001,0
40.779,-73.9624,0
40.7667,-73.9838,0
40.7448,-74.0063,0
40.7131,-73.9557,1
40.7237,-73.9777,0
40.7447,-73.981,0
40.7377,-74.002,0
40.718,-74.0153,0
40.7653,-73.9792,0
40.7518,-73.9949,0
40.7122,-73.9612,1
40.7727,-73.956,0
40.7794,-73.9811,0
40.6958,-73.9625,0
40.754,-73.9866,0
40.7243,-74.0094,0
40.857,-73.9358,-1
40.7952,-73.933,-1
40.7228,-74.0024,0
40.7806,-73.956,0
40.7709,-73.9809,0
40.7709,-73.9809,0
40.7382,-73.9839,0
40.6877,-73.9697,0
40.7178,-73.9963,0
40.7241,-73.9825,0
40.769,-73.9358,-1
40.7488,-73.9757,0
40.7594,-73.9631,0
40.7706,-73.8655,2
40.7706,-73.8655,2
40.6863,-73.8243,-1
40.7872,-73.97,0
40.7454,-74.0045,0
40.7435,-73.9728,0
40.7293,-73.9871,0
40.7369,-73.9887,0
40.6867,-73.9845,0
40.6996,-73.9524,1
40.7763,-73.9641,0
40.7526,-73.9275,-1
40.7745,-73.9799,0
40.7996,-73.97,0
40.7143,-73.9878,0
40.7107,-74.0056,0
40.7348,-73.9897,0
40.7125,-73.9492,1
40.7065,-73.9671,1
40.7447,-74.0064,0
40.726,-73.9896,0
40.7867,-73.9722,0
40.7352,-73.9932,0
40.704,-74.0144,0
40.7234,-73.9949,0
40.7653,-73.9755,0
40.7205,-73.9748,0
40.7703,-73.9188,-1
40.7336,-74.008,0
40.7147,-73.9404,1
40.7166,-74.0164,0
40.6765,-74.0131,-1
40.7604,-73.9677,0
40.7724,-73.9566,0
40.7713,-73.8664,2
40.7598,-73.9991,0
40.7435,-73.9578,-1
40.6911,-73.9251,-1
40.6915,-73.9844,0
40.7233,-73.9914,0
40.7634,-73.9725,0
40.7406,-74.0042,0
40.7388,-74.0051,0
40.7267,-73.9949,0
40.7388,-73.849,-1
40.6906,-73.9663,0
40.8052,-73.9393,-1
40.6832,-73.9719,0
40.7275,-73.9825,0
40.8012,-73.9653,-1
40.6787,-73.982,0
40.7073,-73.9584,1
40.7073,-73.9584,1
40.7312,-73.9842,0
40.7252,-74.05,-1
40.7457,-74.0057,0
40.7653,-73.9812,0
40.7457,-74.0058,0
40.7218,-73.9827,0
40.7091,-74.0022,0
40.7261,-73.9806,0
40.7388,-74.0087,0
40.7716,-73.9825,0
40.7409,-74.0029,0
40.7706,-73.8653,2
40.7811,-73.9104,-1
40.7458,-73.9722,0
40.6999,-73.9804,0
40.7618,-73.9653,0
40.6861,-73.9522,0
40.7592,-73.9851,0
40.7718,-73.9892,0
40.7481,-73.9891,0
40.7431,-74.0025,0
40.7418,-73.9786,0
40.7705,-73.9919,0
40.7019,-73.8823,-1
40.7551,-73.9737,0
40.7765,-73.9641,0
40.7584,-73.9897,0
40.7077,-74.0071,0
40.7151,-74.0137,0
40.7382,-73.9892,0
40.6411,-73.9723,-1
40.7376,-74.0041,0
40.7741,-73.9596,0
40.7252,-73.983,0
40.7718,-73.9592,0
40.7199,-73.9875,0
40.7478,-73.9966,0
40.7478,-73.9966,0
40.6929,-73.9321,-1
40.7511,-73.9691,0
40.7256,-74.0053,0
40.7873,-73.976,0
40.7805,-73.9463,0
40.7805,-73.9463,0
40.7917,-73.9648,0
40.7196,-73.8699,-1
40.7726,-73.8304,-1
40.7247,-73.9819,0
40.7761,-73.9872,0
40.7301,-73.9856,0
40.6628,-73.9441,-1
40.7553,-73.9733,0
40.7611,-73.9995,0
40.7525,-74.0059,0
40.7479,-73.9771,0
40.7258,-73.9928,0
40.7378,-74.0406,-1
40.7371,-74.0014,0
40.7865,-73.9688,0
40.7039,-73.9312,-1
40.7607,-73.9993,0
40.7621,-73.979,0
40.6749,-73.9816,0
40.7711,-73.9874,0
40.7486,-73.9891,0
40.7335,-73.9955,0
40.8294,-73.9285,-1
40.746,-73.9783,0
40.7481,-73.957,0
40.7238,-73.9895,0
40.742,-73.9906,0
40.7113,-73.9681,1
40.6647,-73.9939,-1
40.7165,-73.952,1
40.7463,-73.9791,0
40.7439,-73.9819,0
40.7126,-73.938,1
40.6684,-73.9192,-1
40.7642,-73.9791,0
40.7505,-73.9718,0
40.7146,-74.0442,-1
40.7265,-73.9939,0
40.7672,-73.9684,0
40.7542,-73.949,-1
40.7341,-73.9807,0
40.7705,-73.8653,2
40.7705,-73.8653,2
40.7264,-73.9938,0
40.71,-74.0153,0
40.7478,-73.9013,-1
40.7271,-73.9841,0
40.7074,-73.95,1
40.7706,-73.9562,0
40.7372,-73.9969,0
40.7327,-73.9878,0
40.748,-73.9778,0
40.7432,-74.0479,-1
40.6972,-73.9823,0
40.7116,-74.0171,0
40.7131,-73.9639,1
40.7342,-73.9813,0
40.6888,-73.9889,0
40.7647,-73.9613,0
40.6874,-73.9548,0
40.7256,-73.9947,0
40.7317,-74.0061,0
40.7469,-74.0097,0
40.73,-73.9853,0
40.7649,-73.9847,0
40.726,-73.9836,0
40.6887,-73.9355,-1
40.7235,-73.9885,0
40.7724,-73.9156,-1
40.7251,-73.9904,0
40.7425,-73.9569,-1
40.7387,-73.9899,0
40.7645,-73.9796,0
40.6875,-73.8315,-1
40.6567,-74.1355,-1
40.7093,-74.0019,0
40.7393,-74.0016,0
40.7686,-73.9538,0
40.6878,-73.9976,0
40.7647,-73.9784,0
40.7253,-73.9406,1
40.7793,-73.9478,0
40.7339,-74.0044,0
40.7505,-73.9973,0
40.7442,-73.9336,-1
40.6889,-73.953,0
40.761,-73.9996,0
40.7013,-73.8898,-1
40.7383,-73.9999,0
40.672,-73.9868,0
40.7165,-73.9885,0
40.774,-73.9505,0
40.774,-73.9505,0
40.8181,-73.9543,-1
40.716,-73.9931,0
40.7442,-74.003,0
40.73,-73.9997,0
40.7448,-73.9973,0
40.7791,-73.9468,0
40.7941,-73.94,-1
40.7544,-73.9657,0
40.7111,-74.0055,0
40.7265,-73.9919,0
40.7434,-73.9726,0
40.7667,-73.9382,-1
40.7457,-73.9877,0
40.7658,-73.9636,0
40.7412,-73.9786,0
40.7267,-73.9555,1
40.7133,-73.9559,1
40.6937,-73.995,0
40.7408,-74.0077,0
40.7315,-74.0006,0
40.738,-73.981,0
40.7384,-73.9901,0
40.7198,-73.9832,0
40.7186,-73.9915,0
40.7136,-73.82,-1
40.7063,-74.0089,0
40.7279,-74.0001,0
40.7282,-73.9834,0
40.7762,-73.9873,0
40.6894,-73.9869,0
40.7957,-73.9722,0
40.7624,-73.9866,0
40.7405,-74.0083,0
40.7298,-73.9998,0
40.7849,-73.9484,0
40.7185,-73.9995,0
40.6727,-73.9833,0
40.7629,-73.9769,0
40.7632,-73.9826,0
40.8121,-73.9369,-1
40.7801,-73.9878,0
40.691,-73.9354,-1
40.6721,-74.0105,-1
40.7717,-73.9089,-1
40.728,-73.8591,-1
40.7477,-74.0017,0
40.7451,-73.994,0
40.706,-73.9447,1
40.7323,-73.9965,0
40.7288,-73.9788,0
40.7607,-73.9613,0
40.6759,-73.9991,0
40.7565,-73.9854,0
40.7481,-73.957,0
40.7112,-74.0055,0
40.7737,-73.955,0
40.7181,-74.0059,0
40.6878,-73.9781,0
40.7629,-73.9914,0
40.7629,-73.9914,0
40.7075,-74.012,0
40.8322,-73.9364,-1
40.7411,-73.9789,0
40.755,-73.9724,0
40.6316,-73.9467,-1
40.6607,-73.9802,0
40.7198,-73.9917,0
40.6927,-73.9687,0
40.7348,-73.9905,0
40.7345,-73.9982,0
40.7207,-73.9968,0
40.7313,-73.9824,0
40.7021,-73.9929,0
40.729,-74.01,0
40.704,-73.9301,-1
40.7149,-74.0139,0
40.7057,-73.9271,-1
40.7429,-73.9793,0
40.8005,-73.9713,0
40.711,-74.01,0
40.7178,-73.8589,-1
40.7404,-73.9841,0
40.7212,-74.0483,-1
40.7357,-74.0051,0
40.6941,-73.9919,0
40.7497,-73.9924,0
40.774,-73.8718,2
40.7633,-73.9779,0
40.8537,-73.8724,-1
40.709,-73.9134,-1
40.8021,-73.961,-1
40.7496,-73.972,0
40.6789,-74.0111,-1
40.7498,-73.9723,0
40.7215,-73.9888,0
40.766,-73.9873,0
40.723,-74.0033,0
40.6849,-73.9557,0
40.7636,-73.982,0
40.7551,-73.9776,0
40.7086,-73.8983,-1
40.7309,-73.9991,0
40.7309,-73.9991,0
40.8051,-73.9396,-1
40.7323,-74.0078,0
40.7399,-73.9867,0
40.709,-74.0134,0
40.7364,-73.9211,-1
40.7496,-73.9921,0
40.7228,-74.0046,0
40.7223,-73.9997,0
40.7808,-73.9849,0
40.7212,-73.9811,0
40.7462,-73.9566,-1
40.7597,-73.9581,0
40.7702,-73.8648,2
40.7372,-73.9833,0
40.7199,-73.9878,0
40.7653,-73.9657,0
40.7242,-73.9826,0
40.6719,-73.9504,-1
40.7378,-74.0286,-1
40.7093,-73.9201,-1
40.7221,-74.0094,0
40.793,-73.9756,0
40.7067,-74.0074,0
40.7384,-73.9951,0
40.7246,-73.9925,0
40.7884,-73.971,0
40.7926,-73.9732,0
40.7256,-73.9789,0
40.7173,-73.9914,0
40.7152,-74.0163,0
40.7608,-73.9808,0
40.7286,-73.9941,0
40.7383,-73.9969,0
40.692,-73.9535,0
40.6748,-73.9752,0
40.7633,-73.8675,2
40.7334,-74.0048,0
40.7362,-73.9981,0
40.781,-73.949,0
40.7282,-73.993,0
40.7649,-73.9607,0
40.7242,-73.9415,1
40.7128,-73.9643,1
40.7192,-73.9972,0
40.6958,-73.9715,0
40.7041,-73.9341,-1
40.693,-74.0011,0
40.7431,-73.9847,0
40.7074,-74.01,0
40.7509,-73.9846,0
40.7447,-73.9812,0
40.7405,-74.0078,0
40.8041,-73.946,-1
40.7613,-73.9694,0
40.7648,-73.9883,0
40.7846,-73.956,0
40.7075,-73.9491,1
40.7332,-74.0076,0
40.7079,-74.0034,0
40.7349,-74.0748,-1
40.6911,-73.9976,0
40.7138,-73.9855,0
40.7349,-73.9892,0
40.6884,-73.9989,0
40.7642,-73.9542,0
40.6931,-73.9492,-1
40.6444,-73.9824,-1
40.8102,-73.9649,-1
40.7694,-73.985,0
40.7544,-73.9693,0
40.7631,-73.9806,0
40.7774,-73.9094,-1
40.7632,-73.9615,0
40.6698,-73.9737,0
40.769,-73.9824,0
40.7572,-73.9618,0
40.7075,-73.949,1
40.7029,-73.9948,0
40.7954,-73.9756,0
40.7609,-73.9976,0
40.7079,-74.008,0
40.7314,-74.0079,0
40.7018,-73.9828,0
40.7517,-73.9773,0
40.6847,-73.9732,0
40.7094,-74.012,0
40.7553,-73.9737,0
40.7591,-73.9747,0
40.742,-73.9894,0
40.742,-73.9894,0
40.7866,-73.9504,0
40.7053,-74.0137,0
40.7579,-73.9893,0
40.6724,-73.9903,0
40.7538,-73.9896,0
40.7074,-73.9492,1
40.6476,-74.0006,-1
40.7676,-73.9131,-1
40.7609,-73.9593,0
40.7415,-74.007,0
40.7481,-73.9876,0
40.7267,-73.9399,-1
40.8434,-73.8701,-1
40.8206,-73.9582,-1
40.7143,-73.9962,0
40.7147,-73.9978,0
40.76,-73.9813,0
40.719,-73.9582,1
40.7351,-73.9853,0
40.7326,-73.9876,0
40.7699,-73.9551,0
40.7254,-74.0034,0
40.774,-73.8723,2
40.7429,-73.991,0
40.7579,-73.9889,0
40.72,-73.9875,0
40.7192,-74.0052,0
40.7693,-73.9824,0
40.7142,-73.9959,0
40.7132,-73.9514,1
40.6926,-73.8581,-1
40.7664,-73.9784,0
40.7483,-73.9924,0
40.7142,-73.9959,0
40.6944,-73.9514,-1
40.8235,-73.9312,-1
40.7097,-74.0119,0
40.8146,-73.9604,-1
40.8146,-73.9604,-1
40.7005,-73.9231,-1
40.7164,-73.9507,1
40.7642,-73.9741,0
40.748,-74.0052,0
40.6883,-73.9913,0
40.7233,-73.9913,0
40.7452,-73.9714,0
40.7375,-73.9859,0
40.7676,-73.9915,0
40.7799,-73.9568,0
40.7506,-74.0019,0
40.7753,-73.9461,0
40.7625,-73.9868,0
40.7549,-73.9944,0
40.8079,-73.964,-1
40.7509,-73.9787,0
40.7333,-73.8961,-1
40.7579,-73.8686,2
40.749,-73.9927,0
40.7809,-73.9726,0
40.7169,-74.0082,0
40.7303,-73.9898,0
40.6857,-73.9916,0
40.7489,-73.9423,-1
40.7421,-74.0008,0
40.7309,-73.9923,0
40.8115,-73.9578,-1
40.7153,-74.0163,0
40.7614,-73.9738,0
40.7514,-73.9866,0
40.7952,-73.9756,0
40.7123,-73.9445,1
40.7387,-73.9941,0
40.7382,-73.9819,0
40.7228,-73.9897,0
40.7889,-73.9798,0
40.738,-73.9779,0
40.8055,-73.9656,-1
40.7254,-74.0003,0
40.7419,-73.9937,0
40.7065,-74.0096,0
40.7378,-73.9976,0
40.731,-73.9798,0
40.7078,-74.01,0
40.8075,-73.9451,-1
40.7779,-73.9887,0
40.7111,-73.9587,1
40.8561,-73.8885,-1
40.7477,-73.9963,0
40.7334,-73.9574,1
40.778,-73.9496,0
40.6922,-73.9548,0
40.749,-73.9922,0
40.677,-73.9657,0
40.6966,-73.846,-1
40.7268,-73.9835,0
40.7763,-73.9018,-1
40.7944,-73.9721,0
40.7661,-73.9332,-1
40.7053,-74.0179,0
40.744,-73.9884,0
40.7229,-74.0049,0
40.7352,-73.8923,-1
40.7975,-73.961,-1
40.7165,-73.9461,1
40.7352,-73.9946,0
40.7493,-73.8258,-1
40.758,-73.9833,0
40.7742,-73.9818,0
40.7389,-74.0091,0
40.7071,-73.9223,-1
40.751,-73.9877,0
40.7758,-73.9791,0
40.7098,-74.0089,0
40.6671,-73.9819,0
40.7254,-73.9928,0
40.7412,-73.989,0
40.8108,-73.9527,-1
40.7181,-73.9555,1
40.7263,-74.0006,0
40.7208,-73.9609,1
40.7035,-73.9847,0
40.7638,-73.958,0
40.8439,-73.9413,-1
40.7457,-73.9914,0
40.7229,-74.0001,0
40.7222,-73.9833,0
40.7133,-73.9918,0
40.7702,-73.889,-1
40.7472,-73.9973,0
40.8445,-73.9385,-1
40.7351,-74.007,0
40.6876,-73.9933,0
40.7596,-73.9683,0
40.7226,-73.9979,0
40.72,-73.9879,0
40.7932,-73.9662,0
40.7932,-73.9662,0
40.7397,-74.0424,-1
40.7617,-73.9675,0
40.7622,-73.972,0
40.778,-73.9537,0
40.7295,-73.9575,1
40.7295,-73.9575,1
40.7448,-73.9712,0
40.7314,-74.0079,0
40.7127,-73.9412,1
40.7153,-74.0078,0
40.7055,-74.0169,0
40.6371,-73.9351,-1
40.7694,-73.9146,-1
40.661,-73.9913,-1
40.7108,-74.006,0
40.7462,-73.9727,0
40.7462,-73.9727,0
40.7502,-73.9943,0
40.7328,-74.0045,0
40.7332,-73.9931,0
40.762,-73.9654,0
40.77,-73.9615,0
40.7048,-74.0151,0
40.6819,-73.9781,0
40.7231,-73.9825,0
40.7597,-73.988,0
40.66,-73.9809,0
40.7207,-73.9844,0
40.7595,-73.8871,-1
40.6625,-73.9498,-1
40.7497,-73.9925,0
40.6962,-73.943,-1
40.7634,-73.9595,0
40.7487,-73.9425,-1
40.7589,-73.9886,0
40.7322,-74.0021,0
40.7344,-73.9786,0
40.6917,-73.9199,-1
40.7117,-74.0071,0
40.7461,-73.9944,0
40.765,-73.9707,0
40.765,-73.9707,0
40.7461,-74.0072,0
40.7615,-73.9882,0
40.7699,-73.9119,-1
40.7201,-74.0105,0
40.7625,-73.9863,0
40.7367,-73.9894,0
40.6878,-73.9232,-1
40.7971,-73.9358,-1
40.7519,-73.9764,0
40.721,-73.9935,0
40.7727,-73.9776,0
40.7753,-73.9636,0
40.7862,-73.9773,0
40.7102,-74.0163,0
40.7554,-74.0033,0
40.6769,-73.9443,-1
40.7597,-73.9855,0
40.7514,-73.9987,0
40.674,-73.9568,-1
40.6887,-73.9928,0
40.7095,-73.9516,1
40.7427,-74.0074,0
40.7052,-73.9231,-1
40.8257,-73.9467,-1
40.7148,-74.0092,0
40.7607,-73.9948,0
40.7354,-73.9919,0
40.7645,-73.9679,0
40.7633,-73.9782,0
40.7223,-74.0035,0
40.7421,-74.0046,0
40.7376,-73.9968,0
40.7191,-73.9907,0
40.764,-73.9989,0
40.7458,-73.9909,0
40.741,-73.9946,0
40.7214,-73.941,1
40.7254,-73.9876,0
40.7178,-73.9579,1
40.6881,-73.9932,0
40.6881,-73.9932,0
40.7741,-73.8727,2
40.745,-73.9574,-1
40.714,-74.0138,0
40.7686,-73.9538,0
40.7561,-73.9737,0
40.7645,-73.9957,0
40.6789,-73.9215,-1
40.6722,-74.0112,-1
40.7187,-73.9619,1
40.722,-73.9971,0
40.6785,-73.9752,0
40.7687,-73.863,2
40.737,-73.9888,0
40.7183,-73.9504,1
40.7183,-73.9504,1
40.734,-74.0004,0
40.662,-73.9437,-1
40.8052,-73.9654,-1
40.7664,-73.9869,0
40.7131,-73.9957,0
40.8339,-73.9426,-1
40.7655,-73.9148,-1
40.7339,-74.0073,0
40.7649,-73.9834,0
40.7479,-73.9893,0
40.747,-73.9907,0
40.7544,-73.9694,0
40.7423,-73.9876,0
40.7607,-74.002,0
40.7756,-73.9804,0
40.7223,-74.0647,-1
40.7224,-74.0007,0
40.7699,-73.8644,2
40.7637,-73.9733,0
40.7736,-73.9549,0
40.849,-73.8623,-1
40.7367,-73.9267,-1
40.7131,-73.9565,1
40.7682,-73.8623,2
40.708,-74.0144,0
40.7776,-73.9473,0
40.7598,-73.986,0
40.7477,-74.0034,0
40.7281,-73.979,0
40.6842,-73.9951,0
40.7112,-74.0099,0
40.7797,-73.9761,0
40.7561,-73.9126,-1
40.8032,-73.9643,-1
40.7481,-73.9776,0
40.7448,-73.9889,0
40.7705,-73.8653,2
40.7598,-73.9651,0
40.7565,-73.9166,-1
40.7877,-73.8368,-1
40.7587,-73.9937,0
40.7099,-74.0126,0
40.7641,-73.9986,0
40.7613,-73.9979,0
40.7491,-73.9743,0
40.8267,-73.9447,-1
40.7812,-73.9538,0
40.7571,-73.9826,0
40.802,-73.9652,-1
40.662,-73.9439,-1
40.7797,-73.9531,0
40.7163,-73.988,0
40.7666,-73.9777,0
40.715,-74.0121,0
40.7162,-74.0168,0
40.7188,-73.9923,0
40.7027,-73.9937,0
40.7652,-73.9206,-1
40.7211,-74.001,0
40.7785,-73.9771,0
40.7785,-73.9771,0
40.6966,-73.935,-1
40.7635,-73.9796,0
40.679,-74.0018,0
40.7273,-73.9937,0
40.7165,-73.9886,0
40.7166,-73.997,0
40.7329,-74.0398,-1
40.7311,-74.005,0
40.6947,-73.9229,-1
40.7094,-74.0177,0
40.685,-73.9592,0
40.7097,-74.0104,0
40.7481,-73.9808,0
40.7519,-73.9865,0
40.7153,-74.0114,0
40.7597,-73.9886,0
40.7705,-73.8654,2
40.7705,-73.8654,2
40.808,-73.9642,-1
40.7272,-73.9808,0
40.7322,-74.0087,0
40.7637,-73.9737,0
40.6932,-73.999,0
40.7666,-73.9609,0
40.7579,-73.9603,0
40.744,-74.0064,0
40.7609,-73.8309,-1
40.7558,-73.9729,0
40.7594,-73.9919,0
40.7471,-73.9966,0
40.7597,-73.9678,0
40.7181,-73.9643,1
40.7058,-74.0053,0
40.7405,-74.0057,0
40.7615,-73.9696,0
40.7408,-74.0076,0
40.7236,-74.0081,0
40.7307,-74.0411,-1
40.7551,-73.9673,0
40.7215,-73.9886,0
40.8205,-73.955,-1
40.7736,-73.9515,0
40.6343,-73.9865,-1
40.8422,-73.9212,-1
40.7298,-73.9586,1
40.6814,-73.9477,-1
40.7644,-73.9889,0
40.7741,-73.8726,2
40.7449,-73.9949,0
40.7326,-73.9913,0
40.7234,-73.9912,0
40.7076,-73.949,1
40.7248,-73.8575,-1
40.7428,-73.979,0
40.7078,-74.0127,0
40.7196,-74.0102,0
40.6599,-73.9986,-1
40.6483,-73.9794,-1
40.7518,-73.9938,0
40.7169,-74.0019,0
40.719,-73.989,0
40.8088,-73.9461,-1
40.774,-73.8725,2
40.6725,-73.9398,-1
40.8021,-73.9613,-1
40.7238,-73.9928,0
40.8122,-73.9441,-1
40.7112,-74.0054,0
40.7689,-73.9812,0
40.7779,-73.9546,0
40.6947,-73.9672,0
40.7049,-74.0152,0
40.7421,-73.9829,0
40.6967,-73.9831,0
40.7326,-73.9983,0
40.7588,-73.977,0
40.7167,-73.9523,1
40.7146,-73.9615,1
40.7626,-73.9866,0
40.7065,-74.0066,0
40.7635,-73.9946,0
40.7397,-73.9977,0
40.7849,-73.9828,0
40.7136,-73.9972,0
40.7637,-73.9633,0
40.7404,-73.976,0
40.7679,-73.9059,-1
40.7169,-73.9544,1
40.7267,-74.003,0
40.7345,-73.9546,1
40.6951,-73.9462,-1
40.8078,-73.9656,-1
40.7422,-74.0294,-1
40.7206,-73.9834,0
40.7377,-74.0056,0
40.7234,-73.9828,0
40.7728,-73.9815,0
40.7647,-73.9837,0
40.7305,-73.9899,0
40.6892,-73.9926,0
40.6869,-73.9359,-1
40.7189,-73.9512,1
40.7558,-73.9408,-1
40.774,-73.8727,2
40.6962,-73.9894,0
40.7576,-73.9673,0
40.7237,-74.0035,0
40.8105,-73.9434,-1
40.6267,-74.0297,-1
40.7173,-73.9906,0
40.7741,-73.8729,2
40.7239,-73.982,0
40.6731,-73.9531,-1
40.7633,-73.9941,0
40.7313,-73.9968,0
40.6967,-73.983,0
40.677,-73.9986,0
40.7351,-73.9881,0
40.7076,-74.0168,0
40.7466,-74.0103,0
40.761,-73.9711,0
40.7337,-73.9809,0
40.7829,-73.9773,0
40.7408,-74.0051,0
40.7295,-73.9932,0
40.7698,-73.9841,0
40.7148,-74.0162,0
40.7212,-73.9808,0
40.7691,-73.9529,0
40.7329,-74.0031,0
40.6768,-73.9594,0
40.7153,-73.9595,1
40.668,-73.9806,0
40.7316,-73.9912,0
40.7261,-73.9918,0
40.8273,-73.9484,-1
40.7319,-74.0052,0
40.7471,-73.9814,0
40.7053,-74.0076,0
40.7301,-73.9895,0
40.7313,-73.9885,0
40.7642,-73.9779,0
40.8179,-73.9365,-1
40.7482,-73.9932,0
40.7184,-73.95,1
40.7209,-73.9937,0
40.7665,-73.9684,0
40.714,-74.0093,0
40.7421,-73.9948,0
40.7462,-74.0077,0
40.8025,-73.9623,-1
40.7653,-73.9529,0
40.7736,-73.978,0
40.7438,-73.9957,0
40.7074,-73.9505,1
40.7032,-73.9907,0
40.7284,-74.0105,0
40.7604,-73.9514,0
40.7405,-73.9774,0
40.7714,-73.9806,0
40.6881,-73.9788,0
40.7952,-73.9657,0
40.7415,-73.9812,0
40.6615,-73.9862,0
40.7399,-74.0068,0
40.7115,-73.9885,0
40.8003,-73.9694,0
40.7652,-73.9631,0
40.6402,-74.001,-1
40.7568,-74.0485,-1
40.785,-73.9791,0
40.7736,-73.9815,0
40.7157,-74.0112,0
40.7719,-73.9903,0
40.7032,-73.9854,0
40.7379,-73.9859,0
40.7458,-74.0085,0
40.7631,-73.9843,0
40.7687,-73.983,0
40.7494,-73.9946,0
40.7424,-73.9995,0
40.7437,-73.9878,0
40.69,-73.9662,0
40.7136,-73.9972,0
40.7805,-73.9766,0
40.734,-73.9811,0
40.7457,-73.9844,0
40.7281,-73.9498,1
40.7406,-74.0046,0
40.7139,-74.0137,0
40.6875,-73.9582,0
40.6878,-73.9694,0
40.7161,-74.0043,0
40.7444,-74.0002,0
40.7441,-73.9953,0
40.7625,-73.9784,0
40.763,-73.9621,0
40.7156,-73.9869,0
40.7055,-73.9152,-1
40.7,-73.991,0
40.7607,-73.9861,0
40.7175,-73.9632,1
40.7199,-73.9867,0
40.8089,-73.9583,-1
40.7365,-73.9968,0
40.7639,-73.9858,0
40.7777,-73.9794,0
40.7525,-73.9941,0
40.7767,-73.964,0
40.7751,-73.9792,0
40.8237,-73.883,-1
40.6706,-73.9891,0
40.7102,-73.8761,-1
40.77,-73.8645,2
40.7114,-73.9439,1
40.6743,-73.9845,0
40.7338,-73.9943,0
40.7242,-73.9827,0
40.6608,-73.9613,-1
40.7506,-73.9946,0
40.7451,-73.9938,0
40.8047,-73.9665,-1
40.7331,-73.9984,0
40.727,-73.9784,0
40.7385,-73.9877,0
40.7384,-73.9736,0
40.7417,-74.0038,0
40.7128,-73.9471,1
40.713,-73.9413,1
40.7435,-73.9726,0
40.7644,-73.9871,0
40.733,-73.975,0
40.8456,-73.9328,-1
40.7459,-73.9855,0
40.7752,-74.0127,-1
40.7367,-73.9972,0
40.7448,-73.9569,-1
40.7528,-73.9809,0
40.7792,-73.9809,0
40.7585,-73.9791,0
40.7213,-73.9879,0
40.7193,-73.9629,1
40.7238,-73.997,0
40.6965,-73.9952,0
40.7284,-73.9487,1
40.7185,-74.0072,0
40.693,-73.9495,-1
40.7572,-73.9937,0
40.7612,-73.9975,0
40.7198,-73.9999,0
40.7161,-74.0153,0
40.736,-73.9764,0
40.7753,-73.965,0
40.7514,-73.97,0
40.7437,-74.0062,0
40.7617,-73.9748,0
40.7118,-73.9514,1
40.7304,-73.9898,0
40.7578,-73.9604,0
40.736,-73.9752,0
40.7114,-74.0065,0
40.7518,-73.9862,0
40.7129,-74.0093,0
40.7253,-74.0068,0
40.7645,-73.973,0
40.7141,-73.9409,1
40.8107,-73.9601,-1
40.7672,-73.966,0
40.6656,-73.9943,-1
40.7739,-73.8724,2
40.7379,-73.9826,0
40.7018,-74.0119,0
40.7226,-73.997,0
40.7774,-73.9809,0
40.6863,-73.824,-1
40.779,-73.9523,0
40.7693,-73.9595,0
40.7085,-73.8689,-1
40.7483,-74.0055,0
40.7383,-73.9853,0
40.7349,-73.9912,0
40.7072,-73.9673,1
40.7058,-74.0099,0
40.7076,-74.0083,0
40.7069,-74.0049,0
40.7535,-73.9344,-1
40.7533,-73.9793,0
40.7439,-73.9813,0
40.7547,-73.9867,0
40.771,-73.949,0
40.726,-73.9975,0
40.718,-73.9595,1
40.7402,-73.9949,0
40.7457,-74.0053,0
40.7647,-73.9585,0
40.7635,-73.9597,0
40.7443,-73.9947,0
40.7366,-73.9907,0
40.73,-73.9556,1
40.7747,-73.963,0
40.7374,-73.9873,0
40.6721,-73.982,0
40.7219,-73.9871,0
40.7625,-73.9788,0
40.7722,-73.9672,0
40.718,-74.0147,0
40.7344,-73.9959,0
40.737,-74.0312,-1
40.7755,-73.9806,0
40.7345,-73.9923,0
40.7375,-73.9892,0
40.7166,-74.0148,0
40.729,-73.9814,0
40.7645,-73.9855,0
40.7251,-74.0495,-1
40.7316,-74.0007,0
40.6857,-73.988,0
40.6587,-73.9907,-1
40.7039,-74.011,0
40.7559,-73.9726,0
40.685,-73.9613,0
40.753,-73.9813,0
40.689,-73.9523,0
40.7172,-74.0082,0
40.742,-74.004,0
40.6689,-73.9586,-1
40.7161,-73.9429,1
40.7489,-74.003,0
40.7387,-73.9885,0
40.7141,-74.0124,0
40.7898,-73.8143,-1
40.7562,-73.9971,0
40.7117,-73.9428,1
40.7354,-74.0045,0
40.7601,-73.9697,0
40.8023,-73.9587,-1
40.7331,-73.9961,0
40.7485,-74.0057,0
40.7526,-73.9933,0
40.7273,-73.9489,1
40.8054,-73.9498,-1
40.6875,-73.9707,0
40.7653,-73.9752,0
40.7374,-73.9912,0
40.7641,-73.9739,0
40.7381,-73.9901,0
40.7519,-73.9696,0
40.6675,-73.9399,-1
40.7152,-74.0103,0
40.7306,-74.0028,0
40.7573,-73.913,-1
40.74,-74.0007,0
40.7236,-74.0112,0
40.6955,-73.9349,-1
40.6777,-74.0004,0
40.7038,-74.0111,0
40.6723,-73.9956,-1
40.683,-73.9648,0
40.7941,-73.9664,0
40.7299,-73.9748,0
40.7073,-73.9522,1
40.7095,-74.0174,0
40.7603,-73.9676,0
40.7572,-73.9933,0
40.6678,-73.9837,0
40.7822,-73.9803,0
40.7309,-74.0058,0
40.7654,-73.9805,0
40.6379,-74.032,-1
40.7201,-73.9827,0
40.6814,-73.9768,0
40.7788,-73.9822,0
40.7404,-74.0042,0
40.7742,-73.963,0
40.7214,-74.0099,0
40.7236,-74.0108,0
40.7605,-73.9956,0
40.7464,-73.9725,0
40.7643,-73.9544,0
40.721,-73.9454,1
40.7021,-73.9829,0
40.7021,-73.9829,0
40.7425,-73.9806,0
40.7792,-73.951,0
40.7417,-73.9526,-1
40.7529,-73.9702,0
40.7488,-74.0083,0
40.6325,-74.0303,-1
40.7644,-73.9687,0
40.7145,-74.0088,0
40.6782,-73.9672,0
40.6721,-73.9904,0
40.7506,-73.9976,0
40.7729,-73.9496,0
40.721,-73.9963,0
40.7684,-73.8623,2
40.6969,-73.9746,0
40.6956,-73.9265,-1
40.7708,-73.8654,2
40.7478,-74.0081,0
40.7744,-73.8714,2
40.7226,-74.0038,0
40.7616,-73.8312,-1
40.7179,-73.9594,1
40.7661,-73.9913,0
40.7255,-74.0042,0
40.7055,-74.0172,0
40.769,-73.9886,0
40.8341,-73.9468,-1
40.7206,-73.9814,0
40.7404,-73.9889,0
40.7288,-74.0052,0
40.7623,-73.9591,0
40.6935,-73.9395,-1
40.7611,-74.0296,-1
40.7238,-74.0038,0
40.7433,-73.9743,0
40.683,-74.0012,0
40.7405,-74.0084,0
40.7182,-74.015,0
40.7046,-74.0144,0
40.7324,-73.854,-1
40.7101,-74.0092,0
40.7278,-73.996,0
40.7164,-74.0134,0
40.6931,-73.9311,-1
40.7225,-73.9942,0
40.6685,-73.9814,0
40.7442,-74.0066,0
40.7528,-73.9892,0
40.734,-73.9775,0
40.7075,-73.9293,-1
40.7382,-74.0059,0
40.7533,-73.9669,0
40.6474,-74.0143,-1
40.6859,-73.9735,0
40.7293,-73.9576,1
40.7754,-73.9461,0
40.7253,-73.9498,1
40.7197,-74.007,0
40.7327,-73.9763,0
40.708,-74.0033,0
40.7623,-73.9763,0
40.656,-73.9053,-1
40.74,-73.9742,0
40.808,-73.9555,-1
40.7329,-74.0042,0
40.8147,-73.8653,-1
40.7257,-73.9925,0
40.7388,-74.0092,0
40.7592,-73.9679,0
40.7388,-74.0082,0
40.7601,-73.9598,0
40.7217,-74.005,0
40.7525,-74.0276,-1
40.7432,-73.9744,0
40.684,-73.9793,0
40.7213,-73.9574,1
40.7509,-73.9907,0
40.7155,-73.9849,0
40.7518,-73.9866,0
40.6908,-73.9091,-1
40.7544,-73.9916,0
40.6697,-73.9908,0
40.7237,-73.9796,0
40.715,-74.0023,0
40.6779,-73.9796,0
40.7334,-73.988,0
40.7312,-73.9823,0
40.672,-73.9868,0
40.7637,-73.9926,0
40.7147,-73.9446,1
40.6551,-74.0091,-1
40.6723,-73.9707,0
40.8155,-73.9384,-1
40.7241,-74.0002,0
40.7211,-73.9584,1
40.7459,-73.8473,-1
40.6695,-73.9555,-1
40.795,-73.9764,0
40.7451,-73.9786,0
40.7715,-73.9533,0
40.7917,-73.9689,0
40.7309,-73.983,0
40.7963,-73.9363,-1
40.7381,-73.9893,0
40.6865,-73.9595,0
40.7851,-73.975,0
40.7389,-73.983,0
40.7752,-73.9775,0
40.7679,-73.9568,0
40.7741,-73.8727,2
40.7234,-73.9829,0
40.7669,-73.9343,-1
40.7346,-73.8646,-1
40.7392,-73.9829,0
40.7108,-73.9445,1
40.7241,-73.9917,0
40.7214,-73.9879,0
40.7611,-73.9657,0
40.7448,-74.0034,0
40.7291,-73.9892,0
40.7267,-74.0,0
40.7804,-73.9874,0
40.7406,-74.0043,0
40.7579,-73.9749,0
40.744,-73.974,0
40.7198,-74.0015,0
40.6896,-73.9694,0
40.781,-73.9813,0
40.6974,-73.9968,0
40.7314,-74.0357,-1
40.7854,-73.9757,0
40.7801,-73.9749,0
40.7436,-73.9808,0
40.741,-73.9766,0
40.765,-73.9746,0
40.7395,-73.9851,0
40.7642,-73.979,0
40.7273,-73.9789,0
40.7665,-73.9841,0
40.6915,-73.9845,0
40.8133,-73.9414,-1
40.7716,-73.9614,0
40.7747,-73.9901,0
40.6997,-73.9869,0
40.6932,-73.9681,0
40.7359,-74.0057,0
40.7266,-74.0027,0
40.7813,-73.9495,0
40.7419,-74.0051,0
40.7234,-74.0034,0
40.7261,-74.0091,0
40.7814,-73.9577,0
40.6488,-73.9774,-1
40.7984,-73.935,-1
40.6761,-73.9566,0
40.728,-73.9868,0
40.6345,-73.966,-1
40.7951,-73.9226,-1
40.7624,-73.9129,-1
40.7346,-73.9998,0
40.7206,-73.995,0
40.7276,-73.8601,-1
40.726,-73.9407,1
40.687,-73.9242,-1
40.7192,-73.9644,1
40.7292,-73.9575,1
40.774,-73.8725,2
40.7391,-73.9817,0
40.6752,-73.9892,0
40.7616,-73.9827,0
40.7739,-73.8726,2
40.7043,-74.0063,0
40.7209,-73.9867,0
40.7784,-73.9524,0
40.7172,-74.0145,0
40.7568,-73.9743,0
40.7073,-74.0075,0
40.7786,-73.9616,0
40.72,-73.9474,1
40.7419,-73.976,0
40.7863,-73.9687,0
40.7603,-73.9693,0
40.8237,-73.8829,-1
40.7354,-74.0004,0
40.794,-73.9198,-1
40.7621,-73.9745,0
40.7126,-73.9657,1
40.7479,-73.9857,0
40.7031,-73.9854,0
40.745,-73.9939,0
40.7047,-74.0095,0
40.7177,-73.9477,1
40.7758,-73.9559,0
40.7143,-73.9518,1
40.782,-73.9818,0
40.7153,-74.0163,0
40.7451,-73.9768,0
40.7628,-73.9732,0
40.7648,-73.974,0
40.7198,-73.9603,1
40.7405,-74.0057,0
40.741,-73.995,0
40.6826,-73.9629,0
40.7196,-73.9607,1
40.7123,-74.009,0
40.7575,-73.9716,0
40.7239,-74.0003,0
40.7856,-73.9841,0
40.7455,-73.9855,0
40.7716,-73.9676,0
40.7182,-73.964,1
40.7369,-73.9941,0
40.6792,-73.9252,-1
40.7326,-73.9849,0
40.7142,-73.9878,0
40.7468,-73.9926,0
40.7078,-73.956,1
40.7254,-73.989,0
40.7736,-73.872,2
40.7596,-73.9659,0
40.7648,-73.9665,0
40.7679,-73.9566,0
40.7257,-74.0056,0
40.7028,-73.9941,0
40.666,-73.9824,0
40.7925,-74.0421,-1
40.6916,-73.9977,0
40.6985,-73.9588,0
40.7193,-73.9587,1
40.7957,-73.9732,0
40.8483,-73.844,-1
40.7423,-74.0063,0
40.7641,-73.979,0
40.7429,-73.9377,-1
40.7458,-73.9752,0
40.7294,-73.9779,0
40.7265,-73.9863,0
40.7308,-74.006,0
40.7977,-73.9613,-1
40.7204,-73.9892,0
40.7647,-73.9781,0
40.6797,-73.9786,0
40.6813,-73.9965,0
40.7649,-73.9803,0
40.7346,-73.9847,0
40.7443,-73.8678,-1
40.7768,-73.9629,0
40.7116,-74.0103,0
40.753,-74.0039,0
40.6789,-73.9975,0
40.6754,-73.9681,0
40.7109,-73.9214,-1
40.7076,-74.0143,0
40.7273,-74.0003,0
40.7725,-73.9607,0
40.7505,-73.9946,0
40.7157,-73.9898,0
40.7491,-73.9762,0
40.7524,-73.9933,0
40.7685,-73.958,0
40.7395,-73.9825,0
40.6944,-73.9389,-1
40.6858,-73.984,0
40.808,-73.9555,-1
40.7295,-73.9804,0
40.7515,-73.9694,0
40.7232,-73.9565,1
40.7435,-73.986,0
40.7759,-73.9624,0
40.718,-74.0061,0
40.7182,-73.9539,1
40.7708,-73.953,0
40.7561,-73.9717,0
40.6478,-73.9158,-1
40.7382,-73.9881,0
40.7401,-73.9907,0
40.7435,-73.9586,-1
40.7266,-73.9867,0
40.7853,-73.9794,0
40.7607,-73.9696,0
40.7419,-73.9908,0
40.762,-73.9776,0
40.7327,-74.0038,0
40.7407,-73.9984,0
40.7491,-73.9824,0
40.7255,-74.0057,0
40.713,-74.0356,-1
40.686,-73.9725,0
40.7762,-73.9623,0
40.7139,-74.0074,0
40.6543,-73.9308,-1
40.849,-73.8884,-1
40.7115,-74.0154,0
40.7165,-73.9668,1
40.7759,-73.9532,0
40.7897,-73.9544,0
40.697,-73.9977,0
40.7256,-74.0055,0
40.767,-73.9536,0
40.7445,-73.9568,-1
40.7482,-73.9913,0
40.7365,-73.9887,0
40.7691,-73.9671,0
40.7355,-74.0039,0
40.7617,-73.9906,0
40.745,-73.977,0
40.6678,-73.9904,0
40.7084,-74.0066,0
40.7606,-73.9582,0
40.7715,-73.9655,0
40.7687,-73.8673,2
40.6778,-73.969,0
40.7413,-74.0083,0
40.7548,-73.98,0
40.7298,-73.9809,0
40.7478,-73.9827,0
40.7405,-73.9892,0
40.7686,-73.8624,2
40.7785,-73.9781,0
40.7454,-73.9938,0
40.7709,-73.9531,0
40.8177,-73.9382,-1
40.7116,-74.0158,0
40.7433,-74.0031,0
40.7112,-74.0056,0
40.7089,-74.0054,0
40.7654,-73.9934,0
40.7172,-74.0145,0
40.7624,-73.9769,0
40.7261,-73.9918,0
40.7212,-73.9564,1
40.7779,-73.9439,0
40.7448,-73.9892,0
40.6936,-73.9645,0
40.7561,-73.9717,0
40.7348,-73.9865,0
40.688,-73.9618,0
40.6589,-73.9925,-1
40.748,-74.0009,0
40.7654,-73.9702,0
40.7842,-73.9834,0
40.7043,-74.0096,0
40.7787,-73.9605,0
40.7487,-74.0314,-1
40.7627,-73.9968,0
40.7784,-73.947,0
40.7373,-73.9386,-1
40.7278,-73.9506,1
40.7626,-73.976,0
40.7141,-74.0093,0
40.7594,-73.9726,0
40.7333,-73.9935,0
40.7214,-73.9866,0
40.7236,-74.0108,0
40.7776,-73.946,0
40.8282,-73.9418,-1
40.7942,-73.9349,-1
40.8058,-73.9545,-1
40.6801,-73.9745,0
40.7336,-73.9919,0
40.7372,-74.0015,0
40.712,-74.0054,0
40.7748,-73.9886,0
40.7211,-73.9963,0
40.7143,-73.9608,1
40.7697,-73.981,0
40.724,-73.9968,0
40.7452,-73.9886,0
40.7194,-74.0041,0
40.7305,-73.9935,0
40.727,-74.0002,0
40.7194,-73.9543,1
40.7351,-74.0025,0
40.6845,-73.992,0
40.7183,-73.8497,-1
40.7193,-73.9583,1
40.6734,-73.9339,-1
40.732,-73.9839,0
40.7728,-73.9477,0
40.7451,-74.0039,0
40.7195,-73.9439,1
40.762,-73.9574,0
40.7388,-74.0066,0
40.7772,-73.9522,0
40.7446,-73.9853,0
40.7458,-74.0057,0
40.8062,-73.9496,-1
40.747,-73.9937,0
40.7642,-73.9989,0
40.7048,-74.0152,0
40.742,-73.9966,0
40.7536,-73.9748,0
40.7313,-73.9842,0
40.7545,-73.9937,0
40.7552,-74.0025,0
40.726,-73.9797,0
40.7101,-73.963,1
40.7728,-73.9525,0
40.7095,-74.0112,0
40.6798,-73.9745,0
40.7686,-73.8629,2
40.7572,-73.9719,0
40.682,-73.916,-1
40.7285,-73.9908,0
40.7415,-73.9812,0
40.6899,-73.9923,0
40.8049,-73.9527,-1
40.7141,-74.0133,0
40.7907,-73.9723,0
40.7955,-73.9317,-1
40.7712,-73.9886,0
40.7231,-73.9976,0
40.7172,-74.0126,0
40.7213,-73.9421,1
40.729,-73.9886,0
40.6863,-73.9705,0
40.7172,-73.9552,1
40.7602,-73.9805,0
40.7247,-73.9987,0
40.76,-73.9612,0
40.7664,-73.9838,0
40.6905,-73.9844,0
40.7666,-73.9572,0
40.7334,-73.9818,0
40.7822,-73.9791,0
40.7104,-74.0116,0
40.7811,-73.9533,0
40.7684,-73.9528,0
40.7324,-74.0097,0
40.7758,-73.9788,0
40.7514,-73.9937,0
40.7383,-73.9892,0
40.7438,-74.007,0
40.6215,-74.0155,-1
40.8007,-73.9487,-1
40.7205,-73.9947,0
40.6861,-73.9825,0
40.6932,-73.9684,0
40.7988,-73.9359,-1
40.7902,-73.9659,0
40.7089,-74.0164,0
40.7389,-74.0304,-1
40.6803,-73.9682,0
40.7201,-73.9943,0
40.8099,-73.9589,-1
40.7372,-73.9257,-1
40.7377,-74.0054,0
40.6646,-73.9786,0
40.6897,-73.9801,0
40.6723,-74.0115,-1
40.7167,-73.961,1
40.7707,-73.9816,0
40.6826,-73.9717,0
40.6794,-73.9111,-1
40.8182,-73.9462,-1
40.7327,-73.9876,0
40.7203,-73.9616,1
40.7241,-74.0023,0
40.825,-73.8839,-1
40.7205,-73.9594,1
40.7431,-73.9989,0
40.729,-73.9753,0
40.8295,-73.9284,-1
40.7478,-73.9565,-1
40.7644,-73.9774,0
40.7294,-73.9576,1
40.6945,-73.95,-1
40.6786,-74.0116,-1
40.7627,-73.9746,0
40.7245,-73.9818,0
40.8001,-73.9532,-1
40.767,-73.9215,-1
40.7111,-74.0172,0
40.7106,-73.9655,1
40.6354,-74.0033,-1
40.7512,-73.9873,0
40.6331,-74.0282,-1
40.7602,-73.9815,0
40.7537,-73.9949,0
40.7601,-73.9955,0
40.7615,-73.9998,0
40.7295,-74.0017,0
40.781,-73.9727,0
40.7506,-74.0022,0
40.7037,-73.9906,0
40.7234,-73.9912,0
40.7242,-74.0034,0
40.7249,-73.9949,0
40.6717,-73.9778,0
40.6749,-73.9816,0
40.6757,-73.964,0
40.7241,-74.0035,0
40.7891,-73.9704,0
40.7022,-73.9829,0
40.7546,-73.9938,0
40.7475,-74.0366,-1
40.7279,-73.9538,1
40.7428,-73.9985,0
40.7631,-73.9146,-1
40.8216,-73.915,-1
40.7331,-73.9998,0
40.7331,-73.9998,0
40.7281,-73.9865,0
40.7497,-73.9795,0
40.7613,-73.9741,0
40.7646,-73.9747,0
40.7605,-73.9897,0
40.7352,-74.0086,0
40.6933,-73.9995,0
40.7247,-73.9957,0
40.8091,-73.9575,-1
40.6283,-73.984,-1
40.6283,-73.984,-1
40.7371,-73.9889,0
40.7324,-73.9769,0
40.7752,-73.9651,0
40.742,-74.0039,0
40.718,-73.95,1
40.6777,-73.9518,-1
40.7445,-73.9876,0
40.6814,-73.9274,-1
40.7118,-73.9428,1
40.7358,-74.0063,0
40.718,-73.9595,1
40.7096,-74.0149,0
40.6891,-73.9526,0
40.8516,-73.8821,-1
40.6719,-74.0102,-1
40.8426,-73.9211,-1
40.7266,-73.9775,0
40.7672,-73.9271,-1
40.6314,-73.9655,-1
40.6598,-73.981,0
40.7648,-73.9779,0
40.7452,-73.9939,0
40.7422,-73.9863,0
40.749,-73.9926,0
40.7155,-74.0057,0
40.7742,-73.983,0
40.7942,-73.9407,-1
40.7452,-74.0025,0
40.757,-73.9936,0
40.7333,-73.9955,0
40.7739,-73.8728,2
40.7173,-73.9629,1
40.7738,-73.9541,0
40.7273,-73.981,0
40.8117,-73.9517,-1
40.7339,-73.8709,-1
40.774,-73.873,2
40.7078,-74.0016,0
40.7215,-73.9991,0
40.7262,-73.9917,0
40.7676,-73.9914,0
40.811,-73.9643,-1
40.7275,-74.0012,0
40.8292,-73.9489,-1
40.7295,-73.9863,0
40.6614,-73.8402,-1
40.6427,-74.002,-1
40.7302,-73.9778,0
40.7724,-73.9821,0
40.73,-73.9993,0
40.793,-73.9732,0
40.7639,-73.9852,0
40.7382,-73.9951,0
40.6702,-73.9788,0
40.7768,-73.962,0
40.759,-73.9798,0
40.7301,-73.9806,0
40.7725,-73.9811,0
40.7423,-73.9933,0
40.6761,-73.941,-1
40.7799,-73.9144,-1
40.8349,-73.9461,-1
40.6647,-73.9516,-1
40.7581,-73.9757,0
40.7581,-73.9757,0
40.7804,-73.9761,0
40.7221,-73.9814,0
40.6844,-73.9779,0
40.8066,-73.9606,-1
40.7374,-73.9912,0
40.7641,-73.9772,0
40.7607,-73.9759,0
40.8464,-73.9402,-1
40.7041,-73.9338,-1
40.7809,-73.9529,0
40.7455,-73.9911,0
40.7863,-73.9762,0
40.7375,-73.9931,0
40.7371,-73.9828,0
40.7237,-73.9894,0
40.8279,-73.9495,-1
40.7447,-73.9968,0
40.7827,-73.9793,0
40.7572,-73.9628,0
40.6859,-73.9396,-1
40.6722,-73.9075,-1
40.7589,-73.9169,-1
40.7207,-73.9851,0
40.774,-73.8728,2
40.8552,-73.8775,-1
40.7511,-73.9848,0
40.7433,-73.9542,-1
40.7763,-73.9108,-1
40.7665,-73.8852,-1
40.7782,-73.9522,0
40.6314,-74.0277,-1
40.7406,-73.9819,0
40.7714,-73.9535,0
40.7266,-73.9884,0
40.7057,-73.9337,-1
40.7621,-73.921,-1
40.693,-73.9886,0
40.7519,-73.9937,0
40.7217,-74.0024,0
40.8125,-73.9507,-1
40.7326,-74.0092,0
40.7656,-73.9629,0
40.72,-73.9627,1
40.7357,-74.006,0
40.7232,-73.9976,0
40.8059,-73.9429,-1
40.739,-73.9931,0
40.749,-74.0322,-1
40.7096,-74.0114,0
40.7747,-73.9655,0
40.7203,-74.0,0
40.7564,-73.9731,0
40.6714,-73.9569,-1
40.7469,-73.9959,0
40.7141,-73.9558,1
40.7119,-73.9511,1
40.6952,-73.9443,-1
40.7325,-74.0099,0
40.7223,-74.0115,0
40.701,-73.893,-1
40.7292,-73.9856,0
40.7358,-73.9874,0
40.672,-73.9733,0
40.7392,-73.9952,0
40.7371,-73.9831,0
40.7457,-73.9572,-1
40.7272,-73.9997,0
40.7279,-73.979,0
40.7405,-74.0078,0
40.6996,-74.1026,-1
40.6932,-73.9535,0
40.7223,-74.0114,0
40.7163,-73.9519,1
40.6439,-73.9902,-1
40.7604,-73.9875,0
40.7147,-73.9968,0
40.7034,-74.0112,0
40.7723,-73.9567,0
40.7416,-73.9813,0
40.6908,-73.9665,0
40.7103,-73.9894,0
40.7083,-74.0056,0
40.7454,-73.991,0
40.7685,-73.8625,2
40.7312,-74.0068,0
40.7787,-73.9622,0
40.6884,-73.926,-1
40.7222,-73.9953,0
40.7263,-74.0025,0
40.8539,-73.9393,-1
40.7348,-74.0001,0
40.7171,-74.0476,-1
40.7308,-73.9954,0
40.7567,-73.9253,-1
40.7648,-73.9253,-1
40.7432,-73.9903,0
40.7233,-74.0064,0
40.7703,-73.865,2
40.8036,-73.9555,-1
40.7351,-73.9892,0
40.7646,-73.973,0
40.7273,-74.0016,0
40.7225,-74.0037,0
40.7239,-74.0027,0
40.7518,-73.9816,0
40.7611,-73.998,0
40.7096,-74.0114,0
40.7393,-73.9821,0
40.7328,-73.9521,1
40.7308,-73.9954,0
40.716,-74.01,0
40.75,-73.8624,-1
40.7025,-73.9931,0
40.6928,-73.9678,0
40.732,-74.0079,0
40.7248,-73.9921,0
40.7203,-74.0032,0
40.7098,-73.9619,1
40.7336,-74.0045,0
40.7557,-73.9791,0
40.6936,-73.9885,0
40.7406,-73.9788,0
40.7727,-73.9257,-1
40.7185,-73.9887,0
40.6846,-73.9447,-1
40.7614,-73.9606,0
40.7295,-73.9997,0
40.7295,-73.9997,0
40.7124,-73.9626,1
40.7839,-73.9587,0
40.7561,-73.963,0
40.7322,-73.9893,0
40.8106,-73.9598,-1
40.7249,-73.9815,0
40.7247,-73.9918,0
40.6791,-73.9832,0
40.7553,-74.0026,0
40.6719,-74.0106,-1
40.7608,-73.9989,0
40.7184,-73.9572,1
40.789,-73.9766,0
40.6627,-73.9432,-1
40.6839,-73.9762,0
40.7127,-73.9652,1
40.7127,-73.9652,1
40.802,-73.958,-1
40.71,-73.9625,1
40.668,-73.9357,-1
40.7702,-73.9821,0
40.7484,-74.0075,0
40.7146,-74.0092,0
40.7282,-74.0703,-1
40.7642,-73.9214,-1
40.7215,-73.982,0
40.6861,-73.9633,0
40.7651,-73.9614,0
40.8577,-73.8867,-1
40.6461,-74.0119,-1
40.7304,-73.9807,0
40.6924,-73.9426,-1
40.7801,-73.9593,0
40.6378,-73.9996,-1
40.7458,-73.994,0
40.7252,-74.0004,0
40.7862,-73.981,0
40.6891,-73.9527,0
40.7678,-73.9915,0
40.8047,-73.9389,-1
40.7313,-73.982,0
40.7748,-73.981,0
40.7666,-73.9683,0
40.7266,-73.9884,0
40.703,-73.9943,0
40.8173,-73.9422,-1
40.7376,-73.9903,0
40.6979,-73.8665,-1
40.6365,-73.9613,-1
40.7828,-73.9797,0
40.6913,-73.9848,0
40.6914,-73.9995,0
40.736,-74.0406,-1
40.7216,-73.9808,0
40.7454,-73.9717,0
40.7469,-74.0015,0
40.7074,-74.004,0
40.6748,-73.9752,0
40.7293,-73.9859,0
40.816,-73.9353,-1
40.7441,-73.9837,0
40.7301,-73.9996,0
40.7554,-73.9769,0
40.7256,-73.9788,0
40.7449,-73.9739,0
40.7276,-73.9833,0
40.7763,-73.9483,0
40.7102,-73.9634,1
40.6857,-73.9673,0
40.6642,-73.9772,0
40.6615,-73.9971,-1
40.6615,-73.9971,-1
40.7521,-73.9902,0
40.7296,-73.9881,0
40.6816,-73.9578,0
40.711,-73.9526,1
40.6896,-73.9925,0
40.7628,-73.981,0
40.7627,-73.9776,0
40.7208,-73.9973,0
40.7688,-73.9869,0
40.7879,-73.9474,0
40.6972,-73.8665,-1
40.7271,-74.0019,0
40.7684,-73.8626,2
40.7372,-74.0015,0
40.7604,-73.9577,0
40.7604,-73.9577,0
40.729,-73.9886,0
40.7228,-73.9982,0
40.7471,-73.987,0
40.7292,-74.0025,0
40.7566,-73.992,0
40.7246,-73.9907,0
40.7637,-73.9577,0
40.7107,-73.9573,1
40.7545,-73.9912,0
40.6551,-73.9751,-1
40.6551,-73.9751,-1
40.7828,-73.9554,0
40.7374,-73.974,0
40.7335,-74.004,0
40.7338,-73.9776,0
40.7501,-73.9878,0
40.7782,-73.9524,0
40.7248,-74.0079,0
40.764,-73.9864,0
40.7412,-74.0053,0
40.6722,-74.0112,-1
40.6926,-73.9032,-1
40.7136,-73.9799,0
40.853,-73.9355,-1
40.6817,-73.9574,0
40.6807,-73.9776,0
40.7421,-73.9936,0
40.7555,-73.913,-1
40.7198,-73.9828,0
40.7645,-73.9783,0
40.7339,-74.01,0
40.7174,-73.9629,1
40.7161,-73.9656,1
40.6767,-73.9387,-1
40.7344,-74.0046,0
40.6776,-73.9724,0
40.698,-73.9266,-1
40.7882,-73.9701,0
40.7279,-73.9945,0
40.7455,-73.9258,-1
40.7619,-73.9654,0
40.7523,-73.8165,-1
40.7405,-73.9888,0
40.7631,-73.9808,0
40.7367,-73.9908,0
40.7376,-74.0064,0
40.7468,-73.9745,0
40.6936,-73.9709,0
40.7181,-73.9551,1
40.778,-73.954,0
40.778,-73.954,0
40.6826,-73.9569,0
40.7578,-73.9864,0
40.7057,-73.9049,-1
40.7687,-73.9288,-1
40.7152,-74.0095,0
40.7283,-73.9869,0
40.7536,-73.9737,0
40.6835,-73.9971,0
40.7285,-73.9943,0
40.7438,-73.9879,0
40.8438,-73.9414,-1
40.8438,-73.9414,-1
40.7236,-73.993,0
40.7384,-73.9858,0
40.7263,-74.0463,-1
40.6919,-73.9637,0
40.7778,-73.9535,0
40.7238,-73.9928,0
40.6944,-73.9499,-1
40.7571,-73.9675,0
40.713,-73.9524,1
40.7035,-73.9906,0
40.719,-73.9893,0
40.7569,-73.9937,0
40.7634,-73.9625,0
40.7178,-74.0041,0
40.6871,-73.956,0
40.7619,-73.9664,0
40.7275,-74.0005,0
40.6972,-73.9302,-1
40.7913,-73.9533,0
40.7262,-74.0091,0
40.73,-74.0007,0
40.7301,-74.0033,0
40.7647,-73.9665,0
40.7546,-73.9743,0
40.6775,-73.983,0
40.7235,-73.9507,1
40.7692,-73.9676,0
40.7598,-73.9208,-1
40.722,-73.96,1
40.7038,-73.9427,1
40.7514,-74.0034,0
40.7602,-73.9669,0
40.7602,-73.9669,0
40.7213,-73.9835,0
40.6318,-74.0075,-1
40.6318,-74.0075,-1
40.6727,-73.9866,0
40.7373,-74.0017,0
40.7369,-73.9862,0
40.7346,-74.0016,0
40.8284,-73.9036,-1
40.7104,-73.9659,1
40.7235,-73.9985,0
40.7035,-73.9896,0
40.845,-73.9377,-1
40.6966,-73.9646,0
40.7455,-73.994,0
40.6871,-73.9561,0
40.7739,-73.8726,2
40.748,-74.0042,0
40.7602,-73.9302,-1
40.6934,-73.9274,-1
40.8072,-73.9401,-1
40.7125,-73.9598,1
40.7504,-73.9946,0
40.6832,-73.9668,0
40.6911,-73.9665,0
40.7495,-73.9704,0
40.7272,-73.992,0
40.7727,-73.9476,0
40.7535,-74.0277,-1
40.7803,-73.9475,0
40.6794,-73.9955,0
40.8227,-73.9553,-1
40.7559,-73.9965,0
40.6832,-73.9741,0
40.7282,-73.9968,0
40.7148,-73.9871,0
40.658,-73.93,-1
40.658,-73.93,-1
40.687,-73.924,-1
40.7524,-73.9775,0
40.8247,-73.954,-1
40.7409,-73.998,0
40.7602,-73.9302,-1
40.7573,-73.9293,-1
40.7184,-73.9872,0
40.7302,-74.0025,0
40.7507,-73.9791,0
40.7939,-73.9384,-1
40.689,-73.975,0
40.7437,-74.0006,0
40.6848,-73.978,0
40.7079,-73.9433,1
40.7541,-73.9783,0
40.7328,-73.9879,0
40.744,-73.9871,0
40.6884,-73.8704,-1
40.7959,-73.9315,-1
40.7767,-73.9766,0
40.8516,-73.8821,-1
40.739,-74.0031,0
40.764,-73.9991,0
40.6754,-73.9621,0
40.6754,-73.9621,0
40.7637,-73.9283,-1
40.7562,-73.9727,0
40.7206,-73.9547,1
40.7558,-73.9235,-1
40.7558,-73.9235,-1
40.7227,-73.9861,0
40.7326,-73.9993,0
40.6476,-73.9694,-1
40.6252,-73.9395,-1
40.7462,-73.9719,0
40.6316,-73.9469,-1
40.7246,-74.0019,0
40.7417,-74.0036,0
40.7634,-73.921,-1
40.7634,-73.921,-1
40.8397,-73.9398,-1
40.7072,-74.0071,0
40.7078,-74.0069,0
40.7286,-73.9816,0
40.8334,-73.9406,-1
40.7518,-73.9755,0
40.6874,-73.9548,0
40.7554,-73.9684,0
40.7937,-73.9673,0
40.7114,-74.0101,0
40.8143,-73.9509,-1
40.7822,-73.9761,0
40.7267,-73.9963,0
40.6911,-73.9864,0
40.6911,-73.9864,0
40.7203,-73.9544,1
40.75,-73.9919,0
40.7485,-74.006,0
40.7592,-73.965,0
40.6852,-73.9702,0
40.7232,-73.9827,0
40.6877,-73.9657,0
40.6923,-74.0006,0
40.6818,-73.9959,0
40.7752,-73.9651,0
40.7758,-73.9527,0
40.7318,-74.0066,0
40.7074,-73.9553,1
40.774,-73.8725,2
40.6422,-73.981,-1
40.7565,-73.9922,0
40.7551,-73.9709,0
40.7432,-74.0077,0
40.7209,-73.9553,1
40.7338,-73.9945,0
40.7313,-73.997,0
40.7689,-73.9888,0
40.737,-73.9742,0
40.8023,-73.9623,-1
40.6649,-73.9899,0
40.7054,-74.0178,0
40.6841,-73.972,0
40.7746,-73.9818,0
40.6795,-73.9384,-1
40.6795,-73.9384,-1
40.7447,-73.9719,0
40.7545,-73.9361,-1
40.7188,-73.9516,1
40.7666,-73.9618,0
40.7256,-74.0041,0
40.7069,-73.9399,1
40.6822,-73.9606,0
40.7795,-73.9494,0
40.7652,-73.9675,0
40.6887,-73.9943,0
40.7746,-73.9891,0
40.8384,-73.9419,-1
40.7226,-73.9992,0
40.7642,-73.9731,0
40.7731,-73.9784,0
40.7518,-73.9395,-1
40.7152,-74.0143,0
40.6747,-73.9739,0
40.719,-73.9957,0
40.7389,-73.9836,0
40.7485,-73.9732,0
40.7192,-74.0048,0
40.7086,-74.0092,0
40.721,-74.0019,0
40.7063,-74.0166,0
40.7439,-73.9818,0
40.7373,-73.9908,0
40.7952,-73.9314,-1
40.7669,-73.9833,0
40.7714,-73.9645,0
40.7684,-73.9639,0
40.7119,-73.9413,1
40.7722,-73.9826,0
40.7277,-73.9839,0
40.7625,-73.9963,0
40.7446,-73.9559,-1
40.7166,-73.9631,1
40.7398,-73.9952,0
40.7859,-73.9707,0
40.7462,-73.9925,0
40.7644,-73.9958,0
40.7285,-73.9997,0
40.7403,-73.9945,0
40.7624,-73.9771,0
40.7072,-74.0166,0
40.6297,-73.9572,-1
40.7547,-73.9928,0
40.7259,-73.9946,0
40.7019,-73.9439,1
40.7542,-73.9922,0
40.72,-73.9881,0
40.7517,-74.0022,0
40.7555,-73.9684,0
40.7716,-73.9825,0
40.7493,-73.9817,0
40.6921,-73.9704,0
40.7646,-73.9701,0
40.7676,-73.9653,0
40.7244,-73.993,0
40.7189,-73.9925,0
40.7626,-73.9574,0
40.7481,-73.9916,0
40.724,-73.9465,1
40.7447,-73.9877,0
40.6722,-74.0109,-1
40.721,-74.0019,0
40.7471,-73.9966,0
40.7683,-73.8624,2
40.7224,-74.0016,0
40.7411,-73.9922,0
40.7504,-73.9731,0
40.7681,-73.9811,0
40.752,-73.9798,0
40.7364,-74.0073,0
40.6943,-73.9585,0
40.6731,-74.0124,-1
40.7548,-73.9722,0
40.7788,-73.9621,0
40.7572,-73.9821,0
40.7148,-74.0122,0
40.7449,-73.9913,0
40.7254,-74.0035,0
40.7198,-73.9999,0
40.7718,-73.9655,0
40.7842,-73.9702,0
40.7313,-74.0101,0
40.7526,-74.0043,0
40.7651,-73.9916,0
40.7373,-73.9902,0
40.7249,-73.9923,0
40.7665,-73.9836,0
40.6825,-73.9239,-1
40.7647,-73.9813,0
40.6279,-73.9711,-1
40.7347,-73.9864,0
40.7369,-73.9957,0
40.7135,-74.0108,0
40.7567,-73.972,0
40.7567,-73.9925,0
40.7683,-73.9115,-1
40.7328,-73.982,0
40.7898,-73.9735,0
40.7247,-73.9989,0
40.7082,-74.0063,0
40.753,-73.9679,0
40.7207,-73.9984,0
40.831,-73.9269,-1
40.7616,-74.0001,0
40.6786,-73.9732,0
40.7336,-73.9939,0
40.739,-74.0081,0
40.7739,-73.8724,2
40.7748,-73.9587,0
40.7182,-74.015,0
40.7139,-74.0089,0
40.762,-73.9716,0
40.728,-73.9573,1
40.761,-73.9758,0
40.7394,-74.0079,0
40.7724,-73.9507,0
40.7363,-73.9942,0
40.774,-73.8727,2
40.7658,-73.9829,0
40.7444,-73.9911,0
40.8016,-73.9649,-1
40.7348,-73.9945,0
40.7448,-73.983,0
40.717,-73.9465,1
40.747,-73.9938,0
40.7817,-73.9601,0
40.7759,-73.9624,0
40.784,-73.9723,0
40.7366,-73.9818,0
40.7907,-73.9724,0
40.7382,-74.0072,0
40.7548,-73.9933,0
40.7689,-73.9653,0
40.7583,-73.9678,0
40.7245,-73.9907,0
40.7813,-73.9585,0
40.7589,-73.9685,0
40.7673,-73.984,0
40.6672,-73.9821,0
40.7707,-73.903,-1
40.747,-74.0005,0
40.7744,-73.9774,0
40.7528,-73.9698,0
40.7361,-73.9817,0
40.7674,-73.9627,0
40.7517,-73.9395,-1
40.7291,-73.9949,0
40.7672,-73.9793,0
40.7041,-74.0143,0
40.7443,-73.9843,0
40.7738,-73.8725,2
40.7765,-74.0351,-1
40.771,-73.9798,0
40.7431,-73.9965,0
40.6598,-73.9627,-1
40.7475,-73.8535,-1
40.7685,-73.9498,0
40.7713,-73.9879,0
40.7586,-73.9671,0
40.7782,-73.9747,0
40.7153,-74.0155,0
40.7448,-74.0047,0
40.7084,-74.0046,0
40.7985,-73.9689,0
40.703,-73.9853,0
40.7162,-74.0092,0
40.7739,-73.8722,2
40.7776,-73.9461,0
40.7643,-73.9689,0
40.7411,-73.998,0
40.7257,-73.9938,0
40.7257,-74.0054,0
40.6574,-73.9743,-1
40.7165,-74.0093,0
40.7784,-73.9822,0
40.7293,-73.9915,0
40.7686,-73.8626,2
40.7474,-73.8537,-1
40.8061,-73.9676,-1
40.7622,-73.9854,0
40.7232,-73.9939,0
40.7748,-73.9449,0
40.7189,-73.9641,1
40.7438,-73.9922,0
40.7913,-73.9522,0
40.7245,-74.0077,0
40.7474,-73.9812,0
40.7403,-73.9946,0
40.6884,-73.9172,-1
40.6884,-73.9172,-1
40.7237,-74.01,0
40.7449,-73.9762,0
40.7534,-73.9744,0
40.7814,-73.9522,0
40.7387,-74.0082,0
40.7321,-73.9961,0
40.761,-73.9681,0
40.7441,-73.9836,0
40.6891,-73.9648,0
40.8231,-73.9473,-1
40.7657,-73.9628,0
40.7665,-73.9692,0
40.7209,-73.9949,0
40.7914,-73.9778,0
40.79,-73.9409,0
40.6828,-73.9477,-1
40.7313,-74.0003,0
40.784,-73.9467,0
40.6211,-74.003,-1
40.7384,-73.9835,0
40.7613,-73.9974,0
40.7963,-73.9497,0
40.7326,-73.9899,0
40.75,-73.9805,0
40.7271,-74.0008,0
40.7206,-74.039,-1
40.719,-73.8461,-1
40.7442,-73.9884,0
40.7818,-74.0478,-1
40.7797,-73.9557,0
40.745,-73.9888,0
40.7292,-73.987,0
40.7328,-74.0099,0
40.7682,-73.9928,0
40.7645,-73.9821,0
40.7481,-73.9926,0
40.7298,-73.975,0
40.7587,-73.9729,0
40.745,-73.9868,0
40.7294,-74.0024,0
40.777,-73.9775,0
40.7521,-74.0051,0
40.7647,-73.9721,0
40.7527,-73.9859,0
40.6938,-73.9822,0
40.742,-73.9978,0
40.7141,-74.0152,0
40.6917,-73.9293,-1
40.726,-74.0009,0
40.7529,-73.9798,0
40.7582,-73.9651,0
40.7242,-73.9931,0
40.7559,-73.9633,0
40.6749,-73.9765,0
40.7656,-73.9788,0
40.6864,-73.9853,0
40.7637,-73.9599,0
40.7649,-73.9634,0
40.7261,-73.8495,-1
40.7976,-73.9716,0
40.7124,-73.964,1
40.7401,-73.9909,0
40.7269,-73.9915,0
40.7664,-73.9782,0
40.7616,-73.9707,0
40.7219,-73.958,1
40.7138,-73.9618,1
40.7454,-73.9855,0
40.7735,-73.9595,0
40.7542,-73.974,0
40.6725,-74.012,-1
40.7046,-73.9261,-1
40.7211,-73.9996,0
40.7653,-73.9767,0
40.7618,-74.0,0
40.7375,-73.9976,0
40.7123,-73.9638,1
40.6895,-73.9539,0
40.8038,-73.9652,-1
40.6781,-73.9731,0
40.7212,-73.9793,0
40.7114,-74.0078,0
40.7271,-73.984,0
40.829,-73.9374,-1
40.7459,-73.8592,-1
40.7521,-73.9771,0
40.7635,-73.9698,0
40.7118,-74.0055,0
40.7474,-74.0056,0
40.7712,-73.9833,0
40.7833,-73.9569,0
40.7951,-73.9227,-1
40.7251,-74.0017,0
40.7568,-73.9826,0
40.7702,-73.9659,0
40.739,-73.9915,0
40.7556,-73.8759,-1
40.7716,-73.9823,0
40.7442,-73.9901,0
40.6512,-73.9714,-1
40.6512,-73.9714,-1
40.7474,-73.9856,0
40.7258,-73.9771,0
40.7457,-74.002,0
40.7781,-73.959,0
40.7617,-73.9904,0
40.7309,-73.9565,1
40.7151,-74.008,0
40.7107,-73.9663,1
40.728,-73.991,0
40.7612,-73.9734,0
40.7493,-73.981,0
40.6635,-73.998,-1
40.779,-73.9623,0
40.7652,-73.9277,-1
40.7312,-73.9965,0
40.7247,-73.9985,0
40.7448,-73.981,0
40.7712,-73.8662,2
40.7242,-73.9931,0
40.7552,-73.9868,0
40.7482,-73.975,0
40.7902,-73.9659,0
40.7423,-73.9934,0
40.6922,-73.9685,0
40.712,-73.9404,1
40.7286,-74.0029,0
40.8077,-73.9551,-1
40.6731,-74.0123,-1
40.6755,-73.9978,0
40.7603,-74.003,0
40.744,-73.9896,0
40.7443,-73.9764,0
40.7707,-73.8655,2
40.6977,-73.9869,0
40.672,-74.0107,-1
40.7221,-73.9874,0
40.7683,-73.8622,2
40.7458,-73.9883,0
40.7976,-73.9725,0
40.7203,-74.0021,0
40.7547,-73.9892,0
40.6907,-73.9596,0
40.7076,-74.017,0
40.7375,-73.9971,0
40.7442,-73.9915,0
40.7105,-74.0148,0
40.7576,-73.9742,0
40.7192,-73.9871,0
40.7253,-73.9969,0
40.7396,-73.9951,0
40.7641,-73.9788,0
40.7572,-73.9628,0
40.7421,-73.9948,0
40.735,-73.9853,0
40.7274,-73.9996,0
40.7828,-73.9733,0
40.7662,-73.9609,0
40.7468,-73.9936,0
40.8026,-73.9649,-1
40.6721,-74.0108,-1
40.7511,-73.991,0
40.7607,-73.9265,-1
40.7607,-73.9265,-1
40.76,-73.8788,-1
40.7451,-73.9771,0
40.7759,-73.949,0
40.6735,-73.9666,0
40.7731,-73.9784,0
40.7236,-74.0107,0
40.7706,-73.9856,0
40.7336,-73.991,0
40.7741,-73.8726,2
40.7321,-74.0053,0
40.7427,-73.9928,0
40.774,-73.8724,2
40.7186,-74.0004,0
40.757,-73.9215,-1
40.7596,-73.9727,0
40.7995,-73.9437,-1
40.757,-73.989,0
40.7194,-73.961,1
40.7096,-73.9354,-1
40.7431,-73.9564,-1
40.7444,-74.0005,0
40.7428,-73.958,-1
40.6872,-73.9834,0
40.7827,-73.975,0
40.7244,-74.0012,0
40.7181,-74.0146,0
40.7478,-74.0025,0
40.6686,-73.9852,0
40.7523,-73.9745,0
40.7453,-73.9768,0
40.7082,-74.0076,0
40.7729,-73.9617,0
40.7502,-73.9732,0
40.7583,-73.9822,0
40.6808,-73.9897,0
40.689,-73.9858,0
40.7437,-73.9967,0
40.7084,-74.017,0
40.6731,-74.0125,-1
40.7434,-73.9726,0
40.763,-73.9275,-1
40.7719,-73.9594,0
40.7571,-73.9743,0
40.7666,-73.985,0
40.7783,-73.9588,0
40.7946,-73.9466,0
40.6915,-73.9874,0
40.7698,-73.9512,0
40.7219,-74.0098,0
40.7594,-73.975,0
40.7286,-73.9819,0
40.7393,-74.0011,0
40.7776,-73.9612,0
40.7265,-73.9864,0
40.7328,-73.9877,0
40.6877,-73.9897,0
40.7481,-74.0095,0
40.7582,-73.993,0
40.7407,-73.9895,0
40.7397,-73.9951,0
40.7503,-74.0063,0
40.7554,-73.9733,0
40.7407,-73.9948,0
40.7378,-73.9825,0
40.7593,-73.9942,0
40.6923,-73.9497,-1
40.7408,-73.9874,0
40.7602,-73.8327,-1
40.672,-74.0107,-1
40.7131,-73.9596,1
40.7707,-73.9919,0
40.7446,-73.9805,0
40.7757,-73.9503,0
40.672,-74.0106,-1
40.672,-74.0106,-1
40.6686,-73.9746,0
40.6898,-73.986,0
40.752,-73.9822,0
40.752,-73.9822,0
40.7148,-73.9585,1
40.6771,-73.9573,0
40.709,-73.8184,-1
40.7084,-73.9531,1
40.7078,-73.9463,1
40.7354,-73.9748,0
40.7414,-74.0083,0
40.8008,-73.938,-1
40.7132,-73.962,1
40.7743,-73.9833,0
40.7475,-73.9518,-1
40.7685,-73.9846,0
40.679,-73.9739,0
40.6722,-73.9773,0
40.774,-73.8723,2
40.6694,-73.9762,0
40.763,-73.9739,0
40.7256,-74.005,0
40.7036,-73.9866,0
40.6723,-74.0112,-1
40.7327,-73.9993,0
40.7626,-73.9787,0
40.7252,-74.0,0
40.7771,-73.9753,0
40.7107,-73.9661,1
40.7737,-73.966,0
40.7216,-74.0098,0
40.7779,-73.9795,0
40.7421,-73.9904,0
40.7842,-73.9564,0
40.7473,-73.9743,0
40.7654,-73.9608,0
40.7415,-74.005,0
40.7984,-73.9628,-1
40.7733,-73.9665,0
40.8019,-73.9691,0
40.7704,-73.985,0
40.7072,-74.0019,0
40.7401,-73.9947,0
40.7779,-73.9758,0
40.7704,-73.9819,0
40.7876,-73.9743,0
40.7277,-73.9945,0
40.743,-73.9927,0
40.7343,-73.9554,1
40.7278,-74.0046,0
40.7023,-73.9896,0
40.7376,-74.0054,0
40.7382,-73.9926,0
40.7673,-73.9667,0
40.7222,-74.0107,0
40.7437,-73.9914,0
40.7327,-73.981,0
40.7348,-73.9918,0
40.6747,-73.9754,0
40.7138,-74.0138,0
40.7458,-73.9939,0
40.6774,-73.9658,0
40.6538,-73.8893,-1
40.7581,-73.9763,0
40.6914,-73.9849,0
40.7129,-73.8782,-1
40.7266,-74.0071,0
40.7404,-73.9998,0
40.7201,-73.9598,1
40.6703,-73.9883,0
40.7671,-73.9858,0
40.7471,-73.9928,0
40.7481,-73.9742,0
40.7465,-74.0014,0
40.7274,-73.9905,0
40.687,-73.9676,0
40.7525,-73.9725,0
40.754,-73.9923,0
40.7581,-73.9755,0
40.7218,-73.958,1
40.7626,-73.9792,0
40.7754,-73.963,0
40.7268,-73.9514,1
40.751,-73.9726,0
40.7388,-73.9962,0
40.7331,-73.9999,0
40.7253,-73.9416,1
40.7182,-73.9997,0
40.7236,-73.9995,0
40.698,-73.9716,0
40.6772,-74.013,-1
40.7587,-73.9652,0
40.7146,-73.9443,1
40.7486,-73.9871,0
40.7856,-73.926,-1
40.7274,-74.0006,0
40.756,-73.9758,0
40.771,-73.9538,0
40.7199,-73.9844,0
40.6659,-73.9822,0
40.7239,-73.9946,0
40.7827,-73.9829,0
40.753,-73.9869,0
40.7024,-73.9245,-1
40.7383,-73.9554,-1
40.7409,-73.9935,0
40.6966,-73.9925,0
40.7411,-74.0056,0
40.6974,-73.9273,-1
40.7242,-73.9944,0
40.7841,-73.9784,0
40.7015,-73.981,0
40.763,-73.9132,-1
40.7456,-73.9934,0
40.7431,-73.9891,0
40.7261,-73.9918,0
40.7646,-73.9876,0
40.7262,-73.9953,0
40.7731,-73.9604,0
40.7786,-73.9625,0
40.8089,-73.9404,-1
40.7768,-73.964,0
40.7281,-73.993,0
40.721,-74.0011,0
40.7368,-73.9897,0
40.7042,-74.0067,0
40.7162,-74.0104,0
40.722,-73.9864,0
40.7715,-73.9831,0
40.6306,-74.0276,-1
40.7179,-73.9904,0
40.725,-73.9904,0
40.703,-73.9947,0
40.7664,-73.9915,0
40.7408,-73.9876,0
40.6979,-73.9367,-1
40.7689,-73.9925,0
40.7401,-73.9865,0
40.7244,-73.9404,1
40.787,-73.9795,0
40.7236,-73.9833,0
40.7424,-73.9808,0
40.7357,-73.9927,0
40.7235,-73.9913,0
40.7718,-73.9816,0
40.7676,-73.8664,2
40.7599,-73.8325,-1
40.7504,-73.9946,0
40.7504,-73.9946,0
40.7687,-73.9638,0
40.746,-74.0039,0
40.718,-73.9896,0
40.7769,-73.953,0
40.6838,-73.9995,0
40.7355,-73.9981,0
40.6877,-73.9703,0
40.7731,-73.9586,0
40.737,-73.9957,0
40.7101,-74.0145,0
40.6895,-73.9691,0
40.7248,-73.9923,0
40.6767,-73.9465,-1
40.8057,-73.9665,-1
40.7256,-74.003,0
40.7544,-73.9863,0
40.7744,-73.9186,-1
40.7518,-74.005,0
40.7505,-73.9946,0
40.7664,-73.9794,0
40.7916,-73.9469,0
40.7846,-73.9792,0
40.7242,-74.0095,0
40.7472,-73.987,0
40.7818,-73.956,0
40.741,-74.0076,0
40.8093,-73.9654,-1
40.7316,-74.0057,0
40.71,-74.0136,0
40.7631,-73.9646,0
40.7325,-73.9952,0
40.7716,-73.9831,0
40.7209,-73.9611,1
40.724,-73.9963,0
40.6751,-73.9694,0
40.7938,-73.9667,0
40.7554,-73.9198,-1
40.7419,-74.0047,0
40.7196,-73.9849,0
40.741,-73.994,0
40.726,-73.9981,0
40.6732,-74.0125,-1
40.6761,-73.9611,0
40.7841,-73.9521,0
40.7543,-73.977,0
40.7196,-73.9895,0
40.6996,-73.992,0
40.6702,-73.9891,0
40.6923,-73.9432,-1
40.7336,-74.0036,0
40.7323,-74.0077,0
40.7248,-73.9924,0
40.7233,-73.9824,0
40.7233,-73.9824,0
40.6729,-74.0106,-1
40.6939,-73.964,0
40.7685,-73.955,0
40.7299,-73.9865,0
40.7475,-73.9935,0
40.7165,-73.9616,1
40.7704,-73.957,0
40.7449,-74.0025,0
40.747,-73.9532,-1
40.7817,-73.9808,0
40.7455,-74.0091,0
40.7451,-73.9826,0
40.7664,-73.9921,0
40.7344,-74.0011,0
40.7472,-73.9948,0
40.7205,-73.995,0
40.7168,-74.0145,0
40.7382,-74.0023,0
40.7382,-74.0023,0
40.7201,-73.988,0
40.6771,-73.9613,0
40.7056,-73.9377,-1
40.7909,-74.0592,-1
40.6819,-73.9645,0
40.7243,-73.9958,0
40.7156,-73.9017,-1
40.7221,-73.9932,0
40.7185,-73.99,0
40.7286,-74.0,0
40.686,-74.0012,0
40.7141,-74.0065,0
40.7621,-73.9702,0
40.7365,-73.9908,0
40.672,-74.0105,-1
40.7473,-74.0074,0
40.8391,-73.9451,-1
40.6975,-73.9586,0
40.7331,-73.9957,0
40.7215,-73.9978,0
40.6966,-73.9925,0
40.734,-73.9888,0
40.7347,-73.9832,0
40.6659,-73.9954,-1
40.7154,-74.0094,0
40.7834,-73.9531,0
40.7154,-73.9971,0
40.7508,-74.0056,0
40.7707,-73.9629,0
40.7857,-73.9702,0
40.7857,-73.9702,0
40.7802,-73.9475,0
40.6817,-73.9348,-1
40.7746,-73.9634,0
40.7674,-73.9844,0
40.7234,-73.9862,0
40.6898,-73.9922,0
40.772,-73.9901,0
40.6764,-73.9585,0
40.802,-73.9694,0
40.728,-73.9988,0
40.6908,-73.9964,0
40.7109,-74.007,0
40.722,-74.0083,0
40.7286,-74.0,0
40.7317,-73.9992,0
40.7055,-74.008,0
40.7806,-73.9855,0
40.7377,-74.0018,0
40.7597,-73.9956,0
40.7229,-73.9828,0
40.7596,-73.9955,0
40.7502,-73.9736,0
40.7384,-73.9841,0
40.7571,-73.9743,0
40.7167,-73.9567,1
40.7462,-74.0065,0
40.7312,-73.9951,0
40.7541,-73.9691,0
40.7315,-74.0005,0
40.7437,-73.988,0
40.7427,-73.9923,0
40.7434,-73.9728,0
40.7509,-73.9726,0
40.7653,-73.9658,0
40.7516,-74.0082,0
40.74,-74.006,0
40.7222,-74.0105,0
40.735,-73.8147,-1
40.7145,-74.0155,0
40.745,-73.9859,0
40.7314,-73.9754,0
40.7043,-74.0092,0
40.7621,-73.9858,0
40.6824,-73.9773,0
40.6488,-73.9698,-1
40.6983,-73.9955,0
40.7213,-73.9993,0
40.7624,-74.0016,0
40.7367,-73.9931,0
40.6924,-73.9707,0
40.7915,-73.9531,0
40.8014,-73.9601,-1
40.7468,-74.0299,-1
40.6515,-73.9704,-1
40.7446,-73.9851,0
40.7473,-73.9723,0
40.7421,-73.9909,0
40.6767,-73.9855,0
40.7406,-73.9796,0
40.779,-73.9824,0
40.7816,-73.9467,0
40.7759,-73.9561,0
40.7121,-73.9591,1
40.7162,-74.0135,0
40.7061,-74.0032,0
40.733,-74.0068,0
40.7259,-73.9986,0
40.6631,-73.9491,-1
40.7452,-73.9856,0
40.7181,-73.9939,0
40.7168,-73.9649,1
40.7526,-73.9752,0
40.7707,-73.9567,0
40.7813,-73.9492,0
40.7301,-73.9838,0
40.7096,-74.0119,0
40.7598,-73.9783,0
40.725,-74.0099,0
40.7513,-73.9916,0
40.7876,-73.9748,0
40.7252,-74.0105,0
40.6647,-73.9771,0
40.6848,-73.9918,0
40.7183,-73.9946,0
40.7553,-73.9692,0
40.7301,-73.9924,0
40.7224,-74.0012,0
40.7484,-74.0058,0
40.7708,-73.9661,0
40.7248,-74.0059,0
40.7493,-73.9798,0
40.7394,-74.0061,0
40.7229,-73.9941,0
40.6912,-73.9842,0
40.7494,-74.0031,0
40.7494,-74.0031,0
40.7256,-73.9453,1
40.7845,-73.9774,0
40.7845,-73.9774,0
40.779,-73.9604,0
40.6593,-73.992,-1
40.7686,-73.9498,0
40.7351,-73.9935,0
40.7859,-73.9785,0
40.7317,-74.0033,0
40.8014,-73.9604,-1
40.6823,-73.9872,0
40.7435,-73.9725,0
40.6594,-73.9828,-1
40.6594,-73.9828,-1
40.7292,-73.9795,0
40.7598,-73.9954,0
40.7057,-74.0076,0
40.7474,-74.0014,0
40.712,-74.0078,0
40.7465,-74.0359,-1
40.7509,-73.9787,0
40.7525,-73.9674,0
40.7668,-73.9939,0
40.7503,-73.9948,0
40.7163,-74.0047,0
40.7381,-73.9909,0
40.6677,-73.9885,0
40.7445,-73.9555,-1
40.742,-73.9979,0
40.7144,-73.9444,1
40.7713,-73.9896,0
40.7285,-73.9944,0
40.6823,-73.9614,0
40.6932,-73.9196,-1
40.7716,-73.951,0
40.7193,-73.9946,0
40.724,-74.0033,0
40.7376,-74.0088,0
40.7188,-73.9612,1
40.7375,-74.0018,0
40.7613,-73.9708,0
40.7289,-73.9992,0
40.7605,-73.9582,0
40.7409,-73.9976,0
40.7513,-73.994,0
40.7227,-73.983,0
40.6709,-73.9538,-1
40.7157,-74.0074,0
40.7483,-73.9834,0
40.7407,-74.0045,0
40.7752,-73.9635,0
40.7075,-74.0021,0
40.7152,-74.0102,0
40.758,-74.0008,0
40.756,-73.9017,-1
40.7663,-73.9662,0
40.7181,-73.99,0
40.8517,-74.068,-1
40.7465,-74.005,0
40.7466,-73.9838,0
40.7474,-73.9958,0
40.7673,-73.9564,0
40.7263,-73.9987,0
40.7834,-73.9589,0
40.7693,-73.9693,0
40.7508,-73.9742,0
40.7724,-73.9607,0
40.6877,-73.9627,0
40.6934,-73.9665,0
40.7835,-73.979,0
40.7835,-73.979,0
40.7421,-73.9906,0
40.7434,-73.9727,0
40.6798,-73.9765,0
40.7783,-73.9787,0
40.6231,-73.9689,-1
40.7641,-73.9726,0
40.7211,-73.9793,0
40.6417,-74.0176,-1
40.6912,-73.9844,0
40.7111,-74.0058,0
40.7388,-74.0088,0
40.7192,-73.9555,1
40.7297,-73.9847,0
40.7934,-73.9404,-1
40.711,-74.0057,0
40.6988,-73.9924,0
40.7172,-73.9629,1
40.7143,-74.0082,0
40.7127,-73.9386,1
40.7972,-73.962,-1
40.726,-73.9929,0
40.7629,-73.9618,0
40.7667,-73.9628,0
40.7584,-73.9903,0
40.7135,-73.962,1
40.7265,-74.0003,0
40.7163,-74.008,0
40.7518,-73.9949,0
40.7608,-73.9691,0
40.7717,-73.9092,-1
40.7611,-73.9758,0
40.7065,-74.0091,0
40.7201,-73.9598,1
40.7123,-74.0053,0
40.6616,-73.9794,0
40.7243,-73.9511,1
40.711,-74.0159,0
40.7005,-73.9936,0
40.7363,-73.9985,0
40.7605,-73.9996,0
40.7695,-73.9199,-1
40.7402,-73.9822,0
40.7539,-73.9739,0
40.7927,-73.964,0
40.7172,-74.0038,0
40.776,-73.9795,0
40.74,-73.9972,0
40.7338,-74.0016,0
40.8082,-73.9639,-1
40.699,-73.9614,0
40.7339,-73.9908,0
40.774,-73.8733,2
40.7641,-73.9939,0
40.7426,-73.9956,0
40.6726,-73.9834,0
40.7094,-74.0131,0
40.7216,-73.958,1
40.7029,-73.9942,0
40.7587,-73.9625,0
40.7268,-73.9961,0
40.6865,-73.9899,0
40.774,-73.8726,2
40.7628,-74.0008,0
40.74,-74.0061,0
40.7261,-73.9743,0
40.6712,-73.978,0
40.7939,-73.9761,0
40.7169,-74.0092,0
40.7418,-73.9904,0
40.6851,-73.9777,0
40.7702,-73.9595,0
40.7518,-73.9769,0
40.7212,-73.9877,0
40.7846,-73.9831,0
40.7851,-73.9769,0
40.7643,-73.9768,0
40.7251,-73.9956,0
40.725,-73.997,0
40.7119,-73.9414,1
40.7198,-73.9873,0
40.762,-73.9716,0
40.7294,-73.987,0
40.7166,-74.0021,0
40.6916,-73.9844,0
40.724,-73.9899,0
40.734,-73.9811,0
40.7142,-73.9876,0
40.7134,-73.9515,1
40.7564,-73.9722,0
40.6637,-73.9784,0
40.774,-73.8726,2
40.7222,-73.9995,0
40.7242,-73.9978,0
40.7621,-73.9857,0
40.7621,-73.9857,0
40.7386,-73.9997,0
40.6531,-73.9664,-1
40.7225,-74.0036,0
40.6721,-74.0106,-1
40.7765,-73.9459,0
40.7638,-73.9725,0
40.7651,-73.9788,0
40.7345,-73.9947,0
40.7739,-73.8714,2
40.6917,-73.973,0
40.8351,-73.9488,-1
40.7626,-73.9786,0
40.7626,-73.9786,0
40.7624,-73.9824,0
40.7379,-73.9233,-1
40.7049,-73.9336,-1
40.8004,-73.9574,-1
40.7814,-73.8409,-1
40.7372,-74.0022,0
40.7114,-73.9924,0
40.7965,-73.9625,-1
40.7299,-73.9752,0
40.7162,-74.0132,0
40.7414,-73.9551,-1
40.7414,-73.9551,-1
40.8081,-73.9637,-1
40.7595,-73.9774,0
40.7389,-73.9872,0
40.7355,-73.9966,0
40.7054,-74.0085,0
40.757,-74.0013,0
40.7516,-74.0333,-1
40.7319,-73.9861,0
40.7805,-73.9728,0
40.7467,-73.9893,0
40.7324,-73.9968,0
40.7487,-73.9924,0
40.7253,-74.0036,0
40.7416,-73.9937,0
40.7333,-73.959,1
40.6946,-73.9961,0
40.7642,-73.9737,0
40.7468,-73.9866,0
40.7631,-73.9763,0
40.7836,-73.9793,0
40.714,-73.9995,0
40.7514,-74.0064,0
40.7278,-73.9912,0
40.7057,-74.0082,0
40.7329,-73.9958,0
40.7377,-74.0081,0
40.7444,-73.9828,0
40.6665,-73.9376,-1
40.7682,-73.9929,0
40.7261,-73.9918,0
40.7356,-73.9761,0
40.7442,-74.0067,0
40.7274,-73.9923,0
40.7817,-73.9757,0
40.733,-73.9958,0
40.7674,-73.8992,-1
40.7413,-73.994,0
40.7154,-73.9561,1
40.8083,-73.9451,-1
40.7626,-73.9765,0
40.7455,-73.9931,0
40.75,-73.9914,0
40.7469,-73.9904,0
40.7167,-73.956,1
40.7247,-73.9987,0
40.776,-73.9634,0
40.6823,-73.9667,0
40.7398,-73.9876,0
40.7623,-73.9723,0
40.7465,-73.9178,-1
40.7609,-73.923,-1
40.7838,-73.9351,-1
40.7796,-73.9575,0
40.7385,-73.9899,0
40.7416,-73.9936,0
40.6833,-73.9501,-1
40.7614,-73.9699,0
40.7344,-74.0047,0
40.7409,-73.8924,-1
40.7249,-73.9903,0
40.7668,-73.9635,0
40.7784,-73.9571,0
40.768,-73.9837,0
40.7547,-74.0071,0
40.8087,-73.9542,-1
40.7355,-74.0061,0
40.7162,-73.9921,0
40.7507,-74.0054,0
40.7686,-73.8625,2
40.7534,-73.9747,0
40.7329,-74.0041,0
40.7286,-73.9591,1
40.7856,-73.9691,0
40.7382,-73.991,0
40.7409,-74.0075,0
40.7614,-73.9998,0
40.6318,-73.9575,-1
40.7166,-74.0053,0
40.7647,-73.9706,0
40.7396,-73.9925,0
40.7218,-73.999,0
40.7135,-74.0078,0
40.7552,-73.9738,0
40.6898,-73.9692,0
40.7282,-74.0431,-1
40.7376,-74.0082,0
40.7758,-73.9762,0
40.7211,-73.9962,0
40.7462,-73.9928,0
40.7239,-73.9972,0
40.753,-74.004,0
40.6874,-73.9613,0
40.733,-73.9958,0
40.7505,-73.9952,0
40.7505,-73.9952,0
40.7582,-73.9772,0
40.7548,-73.9914,0
40.7378,-73.9827,0
40.7667,-73.9965,0
40.762,-73.9726,0
40.7333,-73.9933,0
40.6895,-73.9704,0
40.7736,-73.9514,0
40.7522,-73.9857,0
40.6501,-73.9796,-1
40.7709,-73.9661,0
40.7304,-73.9821,0
40.7164,-74.0145,0
40.796,-73.9332,-1
40.7713,-73.9623,0
40.7356,-73.9794,0
40.7192,-74.0036,0
40.6916,-73.9844,0
40.7795,-73.9882,0
40.7861,-73.9689,0
40.7159,-74.0111,0
40.7232,-74.0009,0
40.7222,-73.8852,-1
40.7525,-73.9686,0
40.7655,-73.9613,0
40.7058,-74.0902,-1
40.7634,-73.9805,0
40.7634,-73.9614,0
40.7691,-73.9695,0
40.7046,-73.9587,1
40.7824,-73.9715,0
40.6979,-73.9474,-1
40.785,-73.9789,0
40.7081,-74.0065,0
40.6874,-73.9924,0
40.7562,-73.9939,0
40.6631,-73.9781,0
40.723,-73.9447,1
40.7225,-73.9876,0
40.7955,-73.9317,-1
40.7675,-73.9927,0
40.753,-73.8839,-1
40.7461,-73.8528,-1
40.7461,-73.8528,-1
40.7635,-73.9706,0
40.718,-74.0144,0
40.7519,-73.9721,0
40.7444,-73.9945,0
40.6597,-73.9606,-1
40.6597,-73.9606,-1
40.6941,-73.9551,0
40.7647,-73.9661,0
40.7739,-73.8726,2
40.804,-73.9575,-1
40.668,-73.9906,0
40.7569,-73.998,0
40.7039,-74.0112,0
40.7303,-73.9936,0
40.721,-74.0006,0
40.7253,-73.9911,0
40.7169,-74.0133,0
40.83,-73.9471,-1
40.7579,-73.9603,0
40.6773,-73.9983,0
40.7313,-73.9753,0
40.7218,-74.0,0
40.7535,-73.9725,0
40.757,-73.9744,0
40.7196,-73.9895,0
40.7511,-74.0044,0
40.7619,-73.9573,0
40.782,-73.9574,0
40.7428,-73.9544,-1
40.7657,-73.9707,0
40.7143,-73.9564,1
40.7453,-73.9869,0
40.7744,-73.9552,0
40.7595,-73.9867,0
40.7601,-73.9713,0
40.742,-73.9905,0
40.742,-73.9905,0
40.7582,-73.9725,0
40.7262,-74.0096,0
40.7189,-73.9586,1
40.7748,-73.952,0
40.7487,-73.9804,0
40.7353,-73.9977,0
40.6775,-73.9835,0
40.7637,-73.979,0
40.6719,-73.959,-1
40.7437,-74.0035,0
40.7644,-73.9686,0
40.7758,-73.9626,0
40.7677,-73.9662,0
40.6848,-73.9948,0
40.7637,-73.9695,0
40.7374,-73.979,0
40.7497,-73.9924,0
40.6706,-73.9733,0
40.7168,-74.0082,0
40.6881,-73.9175,-1
40.76,-73.968,0
40.7234,-73.9846,0
40.7043,-74.0093,0
40.7642,-73.9944,0
40.7739,-73.9639,0
40.7726,-73.9671,0
40.7274,-74.0056,0
40.7915,-73.9738,0
40.7618,-73.9834,0
40.7269,-74.0001,0
40.7621,-73.9679,0
40.6859,-73.9975,0
40.8101,-73.9252,-1
40.7703,-73.8651,2
40.7312,-73.9939,0
40.7578,-73.9692,0
40.732,-73.9967,0
40.7897,-73.9662,0
40.7403,-73.9944,0
40.7398,-73.9797,0
40.7829,-73.974,0
40.769,-73.9828,0
40.747,-73.9896,0
40.7284,-73.9893,0
40.7263,-73.8946,-1
40.7611,-73.9885,0
40.764,-73.9863,0
40.7224,-73.9932,0
40.7249,-73.9923,0
40.6875,-73.9593,0
40.7164,-73.9571,1
40.8472,-73.9202,-1
40.7573,-73.9858,0
40.7375,-74.0088,0
40.7663,-73.9782,0
40.854,-73.8889,-1
40.7709,-73.9539,0
40.703,-73.9946,0
40.7249,-73.9948,0
40.7634,-73.9889,0
40.6736,-73.9735,0
40.7428,-73.9946,0
40.7045,-74.0099,0
40.7633,-73.9856,0
40.7118,-73.949,1
40.7114,-74.0143,0
40.7824,-73.9513,0
40.6872,-73.9483,-1
40.7636,-73.9733,0
40.7852,-73.9536,0
40.7161,-73.962,1
40.7475,-74.0286,-1
40.6629,-73.9817,0
40.7659,-73.9765,0
40.6829,-73.9467,-1
40.7626,-73.9963,0
40.7698,-73.9608,0
40.7022,-73.9828,0
40.7672,-73.9804,0
40.6728,-73.9675,0
40.7203,-73.9619,1
40.7169,-74.0049,0
40.7223,-73.9839,0
40.7241,-74.0023,0
40.6698,-73.9736,0
40.711,-73.9508,1
40.7205,-73.9976,0
40.7203,-74.0118,0
40.672,-74.0106,-1
40.7567,-73.9898,0
40.7188,-74.005,0
40.7452,-73.9857,0
40.7294,-74.0011,0
40.7675,-73.9383,0
40.72,-73.988,0
40.7505,-73.9945,0
40.7676,-73.9884,0
40.7224,-73.9371,-1
40.7862,-73.9513,0
40.7053,-74.0075,0
40.7436,-73.9845,0
40.7172,-74.0029,0
40.7473,-73.8533,-1
40.7247,-73.9986,0
40.7516,-73.9701,0
40.7222,-73.9993,0
40.7208,-74.0017,0
40.6244,-74.0277,-1
40.7798,-73.9752,0
40.7638,-73.9808,0
40.7428,-73.8546,-1
40.7823,-73.9803,0
40.7325,-73.9797,0
40.7144,-73.963,1
40.7184,-74.0054,0
40.7595,-73.9706,0
40.7439,-73.9957,0
40.77,-73.8647,2
40.7349,-73.9575,1
40.7369,-73.9971,0
40.7369,-73.9971,0
40.7082,-74.0139,0
40.7122,-74.0088,0
40.8543,-73.9371,-1
40.7378,-73.9879,0
40.7583,-73.9654,0
40.7243,-73.9999,0
40.7588,-73.9893,0
40.7225,-74.0105,0
40.7205,-74.0008,0
40.7166,-73.9972,0
40.672,-73.9869,0
40.6719,-74.0106,-1
40.7474,-73.8534,-1
40.7224,-74.0037,0
40.7453,-73.9944,0
40.7702,-73.9555,0
40.7229,-73.9858,0
40.7251,-73.9984,0
40.7235,-74.0027,0
40.7332,-73.9912,0
40.6924,-73.9677,0
40.7768,-73.945,0
40.7332,-73.9848,0
40.7489,-73.9374,-1
40.7381,-73.9984,0
40.7186,-73.9621,1
40.7277,-73.9852,0
40.7471,-73.9896,0
40.7351,-73.9954,0
40.6337,-73.9639,-1
40.685,-73.9616,0
40.7492,-73.9922,0
40.7047,-73.9285,-1
40.6708,-73.9575,-1
40.7185,-73.9951,0
40.6842,-73.9296,-1
40.6768,-74.0136,-1
40.6665,-73.9754,0
40.751,-74.0042,0
40.7265,-74.0404,-1
40.6813,-73.993,0
40.7221,-73.9873,0
40.759,-73.9796,0
40.6951,-73.9645,0
40.7597,-73.9658,0
40.7388,-73.9936,0
40.7159,-74.0049,0
40.7274,-73.985,0
40.7417,-73.9896,0
40.7563,-73.973,0
40.7661,-73.9698,0
40.7321,-74.0007,0
40.7669,-73.9534,0
40.7337,-74.0017,0
40.6383,-73.9454,-1
40.7404,-73.9947,0
40.7738,-73.8727,2
40.7758,-73.9817,0
40.7212,-73.8455,-1
40.7534,-73.9965,0
40.7187,-73.9833,0
40.7705,-73.9918,0
40.7494,-74.1179,-1
40.713,-74.0631,-1
40.74,-74.035,-1
40.7322,-73.9965,0
40.7025,-73.914,-1
40.7825,-73.9765,0
40.7691,-73.9949,0
40.7422,-73.9947,0
40.7636,-73.9574,0
40.7424,-73.956,-1
40.7211,-73.9873,0
40.6748,-73.9632,0
40.6832,-73.9956,0
40.6733,-73.9843,0
40.7712,-73.9679,0
40.764,-73.9785,0
40.6605,-73.992,-1
40.7387,-73.988,0
40.7785,-73.9561,0
40.7659,-73.9595,0
40.755,-73.9734,0
40.6718,-73.9777,0
40.756,-73.9631,0
40.7607,-74.0027,0
40.7252,-74.0037,0
40.7387,-73.9886,0
40.7459,-73.9959,0
40.7048,-74.0097,0
40.6574,-73.9249,-1
40.7171,-73.9997,0
40.7591,-73.9609,0
40.7514,-73.9939,0
40.7207,-73.9956,0
40.7251,-73.983,0
40.7251,-73.983,0
40.7016,-74.0114,0
40.7176,-73.9589,1
40.7927,-73.9649,0
40.7775,-73.9815,0
40.7679,-73.9916,0
40.7677,-73.9705,0
40.7504,-73.9737,0
40.7504,-73.9737,0
40.6842,-73.99,0
40.7397,-73.9963,0
40.6924,-73.9215,-1
40.7773,-73.9503,0
40.6831,-73.9654,0
40.7277,-73.9574,1
40.7369,-73.9867,0
40.7319,-74.0093,0
40.7399,-73.9799,0
40.7494,-74.032,-1
40.6358,-73.9741,-1
40.7239,-73.9924,0
40.7758,-73.9608,0
40.7625,-73.9742,0
40.7189,-74.005,0
40.7611,-73.8324,-1
40.7405,-73.9934,0
40.7634,-73.9177,-1
40.7777,-73.9818,0
40.6787,-73.9863,0
40.8028,-73.9585,-1
40.6847,-73.9509,-1
40.7509,-74.0018,0
40.717,-73.9465,1
40.7736,-73.9127,-1
40.6951,-73.9838,0
40.7234,-73.9913,0
40.7119,-73.9496,1
40.7922,-73.9373,-1
40.666,-73.985,0
40.7411,-73.9924,0
40.788,-73.9758,0
40.7216,-73.9993,0
40.6643,-73.9611,-1
40.7184,-73.9884,0
40.7347,-73.9794,0
40.7092,-74.0055,0
40.7574,-73.977,0
40.6837,-73.9339,-1
40.7596,-73.9857,0
40.7628,-73.9733,0
40.7268,-73.994,0
40.7504,-73.9732,0
40.6963,-73.9874,0
40.7378,-74.0017,0
40.715,-73.9495,1
40.7737,-73.9495,0
40.7199,-74.0013,0
40.7787,-73.9885,0
40.7714,-73.9567,0
40.7461,-73.9822,0
40.6877,-73.9688,0
40.7544,-73.9727,0
40.7048,-74.0144,0
40.688,-73.9894,0
40.7461,-73.9943,0
40.7571,-73.9738,0
40.6891,-73.975,0
40.6928,-73.9953,0
40.768,-73.9106,-1
40.7776,-73.839,-1
40.7101,-74.0167,0
40.7748,-73.9632,0
40.7787,-73.9886,0
40.6711,-73.9747,0
40.703,-73.9946,0
40.7626,-73.9834,0
40.7572,-73.9622,0
40.8143,-73.9471,-1
40.7235,-73.9829,0
40.7523,-73.9934,0
40.7454,-73.9214,-1
40.7669,-73.9603,0
40.7225,-74.0037,0
40.7368,-73.9802,0
40.6276,-74.0119,-1
40.747,-74.0024,0
40.8378,-73.9384,-1
40.7427,-73.9957,0
40.7387,-73.9997,0
40.7139,-73.9517,1
40.7189,-74.0106,0
40.677,-73.9637,0
40.764,-73.9768,0
40.687,-73.9696,0
40.7223,-73.996,0
40.7692,-73.9812,0
40.7247,-73.9923,0
40.7511,-73.9942,0
40.7258,-74.0048,0
40.721,-73.9437,1
40.7151,-74.0161,0
40.7398,-73.9894,0
40.7375,-73.9902,0
40.659,-73.9896,-1
40.7848,-73.9485,0
40.7167,-74.0084,0
40.723,-73.999,0
40.7135,-73.962,1
40.7739,-73.8713,2
40.7357,-73.8147,-1
40.774,-73.8715,2
40.6925,-73.9598,0
40.8074,-73.9403,-1
40.7703,-73.8655,2
40.7556,-74.0023,0
40.6387,-73.9713,-1
40.7086,-73.9686,1
40.7078,-74.0059,0
40.7442,-73.988,0
40.7156,-73.9537,1
40.7236,-73.9849,0
40.7465,-74.0314,-1
40.7446,-73.9888,0
40.7623,-73.9852,0
40.6922,-73.9852,0
40.6863,-73.9502,-1
40.7506,-74.0031,0
40.7497,-73.9922,0
40.7245,-73.9756,0
40.7155,-74.0145,0
40.7237,-74.0107,0
40.7724,-73.9641,0
40.7236,-74.0108,0
40.7181,-73.964,1
40.7771,-73.9776,0
40.7286,-73.959,1
40.7316,-74.0059,0
40.7332,-73.9877,0
40.7706,-73.9669,0
40.6723,-73.9875,0
40.801,-73.9584,-1
40.7756,-73.9585,0
40.7386,-74.0018,0
40.7656,-73.9665,0
40.6594,-73.9606,-1
40.7642,-73.9553,0
40.7561,-73.9946,0
40.6852,-73.9597,0
40.7395,-74.0012,0
40.7433,-73.9915,0
40.7672,-73.9567,0
40.7239,-73.999,0
40.6805,-73.9838,0
40.6901,-73.9921,0
40.718,-74.0841,-1
40.7275,-73.9924,0
40.7248,-73.9924,0
40.7053,-74.0172,0
40.7434,-73.9727,0
40.7209,-73.9949,0
40.6569,-73.9602,-1
40.7203,-73.9633,1
40.7476,-73.9882,0
40.7347,-74.0022,0
40.7432,-73.98,0
40.7445,-73.9905,0
40.7208,-73.9609,1
40.6645,-73.933,-1
40.7253,-73.8656,-1
40.7783,-73.9626,0
40.7106,-74.0077,0
40.7696,-73.9602,0
40.7986,-73.9708,0
40.7236,-74.0109,0
40.8007,-73.9686,0
40.7026,-73.9926,0
40.8008,-73.9526,-1
40.7421,-74.004,0
40.7687,-73.8627,2
40.6602,-73.9974,-1
40.776,-73.9557,0
40.6701,-73.9791,0
40.761,-73.9808,0
40.7144,-73.9655,1
40.7166,-74.0082,0
40.7447,-73.9569,-1
40.7507,-73.9943,0
40.7449,-73.9442,-1
40.7059,-74.0069,0
40.7557,-73.9826,0
40.7514,-74.0016,0
40.7239,-73.9927,0
40.7406,-74.0056,0
40.6514,-74.0038,-1
40.6872,-73.9696,0
40.7484,-73.9427,-1
40.7636,-73.9695,0
40.7824,-73.9575,0
40.7514,-73.9787,0
40.7436,-73.9799,0
40.7238,-73.9967,0
40.7056,-74.0043,0
40.733,-73.9924,0
40.7567,-74.0039,0
40.7654,-73.9641,0
40.6911,-73.9898,0
40.7393,-73.992,0
40.766,-73.9848,0
40.7287,-73.9806,0
40.7226,-74.0036,0
40.6797,-73.9737,0
40.7413,-73.9791,0
40.7964,-73.9738,0
40.7204,-73.9944,0
40.745,-73.9917,0
40.6778,-73.9564,0
40.7409,-74.0074,0
40.7266,-73.994,0
40.7312,-73.9936,0
40.7172,-73.9563,1
40.7691,-73.9815,0
40.7553,-73.9735,0
40.6258,-74.0369,-1
40.7616,-73.9648,0
40.7549,-73.9717,0
40.77,-73.8646,2
40.7653,-73.9755,0
40.7412,-74.0405,-1
40.7933,-73.9226,-1
40.7748,-73.954,0
40.7619,-73.9753,0
40.7576,-73.9857,0
40.7519,-73.9855,0
40.7404,-73.9963,0
40.7267,-73.9941,0
40.7796,-73.9556,0
40.7641,-73.9688,0
40.7236,-73.9517,1
40.7228,-73.9959,0
40.7159,-74.0154,0
40.6444,-73.9746,-1
40.7417,-73.99,0
40.7457,-73.9974,0
40.7206,-73.9949,0
40.7607,-73.9735,0
40.7265,-73.9901,0
40.7366,-73.9976,0
40.685,-73.9551,0
40.7227,-73.9939,0
40.7724,-73.9609,0
40.7344,-73.9877,0
40.7828,-73.9773,0
40.7448,-73.9782,0
40.7632,-73.9189,-1
40.7351,-74.0067,0
40.7176,-73.9588,1
40.7805,-73.9766,0
40.7201,-73.9621,1
40.6924,-73.9707,0
40.7678,-73.9846,0
40.7022,-73.9828,0
40.7177,-74.0109,0
40.7939,-73.9742,0
40.6834,-73.9491,-1
40.7741,-73.8724,2
40.7049,-74.0114,0
40.7229,-74.0051,0
40.783,-73.9579,0
40.7507,-74.0037,0
40.7567,-73.9209,-1
40.7319,-73.9834,0
40.7787,-73.9625,0
40.7206,-73.8446,-1
40.7871,-73.972,0
40.6863,-73.9683,0
40.7392,-73.9252,-1
40.7063,-74.0097,0
40.7364,-73.9884,0
40.7336,-73.9549,1
40.672,-73.9592,-1
40.721,-74.005,0
40.7187,-73.962,1
40.7206,-73.989,0
40.7301,-73.9755,0
40.7453,-73.9887,0
40.6827,-73.963,0
40.7558,-73.9726,0
40.7036,-73.9378,-1
40.7676,-73.9663,0
40.7396,-73.9824,0
40.7628,-73.9795,0
40.7318,-74.0553,-1
40.718,-73.9623,1
40.7475,-73.9802,0
40.7056,-73.8319,-1
40.7319,-73.9859,0
40.6953,-73.993,0
40.7765,-73.9901,0
40.6755,-73.9528,-1
40.7192,-74.0039,0
40.7586,-73.9791,0
40.7312,-73.9022,-1
40.6805,-73.9838,0
40.7248,-73.9822,0
40.7278,-73.991,0
40.8052,-73.9629,-1
40.7199,-73.9552,1
40.7724,-73.9631,0
40.7499,-73.977,0
40.7159,-74.0132,0
40.7103,-74.0054,0
40.7651,-73.9751,0
40.6718,-73.9586,-1
40.6753,-73.9887,0
40.7635,-73.9735,0
40.6762,-73.9989,0
40.7581,-73.9922,0
40.6613,-74.0002,-1
40.7521,-74.0235,-1
40.7325,-73.9914,0
40.746,-73.9866,0
40.8114,-73.9582,-1
40.7025,-73.9867,0
40.7492,-73.9756,0
40.7388,-74.009,0
40.7743,-73.9483,0
40.7767,-73.9602,0
40.6356,-73.912,-1
40.7218,-73.9874,0
40.6949,-73.934,-1
40.7604,-73.966,0
40.6872,-74.0007,0
40.752,-73.9774,0
40.7186,-73.9948,0
40.7534,-73.9697,0
40.7528,-74.0028,0
40.776,-73.9574,0
40.7344,-73.9897,0
40.7196,-73.9997,0
40.7585,-73.9632,0
40.7647,-73.9702,0
40.7578,-73.9891,0
40.6874,-73.9707,0
40.76,-73.8282,-1
40.7213,-73.9607,1
40.7274,-73.9868,0
40.7388,-74.0352,-1
40.7271,-73.9802,0
40.7593,-73.9954,0
40.7884,-73.9725,0
40.7543,-73.9689,0
40.7514,-73.9937,0
40.7441,-74.0067,0
40.7297,-74.0043,0
40.7804,-73.9517,0
40.7491,-73.9837,0
40.7124,-73.9525,1
40.7087,-73.9455,1
40.7281,-74.0009,0
40.7334,-74.0045,0
40.7886,-73.9709,0
40.7283,-73.9995,0
40.7452,-73.9908,0
40.7368,-73.9789,0
40.753,-73.993,0
40.7077,-74.0082,0
40.7627,-73.9755,0
40.7691,-73.9591,0
40.7636,-73.979,0
40.7221,-73.9772,0
40.7297,-73.9967,0
40.7879,-73.9444,0
40.7554,-73.9681,0
40.7373,-73.9923,0
40.7693,-73.9958,0
40.7369,-73.986,0
40.7504,-73.9791,0
40.7445,-73.9807,0
40.7236,-74.0109,0
40.7227,-73.9984,0
40.7528,-74.004,0
40.7438,-74.0062,0
40.6908,-73.9149,-1
40.7406,-73.9863,0
40.7169,-73.9958,0
40.7453,-73.9944,0
40.7434,-73.9841,0
40.7267,-74.0769,-1
40.7499,-73.9776,0
40.733,-74.0075,0
40.7587,-73.9658,0
40.7672,-73.9526,0
40.7225,-73.9971,0
40.7498,-73.9993,0
40.7576,-73.9737,0
40.754,-73.9739,0
40.7459,-73.9823,0
40.7345,-73.9824,0
40.7966,-73.9624,-1
40.772,-73.9827,0
40.7805,-73.9875,0
40.7305,-74.0026,0
40.6892,-73.9911,0
40.7745,-73.8989,-1
40.7397,-74.0005,0
40.7614,-73.9935,0
40.7387,-73.9855,0
40.744,-73.9913,0
40.7928,-73.9713,0
40.7668,-73.9593,0
40.6758,-73.9007,-1
40.779,-73.9562,0
40.7635,-73.9631,0
40.7665,-73.8863,-1
40.7595,-73.9869,0
40.7832,-73.9783,0
40.8235,-73.9435,-1
40.7459,-73.9882,0
40.7152,-74.0139,0
40.7485,-73.989,0
40.7442,-73.9875,0
40.7728,-73.9821,0
40.7063,-73.9503,1
40.7557,-74.0018,0
40.7411,-74.0356,-1
40.7028,-73.9944,0
40.7135,-73.997,0
40.7717,-73.9823,0
40.7729,-73.9646,0
40.7717,-73.9812,0
40.6926,-73.9484,-1
40.754,-73.9883,0
40.7834,-73.9572,0
40.778,-73.9563,0
40.7957,-73.9325,-1
40.7514,-73.9799,0
40.7261,-74.0093,0
40.7616,-73.9636,0
40.7109,-73.9337,-1
40.6875,-73.9601,0
40.7229,-74.0027,0
40.7712,-73.966,0
40.7712,-73.966,0
40.7603,-73.9988,0
40.7411,-73.9983,0
40.7421,-73.9908,0
40.7511,-73.9779,0
40.7186,-74.001,0
40.7162,-74.0126,0
40.7721,-74.0185,-1
40.7224,-73.9996,0
40.7224,-73.9996,0
40.744,-73.9839,0
40.7443,-73.9919,0
40.744,-73.9859,0
40.8066,-73.9567,-1
40.7386,-73.9998,0
40.776,-73.9626,0
40.7824,-73.9805,0
40.6827,-73.9165,-1
40.7529,-73.9932,0
40.672,-74.0107,-1
40.7382,-73.9819,0
40.7082,-74.0009,0
40.7438,-73.9968,0
40.7729,-73.9799,0
40.7283,-73.9757,0
40.7283,-73.9757,0
40.7152,-73.9924,0
40.7109,-73.9878,0
40.744,-73.9819,0
40.768,-73.9683,0
40.7468,-74.005,0
40.7512,-73.981,0
40.7214,-73.9818,0
40.7237,-73.9835,0
40.6838,-73.9207,-1
40.771,-73.8665,2
40.6785,-74.0104,-1
40.7689,-73.9853,0
40.725,-73.9817,0
40.7543,-73.9423,-1
40.7459,-73.9942,0
40.7204,-74.0102,0
40.7467,-74.0018,0
40.6327,-73.9235,-1
40.7402,-74.0059,0
40.7072,-74.0172,0
40.738,-73.9964,0
40.7188,-73.9452,1
40.7188,-73.9452,1
40.7717,-73.9656,0
40.7157,-73.9536,1
40.7215,-73.9936,0
40.7683,-73.9548,0
40.768,-73.9918,0
40.6932,-73.9679,0
40.7129,-73.9492,1
40.7249,-74.0027,0
40.7726,-73.9861,0
40.6723,-74.0124,-1
40.7236,-74.0106,0
40.7452,-73.983,0
40.7396,-73.985,0
40.7206,-73.9621,1
40.7641,-73.9717,0
40.7648,-73.8221,-1
40.7648,-73.8221,-1
40.7426,-74.0281,-1
40.7386,-73.9955,0
40.7386,-73.9996,0
40.7483,-74.0055,0
40.7421,-74.0045,0
40.6809,-74.0017,0
40.7378,-74.0004,0
40.7378,-74.0004,0
40.7592,-73.9729,0
40.7251,-73.9991,0
40.6879,-73.9692,0
40.6907,-73.9957,0
40.7756,-73.984,0
40.7666,-73.9674,0
40.6856,-73.9875,0
40.7459,-73.9883,0
40.7689,-73.9821,0
40.6895,-73.9682,0
40.7208,-74.0018,0
40.7403,-73.9906,0
40.6751,-73.9731,0
40.7501,-73.9863,0
40.7177,-74.014,0
40.8002,-73.9692,0
40.7786,-73.9885,0
40.7477,-74.0063,0
40.7649,-73.9705,0
40.7699,-73.9668,0
40.7484,-74.0055,0
40.7258,-74.0055,0
40.7457,-73.9869,0
40.7605,-73.9952,0
40.6687,-73.9838,0
40.7521,-73.9276,-1
40.7524,-73.9917,0
40.7617,-73.986,0
40.6867,-73.9667,0
40.7772,-73.9434,0
40.7462,-73.9032,-1
40.7185,-74.0038,0
40.8144,-73.9436,-1
40.7506,-73.9872,0
40.6656,-73.9794,0
40.7649,-73.9682,0
40.7405,-73.9945,0
40.7194,-74.0,0
40.6733,-73.9831,0
40.7495,-74.0065,0
40.6721,-74.0108,-1
40.7618,-73.9902,0
40.7618,-73.9902,0
40.7441,-73.9821,0
40.746,-73.9568,-1
40.7341,-73.9885,0
40.7748,-73.9627,0
40.7394,-74.0028,0
40.7399,-74.0081,0
40.7741,-73.9454,0
40.7403,-73.9948,0
40.7034,-73.9178,-1
40.7636,-73.9674,0
40.7937,-73.973,0
40.7401,-73.9947,0
40.7472,-73.9895,0
40.6522,-73.8753,-1
40.707,-74.0162,0
40.7662,-73.9783,0
40.7449,-73.9821,0
40.7664,-73.9685,0
40.7008,-74.0162,0
40.7428,-74.0078,0
40.7466,-73.9936,0
40.7288,-73.9862,0
40.7734,-73.9449,0
40.7284,-73.9847,0
40.7552,-73.9839,0
40.7317,-73.961,1
40.7332,-73.987,0
40.7746,-73.9897,0
40.8036,-73.9694,-1
40.6725,-74.0115,-1
40.6725,-74.0115,-1
40.7806,-73.9544,0
40.774,-73.8725,2
40.7335,-74.0082,0
40.6715,-73.9712,0
40.7183,-74.0005,0
40.7491,-73.9842,0
40.765,-73.9685,0
40.7617,-73.9682,0
40.7617,-73.9682,0
40.7495,-73.9702,0
40.7806,-73.9458,0
40.7254,-74.0002,0
40.6805,-74.0012,0
40.6979,-73.9943,0
40.732,-73.9987,0
40.7364,-74.0022,0
40.7244,-73.9978,0
40.7263,-73.9917,0
40.7205,-73.9944,0
40.7285,-73.9996,0
40.7518,-73.9938,0
40.7516,-73.9938,0
40.7184,-73.9929,0
40.7372,-73.9792,0
40.7364,-74.0034,0
40.7234,-74.0053,0
40.7365,-73.9891,0
40.7482,-74.0052,0
40.7478,-73.985,0
40.7734,-73.9055,-1
40.7613,-74.0,0
40.7289,-74.0052,0
40.6731,-74.0124,-1
40.7142,-74.0138,0
40.7382,-73.993,0
40.7371,-74.0027,0
40.7574,-73.9607,0
40.6824,-73.9386,-1
40.7381,-74.0024,0
40.6231,-74.0258,-1
40.7332,-73.9754,0
40.7258,-74.0053,0
40.8003,-73.9712,0
40.7616,-73.9737,0
40.7794,-73.9447,0
40.7326,-74.0034,0
40.6889,-73.988,0
40.7685,-73.9576,0
40.755,-74.0,0
40.7352,-73.9916,0
40.7205,-73.8372,-1
40.7403,-73.9946,0
40.7403,-73.9946,0
40.7356,-74.0041,0
40.7184,-73.9494,1
40.7622,-73.9706,0
40.7237,-74.0029,0
40.7472,-73.9897,0
40.694,-73.9963,0
40.6701,-73.9845,0
40.7239,-73.9822,0
40.705,-74.0113,0
40.7179,-73.9904,0
40.7958,-73.9425,-1
40.7327,-73.9878,0
40.6939,-73.968,0
40.7549,-73.9899,0
40.7613,-73.9699,0
40.7791,-73.9622,0
40.6924,-73.9427,-1
40.7549,-74.0022,0
40.7848,-73.9822,0
40.8324,-73.945,-1
40.8324,-73.945,-1
40.7308,-73.9861,0
40.7167,-73.9984,0
40.7276,-73.998,0
40.7392,-73.9821,0
40.7805,-73.973,0
40.7667,-73.9653,0
40.7774,-73.9629,0
40.7264,-73.996,0
40.7924,-73.9763,0
40.7572,-73.9625,0
40.7297,-73.9785,0
40.7745,-73.9574,0
40.7422,-73.9931,0
40.747,-73.9908,0
40.7076,-73.9466,1
40.745,-73.9873,0
40.7243,-74.0022,0
40.7788,-73.9093,-1
40.8162,-73.9397,-1
40.7202,-74.0085,0
40.6581,-73.9967,-1
40.7195,-73.9995,0
40.7167,-74.0043,0
40.7146,-73.997,0
40.7404,-74.0075,0
40.7597,-73.9964,0
40.7369,-73.9888,0
40.7095,-74.0067,0
40.7517,-73.9907,0
40.774,-73.8727,2
40.6964,-73.9182,-1
40.7415,-73.9551,-1
40.777,-73.9621,0
40.6867,-73.9902,0
40.7282,-73.9829,0
40.7045,-73.9241,-1
40.7443,-74.0406,-1
40.7133,-73.9435,1
40.7133,-73.9435,1
40.7163,-74.0079,0
40.6964,-73.9973,0
40.7616,-73.9712,0
40.6729,-74.0121,-1
40.7639,-73.968,0
40.7358,-74.0067,0
40.7427,-74.0371,-1
40.7212,-73.9418,1
40.7183,-73.9542,1
40.7738,-73.9547,0
40.7477,-74.004,0
40.745,-73.9888,0
40.6617,-73.9796,0
40.7867,-73.9809,0
40.7479,-73.981,0
40.7217,-73.9889,0
40.7217,-73.9889,0
40.7381,-74.0082,0
40.7426,-73.9919,0
40.7619,-73.9683,0
40.7239,-73.9963,0
40.7456,-74.0062,0
40.7047,-73.9346,-1
40.7047,-73.9346,-1
40.6597,-73.9479,-1
40.7942,-73.9211,-1
40.7387,-73.985,0
40.7241,-74.0096,0
40.7241,-74.0096,0
40.7452,-73.9768,0
40.8491,-73.828,-1
40.7456,-73.9435,-1
40.7171,-73.9498,1
40.7494,-73.9868,0
40.7183,-73.9855,0
40.7394,-74.0015,0
40.6733,-73.9827,0
40.725,-73.9984,0
40.757,-73.9844,0
40.7523,-73.9747,0
40.7751,-73.9835,0
40.7496,-74.0031,0
40.7832,-73.9467,0
40.7175,-73.9996,0
40.757,-73.9899,0
40.7493,-73.9841,0
40.7484,-73.9997,0
40.7177,-74.0058,0
40.718,-73.9902,0
40.7397,-73.9982,0
40.724,-74.0032,0
40.7466,-73.9903,0
40.7677,-73.9686,0
40.757,-73.9718,0
40.7457,-74.0092,0
40.6721,-74.0108,-1
40.7523,-73.982,0
40.7043,-74.0116,0
40.7172,-73.9587,1
40.7436,-73.988,0
40.765,-73.9647,0
40.6519,-73.9694,-1
40.6411,-73.9646,-1
40.7413,-73.9941,0
40.6559,-73.9768,-1
40.6796,-73.9737,0
40.7132,-73.9888,0
40.7265,-73.9563,1
40.7785,-73.9626,0
40.722,-74.0062,0
40.7955,-73.9329,-1
40.7799,-73.9559,0
40.7617,-73.9872,0
40.7073,-74.0044,0
40.7375,-73.9967,0
40.7635,-73.9827,0
40.748,-73.9815,0
40.7092,-74.0163,0
40.7711,-73.9833,0
40.6846,-73.9722,0
40.742,-74.0039,0
40.7704,-73.9541,0
40.7213,-73.9986,0
40.7618,-73.979,0
40.7145,-73.9971,0
40.7756,-73.9525,0
40.8044,-73.9478,-1
40.7298,-74.0081,0
40.7611,-73.9785,0
40.6731,-73.9787,0
40.7699,-73.961,0
40.6738,-73.9686,0
40.6738,-73.9686,0
40.7376,-73.9963,0
40.751,-74.0018,0
40.6914,-73.9386,-1
40.7786,-73.9889,0
40.7975,-73.9374,-1
40.6721,-73.9887,0
40.8093,-73.9628,-1
40.7229,-73.993,0
40.716,-74.0123,0
40.7421,-74.008,0
40.7617,-73.9787,0
40.7641,-73.9765,0
40.6845,-73.9784,0
40.7524,-73.9688,0
40.6734,-74.0128,-1
40.7139,-73.9515,1
40.7699,-73.9649,0
40.7195,-73.9605,1
40.7198,-73.9623,1
40.725,-73.9993,0
40.7571,-73.9973,0
40.7571,-73.9973,0
40.7613,-73.9659,0
40.7919,-73.9396,-1
40.7847,-73.9827,0
40.7485,-73.9822,0
40.6979,-73.9334,-1
40.7752,-73.9769,0
40.7277,-73.9911,0
40.7477,-73.9724,0
40.7724,-73.982,0
40.7815,-73.9756,0
40.7553,-73.9775,0
40.7177,-74.0139,0
40.7781,-73.9803,0
40.781,-73.9532,0
40.7416,-73.9937,0
40.6723,-74.0108,-1
40.7458,-73.9937,0
40.7213,-73.9574,1
40.7345,-73.9923,0
40.7624,-73.9901,0
40.7604,-73.997,0
40.7458,-73.9947,0
40.7387,-73.983,0
40.7568,-73.973,0
40.7572,-73.9672,0
40.7626,-73.9719,0
40.6857,-73.9918,0
40.6807,-73.9947,0
40.7707,-73.9649,0
40.7636,-73.9807,0
40.7647,-73.9683,0
40.7401,-73.9949,0
40.7741,-73.8727,2
40.7099,-74.0153,0
40.7099,-74.0153,0
40.7626,-73.9682,0
40.8017,-73.9609,-1
40.7698,-73.9603,0
40.7733,-73.9624,0
40.674,-73.9647,0
40.7566,-73.9727,0
40.7786,-73.9626,0
40.739,-73.9832,0
40.6722,-73.9751,0
40.7639,-73.9292,-1
40.7639,-73.9292,-1
40.7613,-73.987,0
40.752,-73.982,0
40.742,-73.9935,0
40.7024,-73.9931,0
40.7571,-73.9993,0
40.7317,-74.0008,0
40.689,-73.9887,0
40.7256,-73.9839,0
40.7754,-73.9635,0
40.7312,-73.9918,0
40.6578,-73.9523,-1
40.7229,-74.001,0
40.7869,-73.9534,0
40.6665,-73.9773,0
40.721,-73.9887,0
40.7106,-73.9653,1
40.7504,-73.9861,0
40.7111,-73.95,1
40.7111,-73.95,1
40.7778,-73.9495,0
40.7064,-74.009,0
40.724,-73.9964,0
40.7622,-73.99,0
40.7657,-73.9548,0
40.7849,-73.9735,0
40.7241,-73.9758,0
40.7026,-74.0121,0
40.7814,-73.95,0
40.7053,-74.0068,0
40.7223,-73.9932,0
40.7302,-73.989,0
40.7482,-73.9742,0
40.671,-73.9549,-1
40.7523,-73.9858,0
40.77,-73.9563,0
40.7526,-73.9756,0
40.7709,-73.9882,0
40.7237,-74.0,0
40.7208,-73.9968,0
40.7255,-73.9893,0
40.7234,-73.9912,0
40.7455,-73.9931,0
40.7276,-73.9953,0
40.8077,-73.9643,-1
40.738,-73.9882,0
40.7421,-74.0021,0
40.7688,-73.9563,0
40.7393,-73.9909,0
40.8018,-73.9667,0
40.7267,-73.9942,0
40.7536,-73.989,0
40.7452,-73.9914,0
40.7573,-73.9933,0
40.7721,-73.9827,0
40.7309,-74.0043,0
40.7307,-73.9954,0
40.8271,-73.9371,-1
40.6913,-73.9844,0
40.7351,-73.8746,-1
40.7451,-73.991,0
40.673,-74.0124,-1
40.672,-74.0107,-1
40.7517,-74.0018,0
40.7265,-74.0075,0
40.7628,-73.9894,0
40.8042,-73.9375,-1
40.7491,-73.9925,0
40.7302,-74.0067,0
40.7341,-73.9997,0
40.6871,-73.997,0
40.7421,-73.9198,-1
40.7212,-73.9984,0
40.6457,-73.9623,-1
40.7704,-73.9804,0
40.7402,-73.9798,0
40.7862,-73.9774,0
40.7761,-73.9757,0
40.7583,-73.9923,0
40.7828,-73.9508,0
40.7828,-73.9508,0
40.7569,-73.9983,0
40.7256,-74.0038,0
40.7433,-73.9939,0
40.7433,-73.9939,0
40.7878,-73.9772,0
40.7252,-74.0032,0
40.7473,-73.9934,0
40.7645,-73.9817,0
40.7746,-73.9619,0
40.7092,-73.913,-1
40.6738,-74.0104,-1
40.7474,-73.9716,0
40.76,-73.9963,0
40.7254,-74.0067,0
40.7684,-73.9845,0
40.748,-73.9967,0
40.7014,-73.9368,-1
40.7796,-73.9504,0
40.7188,-73.9894,0
40.7741,-73.9514,0
40.684,-73.9574,0
40.7517,-73.9841,0
40.6901,-73.9663,0
40.7337,-74.0026,0
40.7261,-73.9918,0
40.672,-74.0107,-1
40.7368,-74.0304,-1
40.7135,-74.012,0
40.7387,-73.9976,0
40.7382,-73.9997,0
40.8052,-73.9658,-1
40.6714,-73.9806,0
40.7436,-73.9728,0
40.7391,-74.0031,0
40.7682,-73.9846,0
40.7082,-74.0069,0
40.7525,-73.9685,0
40.6834,-73.9817,0
40.7317,-74.0055,0
40.7199,-74.0018,0
40.762,-73.9651,0
40.7467,-73.9885,0
40.7624,-73.9412,-1
40.7385,-74.0413,-1
40.7675,-73.9563,0
40.7157,-73.9407,1
40.6759,-73.9662,0
40.6523,-73.9735,-1
40.7358,-73.9928,0
40.7438,-73.9925,0
40.7456,-73.9771,0
40.7125,-73.9607,1
40.7383,-73.9814,0
40.762,-73.9746,0
40.7608,-73.9842,0
40.7249,-74.0058,0
40.7855,-73.9499,0
40.6855,-73.975,0
40.6763,-73.9584,0
40.7014,-73.9443,1
40.7685,-73.8625,2
40.7711,-73.9574,0
40.7203,-74.002,0
40.7167,-73.9972,0
40.7514,-74.0032,0
40.6733,-74.0126,-1
40.7069,-73.8342,-1
40.7069,-73.8342,-1
40.7248,-74.0038,0
40.7477,-73.9718,0
40.7836,-73.9456,0
40.7441,-73.9166,-1
40.7477,-73.9568,0
40.7321,-73.9884,0
40.7454,-73.9944,0
40.7423,-73.9826,0
40.7423,-73.9826,0
40.7369,-74.0064,0
40.7646,-73.9699,0
40.7272,-74.0055,0
40.7272,-74.0055,0
40.7549,-73.9795,0
40.7471,-73.987,0
40.7032,-73.9461,1
40.7877,-73.9811,0
40.7205,-73.9883,0
40.753,-73.9855,0
40.7173,-74.0028,0
40.7657,-73.9547,0
40.7657,-73.9547,0
40.7276,-74.0015,0
40.7423,-73.9908,0
40.79,-73.952,0
40.7647,-73.9703,0
40.7597,-73.9761,0
40.7607,-73.9843,0
40.8078,-73.9515,-1
40.7938,-73.9741,0
40.7294,-73.9998,0
40.6907,-73.9582,0
40.6783,-73.9745,0
40.7417,-73.9938,0
40.745,-73.974,0
40.7304,-73.9896,0
40.6732,-74.0123,-1
40.7288,-73.9863,0
40.7316,-73.9949,0
40.7673,-73.9222,-1
40.6639,-73.9808,0
40.7821,-73.9117,-1
40.7722,-73.9821,0
40.7522,-73.9856,0
40.753,-73.9663,0
40.7329,-74.0074,0
40.7864,-73.9317,-1
40.7638,-73.9802,0
40.6455,-73.9733,-1
40.7225,-73.9594,1
40.7272,-73.9917,0
40.7774,-73.9466,0
40.7547,-73.9638,0
40.7309,-74.0061,0
40.7655,-73.98,0
40.7055,-73.8987,-1
40.7605,-73.9621,0
40.7765,-73.9529,0
40.7478,-73.9567,0
40.7608,-73.9687,0
40.7151,-74.0161,0
40.7453,-73.9771,0
40.7261,-73.9919,0
40.6647,-73.9771,0
40.7715,-73.9647,0
40.7595,-73.9876,0
40.6775,-73.9678,0
40.7414,-74.0014,0
40.7505,-73.9698,0
40.7505,-73.9698,0
40.7256,-74.0052,0
40.7028,-73.995,0
40.7321,-73.9998,0
40.7368,-73.9897,0
40.7556,-73.9937,0
40.6326,-73.9472,-1
40.7979,-73.9695,0
40.7137,-73.9547,1
40.6997,-73.9514,1
40.6873,-73.954,0
40.7446,-73.981,0
40.7746,-73.988,0
40.7239,-73.9766,0
40.7239,-73.9766,0
40.7558,-73.9409,-1
40.723,-73.9476,1
40.7487,-73.9177,-1
40.6837,-73.9871,0
40.8101,-73.9471,-1
40.6636,-73.9628,-1
40.7547,-74.007,0
40.7127,-73.9652,1
40.7826,-73.9512,0
40.7741,-73.872,2
40.7381,-73.9735,0
40.733,-74.0023,0
40.7465,-73.9946,0
40.6677,-73.9743,0
40.6314,-73.9475,-1
40.773,-73.9583,0
40.8082,-73.9643,-1
40.7418,-73.9266,-1
40.7473,-74.0011,0
40.7882,-73.9722,0
40.6882,-73.9571,0
40.7081,-74.0063,0
40.7257,-73.9789,0
40.7403,-74.008,0
40.8141,-73.9604,-1
40.8141,-73.9604,-1
40.7178,-73.9477,1
40.7272,-74.0062,0
40.7272,-74.0062,0
40.7556,-73.9934,0
40.7153,-73.99,0
40.7156,-74.015,0
40.7884,-73.9807,0
40.6654,-73.9895,0
40.7214,-73.9886,0
40.722,-73.9578,1
40.7536,-73.9837,0
40.7739,-73.8715,2
40.7154,-74.016,0
40.6668,-73.9814,0
40.6233,-73.9172,-1
40.7303,-73.9928,0
40.75,-73.9863,0
40.7502,-73.8865,-1
40.7146,-74.0009,0
40.6647,-73.9772,0
40.7554,-74.0023,0
40.7258,-73.9947,0
40.7637,-73.9797,0
40.7318,-73.9913,0
40.7517,-74.0081,0
40.7557,-73.9831,0
40.7389,-73.9957,0
40.7256,-73.9933,0
40.7695,-73.9637,0
40.7741,-73.873,2
40.7435,-73.9818,0
40.7348,-73.9993,0
40.7284,-74.0,0
40.7292,-73.9577,1
40.714,-74.0089,0
40.7726,-73.9469,0
40.7253,-73.9961,0
40.7306,-74.0068,0
40.7375,-73.9797,0
40.6686,-73.9801,0
40.742,-74.0047,0
40.7739,-73.9525,0
40.7603,-73.9849,0
40.7051,-74.0114,0
40.7441,-73.9804,0
40.7656,-73.9588,0
40.7756,-73.9805,0
40.7584,-73.9751,0
40.8062,-73.9637,-1
40.7541,-73.9823,0
40.7237,-74.0006,0
40.7514,-74.0032,0
40.8072,-73.9645,-1
40.6787,-73.9789,0
40.7577,-73.9741,0
40.7386,-74.0081,0
40.7213,-73.9977,0
40.7693,-73.9596,0
40.6722,-73.9904,0
40.7516,-74.008,0
40.7033,-73.9907,0
40.7025,-73.9933,0
40.7544,-73.991,0
40.7255,-73.9985,0
40.802,-73.9615,-1
40.7614,-73.9682,0
40.7047,-74.0166,0
40.718,-73.9949,0
40.7225,-73.9861,0
40.7772,-73.9753,0
40.7169,-74.0144,0
40.7558,-73.9663,0
40.6252,-73.9619,-1
40.6922,-73.9218,-1
40.6523,-73.9644,-1
40.7503,-73.9911,0
40.7326,-74.0003,0
40.7326,-74.0003,0
40.7153,-73.9562,1
40.7531,-73.9791,0
40.653,-73.9578,-1
40.653,-73.9578,-1
40.7793,-73.9772,0
40.781,-73.9815,0
40.7042,-74.0069,0
40.7194,-74.0105,0
40.7764,-73.9764,0
40.7115,-74.0158,0
40.73,-74.0068,0
40.729,-74.0009,0
40.7566,-73.9932,0
40.748,-74.008,0
40.723,-73.9949,0
40.7396,-73.9795,0
40.7456,-73.972,0
40.7983,-73.9337,-1
40.7389,-74.0038,0
40.7192,-74.0065,0
40.7799,-73.9595,0
40.7741,-73.9814,0
40.7515,-74.0034,0
40.7333,-73.9832,0
40.764,-73.9588,0
40.6937,-73.9689,0
40.7702,-73.9815,0
40.7096,-73.996,0
40.7999,-73.9622,-1
40.8014,-73.9701,0
40.7436,-73.9509,-1
40.7475,-73.9808,0
40.7341,-73.9779,0
40.7462,-73.9798,0
40.7321,-73.996,0
40.7598,-73.9781,0
40.6869,-73.9849,0
40.7258,-73.9975,0
40.84,-73.9405,-1
40.6723,-73.8928,-1
40.7833,-73.9478,0
40.7833,-73.9478,0
40.7521,-73.9861,0
40.7582,-73.9891,0
40.7197,-73.9886,0
40.7197,-73.9886,0
40.7185,-74.0009,0
40.8484,-73.9345,-1
40.7739,-73.8724,2
40.7739,-73.8724,2
40.7226,-73.9932,0
40.74,-73.9972,0
40.7609,-73.9988,0
40.7954,-73.9329,-1
40.7656,-73.9664,0
40.6596,-73.9481,-1
40.6787,-73.9788,0
40.7899,-73.9753,0
40.7261,-74.0016,0
40.7213,-73.9818,0
40.7329,-74.0072,0
40.7441,-73.9916,0
40.7176,-74.0159,0
40.7624,-73.9964,0
40.6819,-73.8233,-1
40.7653,-73.9752,0
40.7376,-73.9877,0
40.7376,-73.9877,0
40.6978,-73.9356,-1
40.6607,-73.9527,-1
40.756,-73.9635,0
40.7377,-73.861,-1
40.7698,-73.969,0
40.7246,-73.9916,0
40.7773,-73.9176,-1
40.7578,-74.0005,0
40.7789,-73.9762,0
40.7024,-73.9932,0
40.7161,-74.0058,0
40.7205,-73.9872,0
40.7921,-73.9644,0
40.7137,-73.9853,0
40.7746,-73.9841,0
40.7213,-73.9779,0
40.8098,-73.9205,-1
40.7749,-73.9901,0
40.774,-73.8726,2
40.7572,-73.9665,0
40.7475,-73.9865,0
40.6412,-73.9599,-1
40.7183,-73.954,1
40.7296,-73.9577,1
40.7884,-73.9807,0
40.6862,-73.9502,-1
40.7615,-73.9748,0
40.706,-73.9447,1
40.6911,-73.9538,0
40.7559,-73.9808,0
40.6776,-73.9983,0
40.7253,-73.9922,0
40.7828,-73.9593,0
40.7173,-74.003,0
40.6701,-73.9078,-1
40.7508,-73.9871,0
40.7145,-73.9577,1
40.679,-74.0068,-1
40.7724,-73.9557,0
40.8223,-73.8567,-1
40.7654,-73.9773,0
40.7402,-73.9948,0
40.7409,-73.9974,0
40.7349,-74.0001,0
40.775,-73.9509,0
40.6649,-73.9846,0
40.6936,-73.9255,-1
40.7611,-74.0003,0
40.7341,-73.9931,0
40.7054,-74.0171,0
40.7054,-74.0171,0
40.7453,-73.9906,0
40.7446,-73.9812,0
40.7908,-73.9652,0
40.8143,-73.9473,-1
40.7163,-73.9551,1
40.7331,-73.9888,0
40.7598,-73.9703,0
40.7954,-73.9321,-1
40.7388,-74.0089,0
40.7382,-74.0038,0
40.6666,-73.956,-1
40.7423,-73.9908,0
40.6937,-73.983,0
40.6937,-73.983,0
40.7188,-73.9523,1
40.7508,-73.9702,0
40.7327,-74.0046,0
40.7247,-74.0017,0
40.7264,-73.9863,0
40.734,-73.9949,0
40.7744,-73.9816,0
40.7181,-73.995,0
40.7673,-73.9864,0
40.7053,-74.0172,0
40.682,-73.8512,-1
40.6863,-73.9694,0
40.6781,-73.9451,-1
40.7741,-73.8726,2
40.7143,-74.0078,0
40.7571,-74.0011,0
40.7086,-73.922,-1
40.6845,-73.9948,0
40.7245,-73.9914,0
40.7307,-73.9903,0
40.7841,-73.9739,0
40.7721,-73.9461,0
40.7207,-73.9842,0
40.7652,-73.9786,0
40.7382,-73.9879,0
40.722,-73.9864,0
40.7093,-74.0135,0
40.7671,-73.9894,0
40.8046,-73.9553,-1
40.762,-73.9638,0
40.7297,-73.9941,0
40.6581,-73.9599,-1
40.731,-73.9752,0
40.7518,-73.8108,-1
40.7838,-73.9778,0
40.6751,-73.9658,0
40.7463,-73.9883,0
40.724,-73.998,0
40.7531,-73.884,-1
40.6878,-73.9696,0
40.8063,-73.9592,-1
40.7236,-74.0108,0
40.7249,-73.9845,0
40.7203,-73.9617,1
40.7252,-73.9951,0
40.7205,-74.0033,0
40.7205,-74.0033,0
40.7681,-73.9083,-1
40.6635,-73.9844,0
40.7647,-73.9981,0
40.7326,-73.9816,0
40.7326,-73.9816,0
40.7312,-73.9903,0
40.6963,-73.9832,0
40.7228,-73.9969,0
40.6909,-73.9573,0
40.7724,-73.9608,0
40.73,-74.002,0
40.7215,-73.9876,0
40.7805,-73.984,0
40.7246,-73.9986,0
40.7089,-74.0009,0
40.7128,-73.957,1
40.6933,-74.0011,0
40.66,-73.9808,0
40.7248,-73.9768,0
40.7908,-73.9787,0
40.6306,-74.0273,-1
40.7562,-73.9234,-1
40.7081,-73.9422,1
40.7423,-73.999,0
40.7279,-73.9881,0
40.7288,-73.9875,0
40.6823,-73.9264,-1
40.714,-73.991,0
40.7703,-73.9815,0
40.7201,-74.0012,0
40.7323,-73.9946,0
40.7588,-73.9607,0
40.7206,-73.9871,0
40.7524,-74.0018,0
40.6721,-74.0106,-1
40.736,-73.9958,0
40.7792,-73.9826,0
40.8558,-73.8874,-1
40.7365,-73.8648,-1
40.6729,-74.0086,-1
40.7565,-73.9903,0
40.7818,-73.9576,0
40.7442,-73.9786,0
40.7299,-73.9891,0
40.7517,-74.0038,0
40.7299,-73.9871,0
40.7174,-74.0037,0
40.6437,-73.9123,-1
40.7378,-73.9882,0
40.7224,-74.0011,0
40.7738,-73.874,2
40.7738,-73.874,2
40.7426,-73.9534,-1
40.6849,-73.9294,-1
40.7405,-74.0062,0
40.7553,-73.9385,-1
40.7513,-73.9717,0
40.7234,-73.9928,0
40.7248,-73.9943,0
40.7079,-74.0056,0
40.7232,-73.9898,0
40.7627,-73.9628,0
40.7205,-73.994,0
40.8251,-73.8833,-1
40.7688,-73.9624,0
40.7225,-73.9594,1
40.7113,-74.0055,0
40.7257,-73.9777,0
40.7691,-73.9695,0
40.7457,-73.9802,0
40.7195,-73.9999,0
40.7258,-74.0029,0
40.7338,-73.9994,0
40.7166,-73.9591,1
40.7481,-73.9568,0
40.7318,-73.9831,0
40.7271,-73.9827,0
40.7404,-73.9904,0
40.7474,-74.0082,0
40.7738,-73.8714,2
40.7209,-74.0085,0
40.757,-73.9184,-1
40.7558,-73.9792,0
40.7449,-73.9839,0
40.7182,-74.0003,0
40.7311,-73.9996,0
40.7462,-73.9128,-1
40.7864,-73.9564,0
40.7654,-73.9935,0
40.7567,-73.9982,0
40.7243,-73.9889,0
40.7352,-73.9891,0
40.7733,-73.9547,0
40.7733,-73.9547,0
40.7333,-73.9971,0
40.7408,-74.0056,0
40.7463,-73.9864,0
40.774,-73.8727,2
40.7425,-73.9837,0
40.6897,-73.9761,0
40.7135,-73.9972,0
40.7537,-73.9874,0
40.7216,-73.9429,1
40.7358,-74.0008,0
40.743,-73.9911,0
40.6921,-74.0006,0
40.7596,-73.9788,0
40.7269,-74.0002,0
40.7355,-73.9864,0
40.7356,-73.9896,0
40.689,-73.9908,0
40.7622,-73.9702,0
40.6369,-73.9782,-1
40.7625,-73.8953,-1
40.7594,-73.9942,0
40.7291,-73.9827,0
40.7501,-73.9913,0
40.7393,-73.9883,0
40.718,-74.01,0
40.8077,-73.9412,-1
40.7741,-73.8725,2
40.7081,-73.9401,1
40.7191,-73.9585,1
40.763,-73.9742,0
40.7698,-73.9507,0
40.7588,-73.9777,0
40.7215,-74.0091,0
40.7546,-73.927,-1
40.6386,-73.9735,-1
40.7655,-73.981,0
40.7655,-73.981,0
40.7187,-73.9957,0
40.7804,-73.9874,0
40.7435,-74.0031,0
40.7909,-73.9765,0
40.7724,-73.9671,0
40.7696,-73.965,0
40.7626,-73.9773,0
40.672,-74.0107,-1
40.7381,-73.9909,0
40.7533,-73.9706,0
40.7177,-74.0058,0
40.7262,-73.9839,0
40.7218,-74.002,0
40.7565,-74.0015,0
40.7324,-74.0037,0
40.7324,-74.0037,0
40.7199,-73.9955,0
40.7798,-73.9823,0
40.7584,-73.9929,0
40.7734,-73.9549,0
40.7276,-74.0025,0
40.7276,-74.0025,0
40.7297,-74.0082,0
40.727,-74.002,0
40.6865,-73.9725,0
40.7819,-73.9718,0
40.7371,-74.0031,0
40.8239,-73.9443,-1
40.745,-73.9757,0
40.7393,-73.9803,0
40.7468,-73.99,0
40.7312,-74.0067,0
40.697,-73.9356,-1
40.6712,-73.9714,0
40.7323,-73.9965,0
40.7221,-74.0006,0
40.7586,-73.9774,0
40.7312,-74.01,0
40.7287,-73.994,0
40.7266,-73.996,0
40.7683,-73.9691,0
40.7818,-73.985,0
40.6904,-73.9095,-1
40.7235,-74.0006,0
40.6775,-73.9813,0
40.7262,-73.9918,0
40.7152,-73.9917,0
40.7152,-74.0076,0
40.7419,-73.9904,0
40.7275,-73.9443,1
40.7692,-73.9811,0
40.7374,-73.9968,0
40.6607,-73.9628,-1
40.7528,-73.9777,0
40.7765,-73.9884,0
40.6865,-73.9353,-1
40.7432,-74.0071,0
40.7283,-73.989,0
40.7507,-73.9821,0
40.7411,-73.9858,0
40.6943,-73.9872,0
40.7492,-74.0037,0
40.7404,-73.9789,0
40.7629,-73.9593,0
40.8254,-73.9475,-1
40.7493,-74.0059,0
40.7338,-74.0012,0
40.7743,-73.9772,0
40.6928,-73.9579,0
40.659,-74.0017,-1
40.7012,-73.9868,0
40.7646,-73.9664,0
40.7372,-73.9793,0
40.7411,-74.0056,0
40.7411,-74.0056,0
40.7765,-73.9103,-1
40.6962,-73.9678,0
40.7016,-73.8908,-1
40.7793,-73.9453,0
40.7311,-73.9888,0
40.7678,-73.9678,0
40.7162,-73.9555,1
40.7418,-73.9959,0
40.6972,-73.9321,-1
40.6505,-73.9428,-1
40.7185,-73.9632,1
40.7225,-73.9933,0
40.7507,-73.9909,0
40.7545,-73.9899,0
40.7248,-74.0017,0
40.7744,-73.9823,0
40.7602,-73.9741,0
40.7836,-73.9589,0
40.7406,-74.0057,0
40.7472,-73.9421,-1
40.7136,-73.9344,-1
40.7456,-74.0092,0
40.6724,-73.9803,0
40.7419,-73.9795,0
40.7419,-73.9795,0
40.7629,-73.9857,0
40.7629,-73.9857,0
40.7348,-74.0022,0
40.7243,-73.9891,0
40.7065,-73.937,-1
40.7305,-74.009,0
40.6921,-73.9852,0
40.7116,-73.9358,1
40.7248,-73.9938,0
40.7489,-74.0071,0
40.7393,-73.9914,0
40.7809,-73.9612,0
40.7564,-73.9731,0
40.7407,-74.0077,0
40.7674,-73.9621,0
40.703,-73.9906,0
40.7365,-73.9816,0
40.7635,-73.9819,0
40.7339,-73.9993,0
40.7339,-74.0012,0
40.7402,-73.9948,0
40.7174,-74.0036,0
40.7556,-73.965,0
40.7443,-73.9854,0
40.7418,-73.8808,-1
40.6648,-73.9768,0
40.6662,-73.9788,0
40.8052,-73.9547,-1
40.7399,-73.9825,0
40.7779,-73.9794,0
40.7854,-73.9767,0
40.7215,-73.9506,1
40.7076,-73.9402,1
40.6986,-73.9945,0
40.7076,-73.9402,1
40.6718,-73.9637,0
40.7286,-74.0001,0
40.7286,-74.0001,0
40.7774,-73.9631,0
40.8319,-73.8446,-1
40.7711,-73.968,0
40.703,-73.9946,0
40.7762,-73.9622,0
40.7242,-73.9829,0
40.7344,-73.9988,0
40.7218,-73.958,1
40.766,-73.9656,0
40.6945,-73.9643,0
40.7643,-73.9839,0
40.6828,-74.0001,0
40.7672,-73.9687,0
40.7555,-73.9698,0
40.7039,-74.0072,0
40.7105,-73.9664,1
40.7286,-74.0053,0
40.7633,-73.9966,0
40.7633,-73.9966,0
40.7759,-73.9902,0
40.7587,-73.9814,0
40.7056,-74.0083,0
40.7056,-74.0083,0
40.7685,-73.9659,0
40.7845,-73.9494,0
40.7956,-73.9196,-1
40.7125,-73.9971,0
40.7051,-74.0158,0
40.7219,-74.0086,0
40.6663,-73.9908,0
40.7521,-73.9694,0
40.753,-73.9932,0
40.742,-73.9874,0
40.7823,-73.9767,0
40.7449,-73.9827,0
40.7707,-73.8655,2
40.7639,-73.9887,0
40.7316,-74.0646,-1
40.6418,-73.9607,-1
40.6418,-73.9607,-1
40.746,-74.008,0
40.7252,-73.9949,0
40.7213,-73.998,0
40.6832,-73.9655,0
40.6858,-73.955,0
40.7271,-73.9804,0
40.7994,-73.9592,-1
40.6995,-73.9919,0
40.7612,-73.9599,0
40.6778,-73.984,0
40.7076,-74.005,0
40.74,-73.9868,0
40.7483,-74.0038,0
40.6693,-73.9729,0
40.7264,-73.9803,0
40.6868,-73.9649,0
40.7412,-73.9927,0
40.7412,-73.9927,0
40.7614,-73.998,0
40.7776,-73.9549,0
40.7288,-74.0034,0
40.66,-73.9852,0
40.7399,-73.9987,0
40.7311,-73.9746,0
40.7311,-73.9746,0
40.6492,-73.9253,-1
40.7755,-73.9608,0
40.7133,-73.962,1
40.7348,-73.9993,0
40.7409,-74.0027,0
40.7231,-73.995,0
40.7182,-74.0055,0
40.7008,-73.912,-1
40.7243,-73.9787,0
40.6749,-73.9806,0
40.771,-73.9638,0
40.7741,-73.8718,2
40.8292,-73.8599,-1
40.74,-74.0058,0
40.7613,-73.9015,-1
40.743,-73.9884,0
40.7181,-74.0059,0
40.7555,-73.9681,0
40.7558,-73.9686,0
40.7454,-73.9789,0
40.7679,-73.9387,0
40.7739,-73.9637,0
40.7535,-73.9694,0
40.7363,-73.9883,0
40.7205,-74.001,0
40.7096,-74.0178,0
40.7688,-73.9552,0
40.7007,-73.9256,-1
40.7272,-73.9839,0
40.7997,-73.9699,0
40.7475,-73.8535,-1
40.786,-73.98,0
40.7772,-73.989,0
40.7604,-73.9854,0
40.7287,-73.9803,0
40.717,-74.0146,0
40.7027,-73.9948,0
40.7731,-73.8856,-1
40.774,-73.8728,2
40.725,-73.9993,0
40.6851,-73.9924,0
40.7165,-73.9461,1
40.7236,-73.9796,0
40.732,-74.0034,0
40.7099,-74.01,0
40.7141,-73.95,1
40.7193,-74.0088,0
40.7741,-73.8727,2
40.7179,-73.995,0
40.7476,-74.0006,0
40.7313,-73.9998,0
40.7861,-73.9549,0
40.7442,-73.9747,0
40.7377,-73.9804,0
40.829,-73.8179,-1
40.7312,-73.9882,0
40.774,-73.8726,2
40.7112,-74.0054,0
40.7172,-73.9953,0
40.7482,-73.9749,0
40.7642,-73.9727,0
40.7219,-73.9873,0
40.7452,-73.9887,0
40.6877,-73.9646,0
40.6811,-73.9498,-1
40.7674,-73.9706,0
40.7562,-73.9705,0
40.6842,-73.9992,0
40.7231,-73.9979,0
40.6978,-73.9935,0
40.7409,-73.9894,0
40.6449,-73.9212,-1
40.7471,-73.9857,0
40.7683,-73.8624,2
40.7583,-73.966,0
40.7271,-74.0055,0
40.7388,-74.0088,0
40.7212,-73.9555,1
40.744,-73.9233,-1
40.7672,-73.9558,0
40.8064,-73.9424,-1
40.7138,-73.9575,1
40.7224,-73.9992,0
40.7542,-73.9749,0
40.7542,-73.9749,0
40.7272,-74.0018,0
40.7162,-73.9875,0
40.679,-73.9755,0
40.7352,-73.9943,0
40.7694,-73.9595,0
40.7619,-73.9905,0
40.6851,-73.9535,0
40.7651,-73.9946,0
40.7691,-73.9654,0
40.7325,-73.9526,1
40.7202,-73.9942,0
40.6935,-73.9905,0
40.7243,-73.9933,0
40.7976,-73.9389,-1
40.726,-74.0027,0
40.7097,-74.0068,0
40.7238,-74.0109,0
40.7447,-73.9914,0
40.7659,-73.9887,0
40.7333,-74.0031,0
40.7333,-74.0031,0
40.7188,-73.9502,1
40.6649,-73.9877,0
40.6736,-73.9584,0
40.7634,-73.9806,0
40.7772,-73.949,0
40.6878,-73.9697,0
40.7343,-73.9778,0
40.7737,-73.9004,-1
40.6484,-73.9783,-1
40.7139,-73.9617,1
40.7356,-73.983,0
40.7768,-73.9623,0
40.7286,-73.9515,1
40.7447,-73.9757,0
40.6872,-73.9755,0
40.7407,-74.0044,0
40.7564,-73.9981,0
40.7277,-73.9793,0
40.7454,-74.0022,0
40.7556,-73.9834,0
40.7284,-74.0053,0
40.7395,-73.9911,0
40.7834,-73.9786,0
40.7205,-73.9562,1
40.7269,-73.9802,0
40.7819,-73.9457,0
40.7579,-73.9657,0
40.719,-73.9596,1
40.7871,-73.9541,0
40.7489,-74.0084,0
40.7251,-73.9884,0
40.7261,-73.9783,0
40.7261,-73.9783,0
40.7431,-73.9793,0
40.6724,-73.9327,-1
40.814,-73.9496,-1
40.7215,-73.9993,0
40.7082,-73.9144,-1
40.7691,-73.961,0
40.7385,-73.99,0
40.7385,-73.99,0
40.7163,-74.0092,0
40.675,-73.9891,0
40.7139,-73.958,1
40.7765,-73.9599,0
40.7183,-73.9493,1
40.7609,-73.9864,0
40.7821,-73.9816,0
40.7794,-73.9853,0
40.8056,-73.9658,-1
40.7325,-73.995,0
40.7325,-73.995,0
40.7263,-73.9933,0
40.7407,-74.005,0
40.7851,-73.9537,0
40.7601,-73.9858,0
40.7,-73.9939,0
40.7741,-73.8726,2
40.7203,-74.0087,0
40.6735,-73.9687,0
40.7264,-73.9399,-1
40.7468,-73.9904,0
40.7486,-73.9761,0
40.6567,-74.0067,-1
40.7646,-73.9775,0
40.7711,-73.9812,0
40.6788,-73.9876,0
40.7062,-73.8363,-1
40.7217,-73.989,0
40.7255,-74.0056,0
40.826,-73.9513,-1
40.6869,-73.9845,0
40.7331,-73.9752,0
40.7627,-73.9812,0
40.747,-73.9935,0
40.8275,-73.9259,-1
40.7154,-73.9446,1
40.7239,-73.9802,0
40.6721,-74.0105,-1
40.7614,-73.9993,0
40.7321,-73.9945,0
40.7457,-73.9569,-1
40.7244,-73.9905,0
40.765,-73.9702,0
40.756,-73.975,0
40.7295,-73.988,0
40.7478,-74.0045,0
40.7896,-73.9678,0
40.7466,-73.9913,0
40.6483,-73.9738,-1
40.7069,-73.9238,-1
40.766,-73.9825,0
40.7461,-73.8528,-1
40.7928,-73.9677,0
40.672,-74.0108,-1
40.672,-74.0108,-1
40.6845,-73.9585,0
40.6693,-73.9506,-1
40.741,-74.0079,0
40.67,-73.9394,-1
40.7756,-73.9805,0
40.7486,-73.9928,0
40.7559,-74.0023,0
40.7419,-74.0038,0
40.7204,-73.9617,1
40.7251,-73.9757,0
40.7736,-73.9851,0
40.7343,-73.9898,0
40.7525,-73.8536,-1
40.7336,-74.0063,0
40.7583,-73.9899,0
40.7407,-74.0077,0
40.7676,-73.9565,0
40.7444,-73.9749,0
40.6244,-74.0279,-1
40.7451,-73.9848,0
40.6828,-73.9793,0
40.7373,-73.997,0
40.7771,-73.9809,0
40.7427,-73.9542,-1
40.7593,-73.97,0
40.7104,-73.9659,1
40.6921,-73.9485,-1
40.7096,-74.0147,0
40.7003,-73.9219,-1
40.6945,-73.9831,0
40.7453,-74.0082,0
40.7115,-73.996,0
40.7182,-73.9512,1
40.7614,-73.9159,-1
40.7451,-73.9757,0
40.6747,-73.955,-1
40.7376,-74.0047,0
40.749,-74.0084,0
40.7621,-73.9793,0
40.7636,-73.9597,0
40.6662,-73.9319,-1
40.729,-73.9951,0
40.7306,-74.0017,0
40.7386,-73.9959,0
40.7726,-73.9532,0
40.7262,-74.0017,0
40.7505,-73.9844,0
40.7191,-73.9609,1
40.712,-73.963,1
40.695,-73.9643,0
40.7036,-73.9128,-1
40.7929,-73.9677,0
40.7216,-73.9581,1
40.7481,-73.9429,-1
40.7822,-73.9479,0
40.7449,-73.9914,0
40.7824,-73.9802,0
40.7202,-74.0104,0
40.7684,-73.9618,0
40.6791,-73.9957,0
40.7264,-74.0022,0
40.6448,-73.9719,-1
40.8075,-73.9528,-1
40.7755,-73.9628,0
40.7047,-74.0086,0
40.6712,-73.9783,0
40.7704,-73.9595,0
40.7699,-73.8643,2
40.7703,-73.9833,0
40.7205,-73.9946,0
40.7908,-73.9655,0
40.7691,-73.9814,0
40.7908,-73.9732,0
40.7908,-73.9732,0
40.7117,-73.9623,1
40.7168,-73.9622,1
40.7745,-73.9847,0
40.7964,-73.9362,-1
40.7333,-74.0007,0
40.7577,-73.9167,-1
40.6941,-73.9651,0
40.7337,-73.9806,0
40.7052,-73.9267,-1
40.7163,-74.015,0
40.7674,-73.9709,0
40.7179,-73.9597,1
40.7406,-74.002,0
40.7448,-73.974,0
40.6998,-73.9306,-1
40.6951,-73.9927,0
40.7078,-74.0017,0
40.8552,-73.8774,-1
40.7459,-73.9917,0
40.754,-73.9974,0
40.6721,-74.0131,-1
40.7006,-73.9438,-1
40.7214,-73.9972,0
40.7243,-74.002,0
40.7243,-74.002,0
40.6451,-73.8785,-1
40.7422,-73.995,0
40.7352,-73.9914,0
40.738,-73.9925,0
40.6899,-73.9927,0
40.7239,-73.9969,0
40.788,-73.9423,0
40.6315,-73.935,-1
40.7377,-73.9996,0
40.7377,-73.9996,0
40.7077,-74.0135,0
40.7459,-74.0039,0
40.677,-73.9818,0
40.6634,-73.9811,0
40.722,-73.976,0
40.7183,-73.9601,1
40.7381,-73.99,0
40.718,-73.994,0
40.8192,-73.9407,-1
40.744,-73.9912,0
40.7499,-73.9835,0
40.711,-74.0115,0
40.7554,-73.9771,0
40.7258,-73.9979,0
40.7753,-73.9592,0
40.7209,-74.0052,0
40.6878,-73.9933,0
40.7634,-73.9722,0
40.735,-73.9871,0
40.7296,-73.9934,0
40.8094,-73.9474,-1
40.7513,-73.994,0
40.7652,-73.9916,0
40.6663,-73.9512,-1
40.7364,-73.9933,0
40.8099,-73.919,-1
40.7151,-73.9926,0
40.7787,-73.9473,0
40.7341,-73.9988,0
40.809,-73.9634,-1
40.7755,-73.9501,0
40.7459,-73.8527,-1
40.7226,-74.0105,0
40.7687,-73.8631,2
40.767,-73.9797,0
40.6717,-73.9617,0
40.7751,-73.9886,0
40.7466,-73.976,0
40.7147,-74.0107,0
40.7621,-73.9727,0
40.7623,-73.9856,0
40.7648,-73.9743,0
40.7137,-73.9927,0
40.757,-73.8992,-1
40.7564,-73.9624,0
40.6764,-73.9765,0
40.7431,-74.0064,0
40.7268,-73.9918,0
40.7138,-73.9903,0
40.7849,-73.9791,0
40.7581,-73.9967,0
40.7581,-73.9967,0
40.6922,-73.9269,-1
40.7627,-73.9668,0
40.7627,-73.9668,0
40.6926,-73.9909,0
40.7179,-73.9855,0
40.7816,-73.9486,0
40.7493,-73.9839,0
40.7223,-73.9821,0
40.7695,-73.9853,0
40.7637,-73.9692,0
40.6911,-73.9876,0
40.776,-73.9492,0
40.776,-73.9492,0
40.7242,-73.9976,0
40.7946,-73.9663,0
40.781,-73.9814,0
40.7442,-73.9855,0
40.7422,-73.9746,0
40.675,-73.9767,0
40.7451,-74.0039,0
40.7781,-73.9756,0
40.7365,-73.9908,0
40.766,-73.9909,0
40.7672,-73.961,0
40.7702,-74.0329,-1
40.7627,-73.9969,0
40.708,-74.0167,0
40.6589,-73.9589,-1
40.7042,-74.012,0
40.7553,-73.8161,-1
40.7542,-73.9726,0
40.7707,-73.8655,2
40.7707,-73.8655,2
40.7494,-73.9866,0
40.75,-73.9834,0
40.7139,-73.993,0
40.698,-73.9274,-1
40.7729,-73.9657,0
40.6832,-73.9653,0
40.7841,-73.9484,0
40.7674,-73.8904,-1
40.7524,-73.9753,0
40.7803,-73.9757,0
40.7512,-73.9932,0
40.6944,-74.0005,0
40.7277,-73.9851,0
40.748,-73.9569,0
40.7451,-73.9855,0
40.6929,-73.928,-1
40.7241,-73.9936,0
40.788,-73.9675,0
40.7327,-73.9775,0
40.7029,-73.9811,0
40.7202,-73.9902,0
40.7676,-73.9615,0
40.7492,-73.9756,0
40.7074,-73.9537,1
40.7254,-74.0079,0
40.7662,-73.9697,0
40.7308,-74.0017,0
40.6596,-73.9881,-1
40.7276,-73.9872,0
40.7568,-73.9937,0
40.7568,-73.9937,0
40.7728,-73.9814,0
40.7475,-73.8535,-1
40.7194,-73.9606,1
40.6932,-73.9905,0
40.7506,-73.9696,0
40.7644,-73.9736,0
40.7178,-73.9576,1
40.7703,-73.9805,0
40.7655,-73.97,0
40.714,-73.952,1
40.7781,-73.9889,0
40.6897,-73.9737,0
40.741,-73.989,0
40.7477,-73.8536,-1
40.7611,-73.9981,0
40.7095,-74.0118,0
40.7486,-73.9763,0
40.738,-73.9881,0
40.7224,-74.0052,0
40.7649,-73.9902,0
40.721,-73.9556,1
40.7197,-73.9547,1
40.7382,-73.9867,0
40.7793,-73.9882,0
40.7509,-74.0043,0
40.7779,-73.9556,0
40.7214,-73.9894,0
40.7881,-73.968,0
40.7295,-73.8152,-1
40.7148,-73.949,1
40.7726,-73.9651,0
40.6868,-73.9787,0
40.7717,-73.9824,0
40.7582,-73.9923,0
40.7493,-73.9921,0
40.7573,-73.9743,0
40.7619,-73.9754,0
40.6718,-73.9865,0
40.6718,-73.9865,0
40.6698,-73.9581,-1
40.6752,-73.989,0
40.774,-73.8723,2
40.7476,-73.9847,0
40.7874,-73.9764,0
40.7417,-74.0069,0
40.7225,-73.9936,0
40.7718,-73.9595,0
40.6859,-73.9943,0
40.7644,-73.9707,0
40.7327,-73.9953,0
40.7353,-74.006,0
40.7705,-73.9919,0
40.7855,-73.9575,0
40.7492,-73.9764,0
40.7781,-73.9785,0
40.7741,-73.8725,2
40.7376,-73.9901,0
40.7775,-73.9452,0
40.7431,-73.9938,0
40.7473,-73.9769,0
40.7549,-73.9951,0
40.8249,-73.9527,-1
40.7186,-74.0088,0
40.8047,-73.9379,-1
40.7634,-73.9669,0
40.7636,-73.9825,0
40.7456,-73.9908,0
40.7022,-73.9929,0
40.7125,-74.0089,0
40.7703,-73.9664,0
40.7265,-73.9773,0
40.7177,-73.9602,1
40.7388,-73.9898,0
40.6974,-73.9737,0
40.7202,-73.9884,0
40.7456,-73.9824,0
40.753,-73.9808,0
40.7888,-73.9782,0
40.7578,-73.9893,0
40.737,-74.0088,0
40.7923,-73.9775,0
40.7569,-73.9938,0
40.6666,-73.9559,-1
40.7732,-73.8855,-1
40.7243,-73.9809,0
40.8078,-73.9457,-1
40.7309,-74.0054,0
40.7697,-73.965,0
40.7616,-73.9993,0
40.7199,-73.8438,-1
40.7115,-73.964,1
40.6856,-73.9237,-1
40.7277,-73.9836,0
40.7721,-73.959,0
40.7393,-73.9823,0
40.724,-73.9923,0
40.6896,-73.9702,0
40.7741,-73.8726,2
40.7597,-73.9917,0
40.7636,-73.9621,0
40.7776,-73.9568,0
40.7238,-73.9506,1
40.7275,-73.9924,0
40.7451,-74.0061,0
40.7199,-73.9931,0
40.7429,-73.955,-1
40.7134,-73.9583,1
40.7088,-74.0095,0
40.7194,-73.9995,0
40.7077,-73.9471,1
40.7502,-73.9718,0
40.7649,-73.9706,0
40.7179,-73.9624,1
40.7706,-73.8654,2
40.7242,-73.9827,0
40.6245,-73.9703,-1
40.773,-73.9666,0
40.6921,-74.0004,0
40.7705,-73.9875,0
40.7236,-74.0107,0
40.7236,-74.0107,0
40.7397,-73.9962,0
40.7559,-73.9868,0
40.6937,-73.9229,-1
40.7717,-73.9615,0
40.7717,-73.9615,0
40.7376,-74.0046,0
40.7421,-73.9947,0
40.7075,-74.0057,0
40.744,-73.991,0
40.7762,-73.9611,0
40.7145,-73.9614,1
40.7331,-73.9958,0
40.7233,-73.9842,0
40.7657,-73.976,0
40.7256,-73.9842,0
40.7356,-74.008,0
40.7528,-73.9794,0
40.6354,-74.0233,-1
40.6924,-73.9557,0
40.7404,-74.0078,0
40.742,-74.0075,0
40.7193,-73.9964,0
40.7069,-74.0158,0
40.6817,-73.9626,0
40.7588,-73.9704,0
40.7875,-73.9537,0
40.7444,-73.9812,0
40.7117,-73.8576,-1
40.7493,-73.9925,0
40.8415,-73.9423,-1
40.7523,-73.9779,0
40.801,-73.9652,-1
40.6669,-73.9867,0
40.7619,-73.9746,0
40.7666,-73.984,0
40.7438,-73.9958,0
40.7497,-73.9921,0
40.7185,-73.9572,1
40.7785,-73.9874,0
40.7245,-73.9876,0
40.7167,-73.9938,0
40.7077,-74.0093,0
40.7197,-73.9625,1
40.7394,-73.9223,-1
40.7347,-74.0004,0
40.7449,-73.9911,0
40.7525,-73.9805,0
40.7407,-74.0006,0
40.7384,-73.99,0
40.7647,-73.9782,0
40.7492,-73.9922,0
40.7691,-73.9816,0
40.6275,-73.9686,-1
40.6275,-73.9686,-1
40.6884,-73.9258,-1
40.747,-73.9964,0
40.7333,-73.9959,0
40.6875,-73.9697,0
40.7617,-73.9835,0
40.7363,-74.0013,0
40.7798,-73.9496,0
40.7268,-73.9796,0
40.7275,-73.9954,0
40.7637,-73.9748,0
40.674,-73.978,0
40.7449,-73.995,0
40.6888,-73.9761,0
40.6888,-73.9761,0
40.7457,-73.9945,0
40.748,-73.995,0
40.7367,-73.9799,0
40.7847,-73.9698,0
40.7367,-73.9799,0
40.7782,-73.9464,0
40.7053,-74.0077,0
40.7739,-73.9547,0
40.7204,-73.9951,0
40.7204,-73.9951,0
40.7203,-73.9632,1
40.7442,-74.0067,0
40.7625,-73.9963,0
40.8078,-73.9605,-1
40.7213,-73.9964,0
40.7641,-73.9559,0
40.7584,-73.9777,0
40.7736,-73.9572,0
40.7703,-73.865,2
40.7351,-73.9551,1
40.7365,-73.9788,0
40.7636,-73.9658,0
40.6324,-74.0304,-1
40.8519,-74.0681,-1
40.7192,-74.0075,0
40.7569,-73.9877,0
40.7164,-73.9407,1
40.8579,-73.8868,-1
40.8382,-73.9447,-1
40.7211,-73.9889,0
40.7082,-74.0065,0
40.7572,-73.9762,0
40.7597,-73.9855,0
40.7456,-73.9468,-1
40.722,-74.001,0
40.7261,-73.9391,-1
40.7246,-73.9942,0
40.7227,-73.9969,0
40.7227,-73.9969,0
40.6527,-73.9477,-1
40.7473,-73.9869,0
40.6994,-73.917,-1
40.7856,-73.976,0
40.7846,-73.9701,0
40.7316,-74.006,0
40.6921,-73.9852,0
40.6921,-73.9852,0
40.7533,-73.9785,0
40.6838,-73.9761,0
40.7936,-73.9668,0
40.6846,-73.9949,0
40.7245,-73.9942,0
40.7738,-73.9558,0
40.8414,-73.9238,-1
40.7363,-73.9263,-1
40.7012,-73.9235,-1
40.6857,-73.9884,0
40.7359,-73.9852,0
40.6714,-73.9577,-1
40.7471,-73.9795,0
40.764,-73.9768,0
40.8232,-73.9474,-1
40.7499,-73.9917,0
40.76,-73.9778,0
40.7709,-73.866,2
40.6892,-73.9926,0
40.6892,-73.9926,0
40.7682,-73.9621,0
40.8302,-73.9454,-1
40.7214,-73.9819,0
40.7347,-74.0022,0
40.6854,-73.9892,0
40.7499,-73.9813,0
40.7863,-73.9403,0
40.7707,-73.8657,2
40.7449,-73.9339,-1
40.7466,-74.0034,0
40.7644,-73.9714,0
40.7216,-73.9885,0
40.7237,-73.9913,0
40.7248,-73.9948,0
40.7683,-73.9625,0
40.7371,-73.9792,0
40.7421,-73.9948,0
40.7162,-74.013,0
40.7217,-73.9894,0
40.76,-73.9836,0
40.7791,-73.9538,0
40.7222,-73.9872,0
40.7703,-73.9814,0
40.7306,-74.009,0
40.8079,-73.9667,-1
40.7591,-73.965,0
40.7376,-73.9914,0
40.7339,-73.9899,0
40.7331,-73.9887,0
40.7487,-73.9744,0
40.8084,-73.9579,-1
40.7658,-73.971,0
40.7245,-73.9914,0
40.7425,-73.9967,0
40.6806,-73.9807,0
40.6517,-73.9651,-1
40.7661,-73.9518,0
40.7132,-73.9643,1
40.7347,-73.9983,0
40.6294,-74.0228,-1
40.7605,-73.9754,0
40.7749,-73.9786,0
40.7264,-73.9398,-1
40.7363,-74.0032,0
40.7182,-74.0106,0
40.7531,-74.004,0
40.7259,-73.9887,0
40.7393,-73.9919,0
40.7644,-73.9778,0
40.7486,-73.9734,0
40.7774,-73.9808,0
40.7421,-73.9807,0
40.7476,-73.9785,0
40.7421,-73.9807,0
40.727,-73.9986,0
40.7476,-73.826,-1
40.7449,-73.987,0
40.7787,-73.9476,0
40.764,-73.9883,0
40.7638,-73.9738,0
40.7171,-74.0018,0
40.7527,-73.9894,0
40.7518,-73.9709,0
40.7123,-74.0089,0
40.7739,-73.8724,2
40.7568,-73.9744,0
40.6895,-73.9724,0
40.7569,-73.9893,0
40.7233,-73.9914,0
40.7741,-73.8722,2
40.7741,-73.8722,2
40.7301,-74.0034,0
40.7797,-73.948,0
40.7516,-73.9765,0
40.7797,-73.948,0
40.7756,-73.9585,0
40.7728,-73.9008,-1
40.7512,-74.0081,0
40.741,-73.9882,0
40.7438,-73.988,0
40.7943,-73.9762,0
40.7668,-73.9149,-1
40.7589,-73.9255,-1
40.7234,-73.9967,0
40.7227,-74.0045,0
40.7383,-73.9893,0
40.6876,-73.9956,0
40.7404,-74.0278,-1
40.7442,-73.9166,-1
40.7627,-73.98,0
40.7776,-73.9886,0
40.7263,-73.9863,0
40.7132,-73.9643,1
40.7359,-74.0017,0
40.6802,-73.9903,0
40.7235,-74.0104,0
40.7457,-73.9866,0
40.6885,-73.9507,-1
40.7461,-73.9822,0
40.6866,-73.9724,0
40.6431,-73.9762,-1
40.7501,-73.9794,0
40.731,-73.9931,0
40.7182,-73.9554,1
40.7259,-73.9837,0
40.7513,-73.9713,0
40.7237,-74.0109,0
40.6807,-74.001,0
40.7154,-74.0048,0
40.7381,-73.9892,0
40.7397,-73.9928,0
40.8573,-73.8852,-1
40.8029,-73.9564,-1
40.7257,-73.9989,0
40.7231,-73.9974,0
40.743,-73.9988,0
40.8105,-73.9458,-1
40.7008,-73.9896,0
40.7008,-73.9896,0
40.7283,-73.9879,0
40.7247,-74.0039,0
40.7627,-73.9894,0
40.7742,-73.9469,0
40.7403,-73.9983,0
40.7328,-74.0016,0
40.7327,-73.9997,0
40.7819,-73.9517,0
40.7797,-73.9506,0
40.7686,-73.9579,0
40.7604,-73.9737,0
40.7852,-73.9493,0
40.7456,-73.9785,0
40.7209,-74.0029,0
40.7197,-73.9626,1
40.7933,-73.9239,-1
40.7112,-74.0056,0
40.703,-73.9943,0
40.7432,-73.9803,0
40.7234,-73.9519,1
40.7576,-73.9906,0
40.72,-73.997,0
40.7644,-73.919,-1
40.7732,-73.9664,0
40.672,-74.0105,-1
40.6553,-73.9618,-1
40.7139,-73.9399,1
40.7139,-73.9399,1
40.75,-73.9876,0
40.7592,-73.9701,0
40.7343,-73.9872,0
40.7366,-74.002,0
40.7524,-73.9815,0
40.7746,-73.984,0
40.7561,-73.9355,-1
40.7505,-73.997,0
40.7123,-73.9003,-1
40.7384,-73.9879,0
40.7288,-73.9561,1
40.7696,-73.9485,0
40.6409,-73.9581,-1
40.6841,-73.967,0
40.7085,-73.9673,1
40.7398,-73.999,0
40.719,-73.99,0
40.7446,-73.9756,0
40.6923,-73.9867,0
40.7692,-73.9959,0
40.8127,-73.941,-1
40.8224,-73.9487,-1
40.7507,-74.0051,0
40.6849,-73.9662,0
40.7251,-74.0029,0
40.7078,-73.9471,1
40.7543,-73.9908,0
40.7543,-73.9908,0
40.7607,-73.9253,-1
40.7243,-73.9491,1
40.717,-74.0047,0
40.622,-74.0257,-1
40.8082,-73.96,-1
40.7783,-73.9768,0
40.7656,-73.9875,0
40.7214,-73.9991,0
40.7567,-74.0049,0
40.6736,-73.9954,0
40.7565,-73.9978,0
40.7191,-73.9554,1
40.6872,-73.9151,-1
40.6962,-73.9435,-1
40.7001,-73.9305,-1
40.7001,-73.9305,-1
40.7816,-73.9467,0
40.7372,-73.9884,0
40.7585,-73.9853,0
40.7329,-74.0077,0
40.7167,-73.9588,1
40.6854,-73.9751,0
40.7401,-73.9973,0
40.774,-73.961,0
40.7035,-74.0145,0
40.7697,-73.9947,0
40.751,-73.9713,0
40.7886,-73.973,0
40.7705,-73.9838,0
40.7625,-73.968,0
40.7873,-73.9545,0
40.7688,-73.9633,0
40.7202,-73.9938,0
40.7278,-73.9501,1
40.7712,-73.9562,0
40.7524,-73.9874,0
40.7446,-73.9946,0
40.6687,-73.9576,-1
40.7887,-73.9489,0
40.7189,-73.9612,1
40.7223,-73.9589,1
40.752,-73.9936,0
40.79,-73.8307,-1
40.7609,-73.9757,0
40.7054,-74.0109,0
40.7632,-73.982,0
40.8527,-73.9398,-1
40.8527,-73.9398,-1
40.8008,-73.9662,0
40.6786,-73.9776,0
40.6786,-73.9776,0
40.6731,-73.9672,0
40.6843,-73.995,0
40.7978,-73.9602,-1
40.7582,-73.8965,-1
40.7184,-74.0388,-1
40.7323,-73.9543,1
40.719,-73.99,0
40.7623,-73.966,0
40.6264,-73.9765,-1
40.7237,-74.0024,0
40.7331,-73.9889,0
40.7453,-73.9792,0
40.7526,-73.9728,0
40.6797,-73.964,0
40.7052,-73.9305,-1
40.747,-73.995,0
40.6551,-73.9174,-1
40.7458,-73.9976,0
40.7683,-73.8622,2
40.6723,-73.9641,0
40.7299,-74.004,0
40.7553,-73.9929,0
40.7344,-73.9878,0
40.726,-73.9521,1
40.7674,-73.9356,-1
40.715,-73.9628,1
40.715,-73.9628,1
40.7309,-73.9857,0
40.7395,-73.9986,0
40.747,-74.0269,-1
40.7561,-73.9928,0
40.7572,-73.9971,0
40.754,-73.9738,0
40.807,-73.9435,-1
40.7201,-74.0058,0
40.7013,-73.9812,0
40.7302,-73.9525,1
40.6946,-73.9934,0
40.6859,-73.9911,0
40.7391,-73.9985,0
40.7308,-74.0027,0
40.7229,-73.9534,1
40.7674,-73.9828,0
40.6958,-73.9704,0
40.736,-74.0059,0
40.7149,-73.9903,0
40.7279,-74.002,0
40.6377,-74.0312,-1
40.6661,-73.9824,0
40.7276,-73.9431,1
40.7234,-73.9885,0
40.7674,-73.9883,0
40.7214,-73.9475,1
40.7095,-74.0139,0
40.7226,-73.9979,0
40.7222,-73.9872,0
40.7777,-73.9535,0
40.7768,-73.961,0
40.7568,-73.9742,0
40.7012,-73.8162,-1
40.7041,-73.9157,-1
40.7607,-73.9833,0
40.6667,-73.9784,0
40.7341,-73.9913,0
40.706,-74.0096,0
40.6747,-73.9591,0
40.7295,-74.0037,0
40.7295,-74.0037,0
40.7618,-73.9662,0
40.7319,-74.0093,0
40.7536,-73.978,0
40.7708,-73.9642,0
40.7044,-74.0117,0
40.6828,-73.9617,0
40.7185,-73.9636,1
40.7639,-73.9613,0
40.7802,-73.9816,0
40.6886,-73.9689,0
40.697,-73.996,0
40.7482,-73.9882,0
40.7489,-73.9919,0
40.781,-73.9847,0
40.7026,-73.9886,0
40.7595,-73.972,0
40.7242,-73.9932,0
40.6829,-73.9338,-1
40.6986,-73.8893,-1
40.8055,-73.9658,-1
40.8087,-73.9356,-1
40.7783,-73.9627,0
40.7197,-73.9625,1
40.7465,-73.9916,0
40.7567,-73.9983,0
40.7388,-73.9853,0
40.7325,-73.9968,0
40.7243,-73.9943,0
40.7614,-73.9638,0
40.7203,-73.9618,1
40.7019,-73.9516,1
40.7165,-73.9959,0
40.7415,-73.9956,0
40.6814,-73.9767,0
40.7474,-74.0281,-1
40.7474,-74.0281,-1
40.7324,-73.9905,0
40.7332,-73.9755,0
40.7062,-74.0095,0
40.7263,-74.009,0
40.7956,-73.9326,-1
40.718,-73.9895,0
40.7509,-73.971,0
40.6841,-74.0057,0
40.7233,-74.0032,0
40.7527,-73.9793,0
40.7423,-73.9989,0
40.7307,-73.9891,0
40.6954,-73.9682,0
40.7489,-73.9901,0
40.7484,-73.9781,0
40.7532,-73.9696,0
40.7609,-73.999,0
40.7556,-73.9868,0
40.7265,-73.9869,0
40.7552,-73.9711,0
40.7653,-73.966,0
40.7799,-73.9745,0
40.7383,-73.9969,0
40.723,-73.9999,0
40.7146,-73.9571,1
40.7268,-73.9854,0
40.7054,-73.9497,1
40.6798,-73.9512,-1
40.7179,-73.9592,1
40.8505,-73.937,-1
40.7732,-73.8856,-1
40.7528,-74.0281,-1
40.7567,-73.9981,0
40.7427,-73.9829,0
40.7126,-73.938,1
40.7128,-73.9657,1
40.7516,-73.9766,0
40.7594,-73.9773,0
40.8032,-73.9662,-1
40.7459,-73.9751,0
40.7133,-73.9623,1
40.6774,-74.0005,0
40.6898,-73.9927,0
40.7,-73.938,-1
40.7426,-74.0073,0
40.8008,-73.9708,0
40.773,-73.9546,0
40.7209,-74.0042,0
40.6287,-73.9741,-1
40.7518,-73.9986,0
40.7999,-73.9605,-1
40.7156,-74.0075,0
40.7806,-73.961,0
40.7453,-73.9928,0
40.7062,-74.0169,0
40.7476,-74.0023,0
40.7757,-73.9606,0
40.6866,-73.9666,0
40.767,-73.9618,0
40.738,-73.9815,0
40.7099,-74.0083,0
40.7813,-73.96,0
40.756,-73.9886,0
40.7781,-73.9608,0
40.7167,-73.9977,0
40.7319,-73.9879,0
40.6782,-73.9855,0
40.8002,-73.9524,-1
40.7144,-73.9573,1
40.6593,-73.9606,-1
40.7488,-74.0069,0
40.809,-73.9633,-1
40.7744,-73.9818,0
40.6853,-73.9915,0
40.7367,-73.9975,0
40.6782,-73.9892,0
40.7757,-73.8454,-1
40.7174,-74.0056,0
40.749,-73.9925,0
40.718,-73.958,1
40.7736,-73.9476,0
40.6929,-73.9511,-1
40.7946,-73.9715,0
40.76,-73.9905,0
40.7834,-73.948,0
40.7624,-73.9792,0
40.688,-73.9612,0
40.7419,-74.0054,0
40.7304,-73.9896,0
40.7045,-73.9073,-1
40.734,-74.0085,0
40.7552,-73.9841,0
40.7255,-74.0011,0
40.7479,-74.0068,0
40.748,-73.9757,0
40.7397,-74.0057,0
40.7508,-73.9907,0
40.678,-73.9575,0
40.7517,-73.9801,0
40.7476,-73.9766,0
40.7716,-73.949,0
40.7464,-73.9822,0
40.7796,-73.956,0
40.7584,-73.9933,0
40.7365,-73.9871,0
40.7784,-73.9855,0
40.7402,-73.9985,0
40.7594,-73.9957,0
40.6796,-73.9974,0
40.7664,-73.9253,-1
40.764,-73.9693,0
40.7251,-73.9887,0
40.7323,-74.002,0
40.7102,-74.0095,0
40.7247,-73.9934,0
40.7176,-74.0106,0
40.7425,-74.007,0
40.7718,-73.9556,0
40.6356,-74.032,-1
40.7704,-73.9645,0
40.7382,-74.0088,0
40.7519,-73.9741,0
40.6719,-74.0031,-1
40.6878,-73.997,0
40.7283,-73.9913,0
40.756,-73.9712,0
40.7825,-73.9731,0
40.6714,-73.9392,-1
40.773,-73.8857,-1
40.7647,-73.9666,0
40.7451,-73.9888,0
40.7608,-73.9591,0
40.7275,-73.9886,0
40.7431,-74.0078,0
40.7181,-74.0144,0
40.7635,-73.9615,0
40.74,-73.9907,0
40.7241,-74.01,0
40.7103,-73.964,1
40.7502,-73.9949,0
40.7699,-73.9197,-1
40.7195,-73.999,0
40.7441,-73.9878,0
40.7655,-73.9542,0
40.7239,-73.9879,0
40.7248,-73.9946,0
40.7224,-74.004,0
40.7611,-73.9172,-1
40.7276,-73.9884,0
40.7523,-73.9859,0
40.6901,-73.9231,-1
40.7161,-74.0124,0
40.7141,-74.0153,0
40.6924,-73.952,-1
40.7577,-73.97,0
40.7825,-73.9811,0
40.7267,-73.9963,0
40.6922,-73.9631,0
40.7262,-73.995,0
40.7676,-73.9906,0
40.7772,-73.9776,0
40.6726,-73.99,0
40.8323,-73.9198,-1
40.7633,-73.981,0
40.8115,-73.9446,-1
40.7396,-73.9961,0
40.7625,-73.9922,0
40.7775,-73.9824,0
40.708,-73.8971,-1
40.7509,-73.9877,0
40.7322,-73.9563,1
40.7228,-73.9814,0
40.7569,-73.9773,0
40.6717,-73.9828,0
40.7148,-73.953,1
40.7548,-73.9997,0
40.774,-73.872,2
40.7321,-73.9884,0
40.7251,-73.995,0
40.7176,-74.0055,0
40.7264,-73.9917,0
40.7811,-73.9103,-1
40.6914,-73.9899,0
40.7651,-73.9706,0
40.7156,-73.9903,0
40.7211,-73.9888,0
40.7523,-73.9779,0
40.747,-73.9857,0
40.7444,-73.9803,0
40.6569,-73.9214,-1
40.7711,-73.9839,0
40.7176,-73.9581,1
40.7608,-73.971,0
40.6916,-73.9606,0
40.703,-73.9947,0
40.8093,-73.9516,-1
40.7909,-73.9767,0
40.7386,-73.9923,0
40.7203,-73.9844,0
40.7309,-73.9997,0
40.7557,-73.9873,0
40.7648,-73.9643,0
40.7786,-73.9535,0
40.7217,-74.0023,0
40.7191,-74.0088,0
40.7668,-73.9765,0
40.7536,-73.9783,0
40.6476,-73.9678,-1
40.7607,-73.9133,-1
40.7159,-74.0092,0
40.7237,-73.9892,0
40.7335,-74.0038,0
40.68,-74.0097,-1
40.6749,-73.9895,0
40.6737,-73.9823,0
40.6826,-73.9628,0
40.7594,-73.9918,0
40.7633,-73.9813,0
40.7206,-73.997,0
40.7343,-73.9892,0
40.7257,-73.979,0
40.7772,-73.9492,0
40.7645,-73.9778,0
40.7698,-73.9518,0
40.7206,-73.9981,0
40.7614,-73.9711,0
40.662,-73.993,-1
40.7435,-74.0078,0
40.7623,-73.9862,0
40.734,-74.0006,0
40.6898,-73.9773,0
40.7777,-73.9573,0
40.7122,-73.9003,-1
40.7182,-74.0011,0
40.7655,-73.9224,-1
40.7474,-74.009,0
40.7754,-73.9539,0
40.7418,-74.0039,0
40.7255,-73.9803,0
40.7114,-74.0102,0
40.723,-73.9976,0
40.6692,-73.9793,0
40.859,-73.8846,-1
40.8186,-73.936,-1
40.8044,-73.963,-1
40.8214,-73.9854,-1
40.7598,-73.9871,0
40.6951,-73.9903,0
40.7792,-73.9829,0
40.7475,-73.9417,-1
40.7609,-73.999,0
40.7444,-73.9803,0
40.7464,-73.9799,0
40.7815,-73.9493,0
40.7578,-73.9638,0
40.7741,-73.8727,2
40.7027,-73.9941,0
40.742,-73.9905,0
40.6894,-73.9428,-1
40.7602,-73.9739,0
40.8023,-73.9638,-1
40.6685,-73.961,-1
40.7493,-73.9733,0
40.7366,-73.9951,0
40.7585,-73.9753,0
40.6719,-74.0107,-1
40.7238,-74.0113,0
40.746,-73.9943,0
40.7634,-73.9788,0
40.742,-73.9928,0
40.742,-74.0002,0
40.7381,-73.9854,0
40.7411,-74.0057,0
40.7969,-73.9356,-1
40.7244,-73.9988,0
40.779,-73.9241,-1
40.7433,-73.9746,0
40.756,-73.9641,0
40.7444,-73.9803,0
40.753,-73.9664,0
40.7907,-73.973,0
40.7243,-74.0016,0
40.7407,-73.9896,0
40.7227,-73.9941,0
40.7509,-73.9718,0
40.7941,-73.9212,-1
40.7474,-73.9739,0
40.687,-73.9696,0
40.6428,-73.9391,-1
40.7599,-73.9941,0
40.7256,-74.0022,0
40.7855,-73.9717,0
40.7602,-73.9657,0
40.8457,-73.9351,-1
40.7409,-73.9903,0
40.7424,-73.9805,0
40.7429,-73.9931,0
40.6718,-74.0104,-1
40.7499,-73.9814,0
40.7114,-74.0057,0
40.7241,-73.9965,0
40.6964,-73.9706,0
40.6859,-73.9485,-1
40.7188,-74.0105,0
40.7411,-73.9883,0
40.7438,-73.9969,0
40.7787,-73.9681,0
40.7459,-73.994,0
40.7766,-73.9507,0
40.7366,-73.9891,0
40.8103,-73.9435,-1
40.7335,-73.871,-1
40.742,-74.001,0
40.7395,-73.9869,0
40.7047,-74.0093,0
40.7329,-73.9924,0
40.7626,-73.9686,0
40.7516,-73.9938,0
40.7582,-73.963,0
40.7396,-73.9978,0
40.7753,-73.9823,0
40.7742,-73.9777,0
40.6946,-73.97,0
40.7424,-73.9932,0
40.748,-73.9887,0
40.7555,-73.9684,0
40.7559,-73.9833,0
40.7463,-73.9945,0
40.7094,-73.9516,1
40.7626,-73.9821,0
40.7718,-73.983,0
40.7407,-74.0067,0
40.7027,-74.014,0
40.7204,-73.9635,1
40.6779,-73.9699,0
40.7725,-73.9529,0
40.7586,-73.9733,0
40.7547,-73.9785,0
40.7565,-73.9977,0
40.716,-74.0071,0
40.7515,-73.9939,0
40.7233,-73.9883,0
40.7771,-73.9614,0
40.6764,-73.9538,-1
40.7527,-73.97,0
40.744,-73.9958,0
40.6733,-73.9995,-1
40.745,-73.9183,-1
40.6775,-73.9634,0
40.6901,-73.9722,0
40.7146,-73.9612,1
40.7796,-73.974,0
40.7232,-73.999,0
40.7441,-73.9859,0
40.7425,-73.9923,0
40.6976,-73.9177,-1
40.7265,-73.9893,0
40.7195,-73.9848,0
40.7624,-74.0004,0
40.798,-73.9694,0
40.7437,-73.983,0
40.7441,-73.9912,0
40.7128,-74.0099,0
40.7149,-74.011,0
40.7665,-73.9608,0
40.7791,-73.9871,0
40.7622,-73.9872,0
40.6608,-73.9802,0
40.6737,-73.9859,0
40.7566,-73.9928,0
40.7188,-73.9884,0
40.769,-73.9877,0
40.7731,-73.9901,0
40.7801,-73.9749,0
40.7349,-73.9987,0
40.7416,-73.9975,0
40.8049,-73.9583,-1
40.8207,-73.9582,-1
40.7446,-73.9913,0
40.7733,-73.9547,0
40.7838,-73.9502,0
40.7298,-73.975,0
40.7164,-73.9912,0
40.72,-73.9883,0
40.7236,-73.9882,0
40.7423,-73.9768,0
40.6963,-73.9887,0
40.7175,-73.9554,1
40.7261,-73.9917,0
40.7549,-73.9771,0
40.7197,-73.9578,1
40.755,-73.9894,0
40.7357,-74.0026,0
40.7738,-73.9633,0
40.743,-73.9928,0
40.8518,-73.909,-1
40.7531,-73.9888,0
40.7249,-73.9825,0
40.7451,-73.9828,0
40.7102,-74.0134,0
40.7536,-73.9944,0
40.727,-73.9801,0
40.767,-73.9862,0
40.74,-73.9855,0
40.6724,-73.9645,0
40.7443,-73.9763,0
40.6834,-73.972,0
40.7548,-73.9778,0
40.7494,-73.9788,0
40.711,-74.016,0
40.7221,-73.9804,0
40.7812,-73.9593,0
40.6542,-73.839,-1
40.6955,-73.9941,0
40.7082,-74.0019,0
40.7135,-74.0121,0
40.7386,-74.0081,0
40.7125,-73.958,1
40.7691,-73.957,0
40.7288,-74.0053,0
40.7267,-73.9832,0
40.6877,-73.9692,0
40.7747,-73.9641,0
40.7035,-74.0114,0
40.7832,-73.9777,0
40.6836,-73.9672,0
40.7448,-73.98,0
40.7576,-74.0007,0
40.7648,-73.9836,0
40.7158,-74.012,0
40.7451,-74.0024,0
40.7325,-73.9877,0
40.7109,-74.0058,0
40.7238,-74.0026,0
40.7571,-73.9892,0
40.7469,-73.9856,0
40.7086,-74.0094,0
40.7657,-73.9695,0
40.7518,-73.9768,0
40.7474,-74.0035,0
40.7563,-73.9732,0
40.7451,-73.9888,0
40.7109,-73.9621,1
40.7692,-73.952,0
40.6731,-73.9571,-1
40.7096,-74.0066,0
40.6452,-73.9136,-1
40.7193,-73.9955,0
40.723,-73.9589,1
40.7378,-73.9921,0
40.7316,-73.9893,0
40.7359,-73.9977,0
40.806,-73.9628,-1
40.7561,-73.9837,0
40.7107,-74.0178,0
40.7623,-74.0017,0
40.7552,-73.9638,0
40.7181,-74.0149,0
40.7125,-73.9849,0
40.7737,-73.8743,2
40.7398,-73.9876,0
40.7344,-74.0067,0
40.7526,-74.006,0
40.7197,-74.0042,0
40.7489,-74.0033,0
40.7574,-73.9848,0
40.7503,-73.9968,0
40.7476,-73.9947,0
40.732,-74.0008,0
40.8051,-73.963,-1
40.7622,-74.0017,0
40.6631,-73.9842,0
40.7271,-73.9919,0
40.7116,-73.9517,1
40.7168,-74.0139,0
40.7215,-73.9561,1
40.7551,-73.9944,0
40.7539,-73.9353,-1
40.7248,-73.8552,-1
40.7994,-73.9673,0
40.723,-74.0081,0
40.7224,-73.9974,0
40.762,-73.9777,0
40.688,-73.9976,0
40.753,-73.8726,-1
40.7361,-73.8603,-1
40.7697,-73.9276,-1
40.7371,-73.9958,0
40.7912,-73.9761,0
40.6751,-74.0167,-1
40.6939,-73.9834,0
40.757,-73.9717,0
40.6963,-73.8665,-1
40.7054,-74.0078,0
40.7856,-73.9763,0
40.7692,-73.9631,0
40.7488,-74.0033,0
40.7018,-73.9898,0
40.7173,-73.9954,0
40.7289,-74.0006,0
40.7791,-73.9748,0
40.7268,-73.9872,0
40.6882,-73.9595,0
40.725,-73.9829,0
40.779,-73.9826,0
40.725,-73.9883,0
40.7271,-74.0029,0
40.7222,-73.9469,1
40.7656,-73.9802,0
40.7485,-73.9888,0
40.7682,-73.9842,0
40.7169,-74.0081,0
40.7752,-73.9767,0
40.7319,-73.9955,0
40.73,-73.9582,1
40.7656,-73.9792,0
40.7113,-74.0056,0
40.7352,-73.9984,0
40.6956,-73.9713,0
40.755,-73.9965,0
40.755,-73.9965,0
40.6916,-73.9844,0
40.7138,-73.9977,0
40.7233,-73.9422,1
40.6835,-73.9224,-1
40.6773,-73.9807,0
40.771,-73.8661,2
40.8091,-73.9486,-1
40.7558,-73.9689,0
40.7747,-73.9771,0
40.7237,-73.9874,0
40.7666,-73.9603,0
40.6751,-74.0176,-1
40.7151,-73.9397,1
40.7737,-73.9837,0
40.7301,-73.9858,0
40.8426,-73.9062,-1
40.7384,-73.9877,0
40.7467,-73.9937,0
40.7748,-73.9903,0
40.7297,-73.9827,0
40.7469,-73.9848,0
40.7295,-73.9843,0
40.7232,-74.0041,0
40.7049,-74.0133,0
40.7144,-74.0115,0
40.7667,-73.9613,0
40.7642,-73.971,0
40.736,-74.0051,0
40.7142,-74.0139,0
40.714,-73.9904,0
40.6723,-73.9718,0
40.7244,-73.9936,0
40.7653,-73.9719,0
40.7596,-73.9651,0
40.7596,-73.9651,0
40.762,-73.9747,0
40.7379,-74.0045,0
40.7358,-73.9765,0
40.726,-73.9896,0
40.7662,-73.9869,0
40.6721,-74.0104,-1
40.706,-74.0037,0
40.7749,-73.9565,0
40.674,-73.9721,0
40.7674,-73.9898,0
40.7316,-74.0067,0
40.7822,-73.9462,0
40.6379,-73.9785,-1
40.7526,-73.9753,0
40.7281,-73.982,0
40.7256,-73.9898,0
40.7681,-73.9686,0
40.7617,-74.0003,0
40.7041,-73.9865,0
40.7124,-73.9516,1
40.7742,-73.9651,0
40.7682,-73.9274,-1
40.7236,-73.9965,0
40.6961,-73.9927,0
40.6763,-73.9623,0
40.7166,-74.0079,0
40.7265,-73.986,0
40.7624,-73.9722,0
40.6933,-73.943,-1
40.7083,-74.0171,0
40.746,-73.9726,0
40.7627,-73.9968,0
40.7741,-73.8725,2
40.7181,-74.0048,0
40.7251,-74.0025,0
40.6828,-73.9904,0
40.7588,-73.962,0
40.693,-73.9986,0
40.7161,-73.9609,1
40.7779,-73.9595,0
40.6525,-73.9732,-1
40.7482,-73.9847,0
40.7225,-73.9973,0
40.7793,-73.9446,0
40.7257,-73.9434,1
40.7641,-73.9757,0
40.7801,-73.9811,0
40.7085,-73.9584,1
40.6658,-73.9993,-1
40.7176,-74.0059,0
40.7267,-73.9777,0
40.7365,-73.9853,0
40.7828,-73.9793,0
40.717,-73.9624,1
40.7767,-73.9556,0
40.7246,-73.9533,1
40.7339,-74.0005,0
40.7144,-73.9536,1
40.7856,-73.9691,0
40.7594,-73.9186,-1
40.7791,-73.9525,0
40.804,-73.9576,-1
40.6983,-73.9608,0
40.7626,-73.9965,0
40.737,-73.9867,0
40.6841,-73.9761,0
40.7185,-73.9409,1
40.7282,-73.991,0
40.7105,-73.9849,0
40.6747,-73.9976,0
40.7302,-73.9982,0
40.6297,-74.1002,-1
40.778,-73.952,0
40.7166,-74.013,0
40.7379,-73.9901,0
40.8023,-73.9452,-1
40.7254,-74.0001,0
40.7362,-73.9883,0
40.8037,-73.9671,-1
40.7603,-73.9655,0
40.7723,-73.9506,0
40.7237,-74.0054,0
40.7082,-74.0078,0
40.7118,-74.0157,0
40.7324,-73.8845,-1
40.7514,-74.0033,0
40.6983,-73.9339,-1
40.7113,-73.9958,0
40.774,-73.8726,2
40.7639,-73.9559,0
40.6362,-73.8859,-1
40.716,-73.9913,0
40.6886,-73.9366,-1
40.7169,-74.0091,0
40.7221,-73.9919,0
40.7436,-73.9925,0
40.8219,-73.9539,-1
40.759,-73.9937,0
40.7445,-73.9797,0
40.777,-73.9537,0
40.6307,-73.9054,-1
40.7335,-74.0081,0
40.7209,-73.9409,1
40.773,-73.9821,0
40.733,-73.9982,0
40.7258,-73.9979,0
40.7334,-73.958,1
40.7312,-73.9858,0
40.6842,-73.9296,-1
40.7452,-73.9859,0
40.7657,-73.9552,0
40.7325,-73.9992,0
40.7234,-73.9526,1
40.7313,-74.0024,0
40.7436,-73.9997,0
40.7595,-73.9943,0
40.7975,-73.9716,0
40.727,-74.0019,0
40.764,-73.9686,0
40.7498,-73.9914,0
40.7238,-74.0026,0
40.7739,-73.8715,2
40.7141,-73.9502,1
40.7915,-73.9649,0
40.7453,-74.0059,0
40.7376,-73.9974,0
40.8025,-73.9431,-1
40.7403,-73.9905,0
40.7215,-74.0,0
40.7509,-73.9904,0
40.7843,-73.9493,0
40.732,-73.9821,0
40.7695,-73.956,0
40.7695,-73.956,0
40.7331,-74.006,0
40.7664,-73.9693,0
40.7419,-74.0035,0
40.7327,-74.0039,0
40.7318,-73.9857,0
40.7571,-73.9622,0
40.7254,-73.999,0
40.8404,-73.8799,-1
40.7087,-73.8305,-1
40.7208,-73.9938,0
40.7435,-73.9997,0
40.6497,-73.9631,-1
40.7492,-73.9766,0
40.7719,-73.9866,0
40.6892,-73.9513,-1
40.7342,-73.9891,0
40.6712,-73.973,0
40.7636,-73.9694,0
40.7791,-73.9825,0
40.7204,-73.9616,1
40.7793,-73.962,0
40.7515,-74.0034,0
40.7356,-74.0016,0
40.694,-73.967,0
40.7864,-73.9797,0
40.7491,-74.0036,0
40.7794,-73.9876,0
40.7396,-73.999,0
40.7629,-73.9716,0
40.7878,-73.9787,0
40.7376,-74.0088,0
40.7208,-74.0008,0
40.7456,-74.0092,0
40.7708,-73.9631,0
40.716,-74.0088,0
40.7175,-74.0107,0
40.7376,-74.0017,0
40.8043,-73.9628,-1
40.7728,-73.9786,0
40.7293,-73.9817,0
40.6648,-73.9768,0
40.6722,-74.0108,-1
40.7069,-74.0091,0
40.7535,-73.8329,-1
40.7535,-73.8329,-1
40.7797,-73.9771,0
40.7169,-73.9977,0
40.7697,-73.992,0
40.7613,-73.9753,0
40.7136,-73.9987,0
40.6707,-73.9717,0
40.6985,-73.9597,0
40.7846,-73.9477,0
40.7662,-73.9776,0
40.7188,-74.0009,0
40.6806,-73.9839,0
40.7474,-73.9861,0
40.6931,-73.9986,0
40.758,-73.9722,0
40.6832,-73.9928,0
40.6925,-73.9717,0
40.7436,-73.924,-1
40.6988,-73.9264,-1
40.772,-73.9517,0
40.6733,-73.9829,0
40.7435,-73.9836,0
40.7525,-74.0038,0
40.6878,-73.9698,0
40.7736,-73.9599,0
40.7506,-73.9682,0
40.6795,-73.9325,-1
40.7127,-74.0093,0
40.779,-73.9537,0
40.7138,-74.0065,0
40.7023,-73.9867,0
40.748,-73.9828,0
40.7249,-74.0006,0
40.6847,-73.9789,0
40.742,-73.9905,0
40.7245,-73.9943,0
40.7945,-73.9341,-1
40.7415,-73.9875,0
40.7776,-73.9588,0
40.7816,-73.9807,0
40.7258,-74.0056,0
40.8573,-73.8843,-1
40.7717,-73.9829,0
40.6807,-73.9752,0
40.7242,-73.9945,0
40.7227,-73.983,0
40.7248,-73.9939,0
40.7243,-73.9929,0
40.7381,-73.9878,0
40.7135,-73.9821,0
40.7225,-73.997,0
40.7706,-73.951,0
40.6635,-73.9911,-1
40.6513,-73.9709,-1
40.7403,-73.9726,0
40.7239,-73.9558,1
40.7639,-73.9291,-1
40.7375,-73.9946,0
40.6877,-73.9923,0
40.7136,-73.8199,-1
40.7381,-74.0087,0
40.7122,-74.0142,0
40.7507,-73.9914,0
40.7465,-73.9968,0
40.7566,-73.9819,0
40.6964,-73.9646,0
40.7714,-73.9888,0
40.7857,-73.9692,0
40.7478,-73.9797,0
40.6631,-73.9814,0
40.7363,-73.9792,0
40.7515,-74.0034,0
40.7136,-73.9638,1
40.6794,-73.9785,0
40.7472,-74.005,0
40.7113,-73.9675,1
40.7113,-73.9675,1
40.7699,-73.9583,0
40.6771,-73.9724,0
40.785,-73.9708,0
40.7395,-73.994,0
40.7341,-73.9897,0
40.778,-73.989,0
40.715,-73.9969,0
40.7585,-73.9811,0
40.7632,-73.9676,0
40.6948,-73.9643,0
40.7517,-73.9818,0
40.7212,-73.9993,0
40.6801,-73.997,0
40.7671,-73.9561,0
40.7293,-73.9977,0
40.682,-73.9159,-1
40.7841,-73.9825,0
40.7291,-73.9814,0
40.7704,-73.9503,0
40.7689,-73.9612,0
40.7235,-73.9398,1
40.7744,-73.9773,0
40.7726,-73.9671,0
40.7438,-74.0063,0
40.7886,-73.9549,0
40.7351,-74.0084,0
40.7884,-73.9411,0
40.6941,-73.9643,0
40.7158,-74.0054,0
40.7158,-74.0054,0
40.7665,-73.9785,0
40.7091,-74.0099,0
40.7136,-73.963,1
40.7514,-73.9714,0
40.7943,-73.9663,0
40.6866,-73.9089,-1
40.726,-73.9092,-1
40.7102,-74.0074,0
40.6808,-73.9945,0
40.7326,-73.9982,0
40.7832,-73.9803,0
40.7044,-74.0088,0
40.759,-73.9701,0
40.7655,-73.9916,0
40.7272,-73.9549,1
40.672,-74.0106,-1
40.67,-73.951,-1
40.7058,-74.0099,0
40.7731,-73.9004,-1
40.737,-73.9902,0
40.7445,-74.0008,0
40.7326,-74.0086,0
40.703,-73.9256,-1
40.6834,-73.9996,0
40.7183,-73.9451,1
40.7673,-73.9373,-1
40.7328,-73.9937,0
40.727,-74.0695,-1
40.7383,-74.0096,0
40.7101,-73.9628,1
40.7222,-74.0017,0
40.8019,-73.9451,-1
40.6886,-73.9928,0
40.7282,-73.9792,0
40.7381,-73.9921,0
40.7611,-73.9985,0
40.743,-74.0001,0
40.7863,-73.9511,0
40.7257,-73.9921,0
40.7503,-74.0025,0
40.7334,-73.9996,0
40.7938,-73.9668,0
40.7178,-74.0042,0
40.6593,-73.8341,-1
40.6747,-73.9631,0
40.7153,-73.9917,0
40.7235,-73.9913,0
40.7093,-73.9618,1
40.7333,-74.0046,0
40.7291,-73.8496,-1
40.6844,-73.9404,-1
40.6933,-74.0012,0
40.756,-73.9668,0
40.7209,-73.9896,0
40.7165,-73.9591,1
40.7072,-74.0077,0
40.7409,-73.9786,0
40.6783,-73.972,0
40.7963,-73.9704,0
40.7215,-73.9992,0
40.719,-73.964,1
40.7699,-73.8643,2
40.6701,-73.936,-1
40.7097,-74.013,0
40.7608,-73.9581,0
40.7472,-73.9562,-1
40.7779,-73.9757,0
40.7424,-73.997,0
40.7313,-73.9749,0
40.7741,-73.9811,0
40.7261,-74.0006,0
40.7591,-73.975,0
40.7363,-73.9892,0
40.715,-73.9594,1
40.7846,-73.9561,0
40.7461,-74.0074,0
40.7212,-73.9564,1
40.7357,-74.0018,0
40.7741,-73.9613,0
40.7154,-74.016,0
40.7115,-74.0089,0
40.7805,-73.948,0
40.7613,-73.8318,-1
40.6861,-73.9187,-1
40.7112,-74.0059,0
40.741,-74.0051,0
40.7506,-73.9944,0
40.7388,-74.0081,0
40.7779,-73.9495,0
40.8073,-73.9483,-1
40.6977,-73.9934,0
40.7461,-73.9083,-1
40.6815,-73.9913,0
40.7691,-73.9857,0
40.7792,-73.9445,0
40.7081,-74.0096,0
40.7316,-73.995,0
40.8005,-73.9657,0
40.7472,-73.9561,-1
40.7643,-73.9846,0
40.7149,-74.0115,0
40.7581,-73.9649,0
40.7506,-73.9911,0
40.7499,-73.9957,0
40.7154,-74.0106,0
40.7195,-73.9879,0
40.8139,-73.9622,-1
40.7602,-73.9725,0
40.7185,-74.0088,0
40.8087,-73.9519,-1
40.7189,-73.9641,1
40.7218,-73.9873,0
40.7331,-73.9753,0
40.7053,-74.0079,0
40.6988,-73.9924,0
40.7238,-74.0034,0
40.7624,-73.9599,0
40.7443,-73.9873,0
40.7452,-73.9789,0
40.6999,-73.9212,-1
40.7629,-73.9624,0
40.7243,-73.9942,0
40.7657,-73.9697,0
40.7304,-73.9893,0
40.6913,-73.9845,0
40.8078,-73.9639,-1
40.7325,-73.9969,0
40.7645,-73.9881,0
40.7123,-73.9639,1
40.7588,-73.9705,0
40.7045,-74.0127,0
40.7045,-74.0127,0
40.7154,-74.0139,0
40.7085,-74.0097,0
40.7077,-73.9473,1
40.7226,-73.9977,0
40.7646,-73.9689,0
40.7192,-74.0051,0
40.7169,-73.9983,0
40.747,-73.987,0
40.7617,-73.9793,0
40.6966,-73.9886,0
40.6966,-73.9886,0
40.7388,-73.9852,0
40.733,-73.9979,0
40.7472,-73.8533,-1
40.7122,-73.9992,0
40.7629,-73.974,0
40.7335,-74.0042,0
40.7645,-73.988,0
40.7326,-73.9744,0
40.6539,-73.9538,-1
40.7119,-74.0143,0
40.7249,-74.0005,0
40.7417,-74.007,0
40.7226,-73.983,0
40.6719,-74.0108,-1
40.7525,-73.9945,0
40.7313,-73.8924,-1
40.7658,-73.9697,0
40.7124,-73.9645,1
40.7504,-73.9947,0
40.7442,-74.0068,0
40.766,-73.9771,0
40.721,-73.9976,0
40.713,-73.9451,1
40.7788,-73.9618,0
40.7417,-73.9563,-1
40.7227,-73.9941,0
40.7203,-74.0118,0
40.6218,-74.0258,-1
40.7342,-73.9815,0
40.7281,-73.981,0
40.7313,-73.992,0
40.7332,-73.9548,1
40.7514,-73.9934,0
40.7617,-73.9687,0
40.7615,-73.975,0
40.7138,-74.0117,0
40.7738,-73.8726,2
40.7406,-73.9911,0
40.7763,-73.9879,0
40.7297,-73.9977,0
40.6805,-73.9158,-1
40.7693,-73.9856,0
40.7461,-74.0053,0
40.715,-74.0098,0
40.7275,-73.953,1
40.7419,-73.9895,0
40.7559,-74.0021,0
40.8032,-73.9639,-1
40.7678,-73.9704,0
40.7738,-73.872,2
40.7487,-73.975,0
40.7739,-73.9484,0
40.7544,-73.9946,0
40.683,-73.9912,0
40.7675,-73.9809,0
40.7364,-73.9553,1
40.7189,-74.0087,0
40.7271,-73.9939,0
40.7754,-73.9878,0
40.7202,-74.0021,0
40.6217,-74.0282,-1
40.677,-74.0023,-1
40.7385,-73.9872,0
40.7647,-73.9711,0
40.7626,-73.9738,0
40.672,-74.01,-1
40.6943,-74.0005,0
40.7632,-73.9627,0
40.6358,-73.9753,-1
40.7499,-73.9816,0
40.7824,-73.9539,0
40.7419,-73.9924,0
40.6805,-73.9785,0
40.7692,-73.9826,0
40.7078,-74.01,0
40.7824,-73.9513,0
40.7865,-73.978,0
40.7341,-74.0004,0
40.7326,-73.9856,0
40.7657,-73.9627,0
40.6789,-74.0179,-1
40.7409,-74.0075,0
40.7555,-73.9795,0
40.7205,-73.9894,0
40.7917,-73.9407,-1
40.7631,-73.962,0
40.7085,-73.9536,1
40.8437,-73.8681,-1
40.7506,-73.9945,0
40.6865,-73.9836,0
40.7858,-73.9546,0
40.7823,-73.9487,0
40.7257,-73.9788,0
40.7154,-73.99,0
40.7278,-73.9817,0
40.6362,-74.0274,-1
40.8416,-73.9373,-1
40.7127,-74.0087,0
40.7936,-73.9691,0
40.7252,-74.0014,0
40.7655,-73.9657,0
40.6475,-73.9434,-1
40.6606,-73.9803,0
40.7641,-73.9543,0
40.7173,-74.0108,0
40.7484,-74.0295,-1
40.7745,-73.904,-1
40.7591,-73.9643,0
40.7256,-73.9947,0
40.7417,-73.9872,0
40.7198,-73.9926,0
40.749,-73.9732,0
40.6876,-73.9722,0
40.7088,-73.9686,1
40.7299,-74.0042,0
40.7759,-73.9604,0
40.6753,-73.9501,-1
40.753,-73.9699,0
40.7478,-74.0045,0
40.7414,-73.9984,0
40.8361,-73.8547,-1
40.7552,-74.0023,0
40.7184,-73.9854,0
40.7469,-73.9967,0
40.7559,-73.9905,0
40.7693,-73.9828,0
40.7718,-73.987,0
40.7403,-73.9944,0
40.7636,-73.9692,0
40.7469,-73.9774,0
40.7458,-73.9471,-1
40.7119,-73.9002,-1
40.7397,-73.9796,0
40.7294,-73.9902,0
40.709,-74.0132,0
40.7782,-73.9564,0
40.7419,-73.9964,0
40.7654,-73.9641,0
40.7448,-73.9762,0
40.7346,-73.99,0
40.7868,-74.0013,-1
40.8535,-73.9299,-1
40.7387,-73.9834,0
40.7387,-73.983,0
40.7388,-73.9919,0
40.7143,-73.9445,1
40.756,-73.9728,0
40.7361,-73.8148,-1
40.6703,-73.9889,0
40.7025,-73.9897,0
40.8539,-73.8724,-1
40.7628,-73.968,0
40.7259,-73.9997,0
40.742,-74.0038,0
40.7222,-73.9969,0
40.7609,-73.9909,0
40.7736,-73.9596,0
40.7348,-74.0445,-1
40.7667,-73.9574,0
40.7366,-73.9969,0
40.7475,-73.9829,0
40.7293,-73.992,0
40.7746,-73.9543,0
40.7445,-73.9962,0
40.7503,-73.9947,0
40.7621,-73.9826,0
40.6991,-73.8529,-1
40.7829,-73.9519,0
40.7618,-73.9886,0
40.7315,-73.9903,0
40.7291,-73.9842,0
40.7682,-73.9628,0
40.7289,-73.9844,0
40.7752,-73.954,0
40.6786,-73.953,-1
40.7259,-73.9964,0
40.7379,-73.9901,0
40.7764,-73.9496,0
40.7298,-74.0068,0
40.8035,-73.9525,-1
40.8035,-73.9525,-1
40.7757,-73.9625,0
40.7017,-73.9516,1
40.7408,-74.0077,0
40.7742,-73.8725,2
40.7198,-73.8467,-1
40.7375,-73.9911,0
40.764,-73.9885,0
40.77,-73.9608,0
40.8139,-73.9599,-1
40.7709,-73.9918,0
40.7636,-73.9635,0
40.7406,-74.0057,0
40.7163,-74.0164,0
40.736,-74.0019,0
40.6565,-73.9034,-1
40.7305,-73.99,0
40.7612,-73.9731,0
40.723,-73.9891,0
40.745,-73.987,0
40.7726,-73.9533,0
40.8227,-73.9454,-1
40.7359,-73.9921,0
40.6831,-73.8194,-1
40.7427,-73.9947,0
40.6954,-73.9635,0
40.7239,-74.0106,0
40.7643,-73.9632,0
40.7613,-73.9758,0
40.719,-73.9906,0
40.7759,-73.9765,0
40.7567,-73.9927,0
40.7486,-73.9734,0
40.7437,-73.9839,0
40.7775,-73.9469,0
40.7552,-73.9929,0
40.774,-73.8727,2
40.7599,-73.9761,0
40.633,-73.9092,-1
40.7588,-73.9894,0
40.7454,-74.0019,0
40.7175,-74.0088,0
40.6936,-73.965,0
40.6936,-73.965,0
40.8532,-73.9275,-1
40.7073,-74.0046,0
40.7785,-73.9833,0
40.7647,-73.9898,0
40.7371,-73.9982,0
40.7368,-73.9973,0
40.7321,-74.0023,0
40.6219,-73.9839,-1
40.732,-74.0078,0
40.71,-74.0146,0
40.7072,-74.0068,0
40.7005,-73.9253,-1
40.7482,-73.9806,0
40.7415,-74.0073,0
40.7033,-73.9928,0
40.7554,-73.9697,0
40.6805,-73.9764,0
40.7416,-74.0355,-1
40.7644,-73.9708,0
40.7434,-73.9978,0
40.7518,-73.9741,0
40.6782,-73.9732,0
40.7457,-73.9838,0
40.6699,-74.0006,-1
40.7527,-73.9709,0
40.7469,-74.0081,0
40.716,-74.0152,0
40.7213,-74.0001,0
40.7604,-73.9646,0
40.7678,-73.9704,0
40.6953,-73.9494,-1
40.7438,-73.9837,0
40.7262,-73.9846,0
40.7283,-74.0069,0
40.7217,-73.9582,1
40.7349,-73.9891,0
40.7511,-73.9402,-1
40.6257,-74.0162,-1
40.6882,-73.9793,0
40.7388,-74.0088,0
40.7275,-74.0028,0
40.7327,-73.9912,0
40.7741,-73.8725,2
40.7675,-73.9707,0
40.7461,-73.9942,0
40.7663,-73.953,0
40.6803,-73.9777,0
40.7515,-73.9937,0
40.7516,-74.0242,-1
40.7228,-73.993,0
40.7304,-74.0026,0
40.7054,-74.0164,0
40.7026,-73.9935,0
40.696,-73.9635,0
40.7636,-73.9825,0
40.7237,-73.9512,1
40.7438,-73.9957,0
40.7439,-74.0067,0
40.7245,-73.9959,0
40.7469,-73.9743,0
40.7556,-74.0022,0
40.7456,-73.9468,-1
40.7456,-73.9468,-1
40.6859,-73.9297,-1
40.7412,-73.9964,0
40.7774,-73.9612,0
40.7282,-74.0009,0
40.7442,-73.982,0
40.7458,-73.9883,0
40.7388,-74.0069,0
40.7552,-73.9691,0
40.7565,-73.9703,0
40.8054,-73.9538,-1
40.7531,-73.9744,0
40.7688,-73.9554,0
40.7437,-73.9913,0
40.7578,-73.9618,0
40.774,-73.8726,2
40.7621,-73.9718,0
40.7259,-74.0053,0
40.7794,-73.9447,0
40.752,-73.9772,0
40.7075,-73.9407,1
40.7661,-73.9916,0
40.6202,-73.9797,-1
40.6202,-73.9797,-1
40.7241,-73.9937,0
40.7659,-73.9651,0
40.7844,-73.9775,0
40.7844,-73.9775,0
40.7649,-73.9474,0
40.8446,-74.0666,-1
40.7274,-73.9921,0
40.7486,-73.9781,0
40.7148,-74.0057,0
40.7576,-73.963,0
40.7196,-74.0,0
40.7111,-74.0054,0
40.7593,-73.9262,-1
40.7481,-73.9804,0
40.6744,-73.951,-1
40.7114,-73.8271,-1
40.7737,-73.978,0
40.8408,-73.9401,-1
40.7621,-73.9872,0
40.7511,-74.0026,0
40.7479,-73.989,0
40.6557,-73.9116,-1
40.687,-73.991,0
40.7434,-73.994,0
40.7462,-73.9822,0
40.7254,-73.9782,0
40.7159,-74.0151,0
40.7202,-74.0084,0
40.7667,-73.9692,0
40.6978,-73.9307,-1
40.7257,-74.0054,0
40.7212,-73.9418,1
40.7422,-73.9834,0
40.7192,-74.0057,0
40.6963,-73.9831,0
40.7103,-73.9947,0
40.6775,-74.015,-1
40.7459,-73.9947,0
40.7326,-73.9526,1
40.7513,-73.9933,0
40.7866,-73.9526,0
40.7936,-73.9697,0
40.7786,-73.9884,0
40.7379,-74.0,0
40.7494,-73.9926,0
40.7234,-73.9855,0
40.7215,-74.001,0
40.7728,-73.9558,0
40.7303,-73.9802,0
40.7083,-74.0076,0
40.764,-73.9691,0
40.7722,-73.9667,0
40.745,-73.9878,0
40.7097,-74.0082,0
40.751,-73.9875,0
40.737,-74.0085,0
40.7928,-73.9226,-1
40.7592,-73.9957,0
40.7216,-73.9934,0
40.8547,-73.9354,-1
40.7276,-73.9885,0
40.7718,-73.9632,0
40.762,-73.9938,0
40.7114,-74.0163,0
40.7182,-73.9905,0
40.7985,-73.9653,0
40.7637,-73.9869,0
40.7206,-73.9891,0
40.723,-73.9947,0
40.719,-73.9846,0
40.7217,-73.9836,0
40.7599,-73.9917,0
40.7509,-73.991,0
40.6763,-73.9693,0
40.6967,-73.9829,0
40.8076,-73.9671,-1
40.7526,-73.9783,0
40.721,-73.9984,0
40.7137,-73.9935,0
40.7588,-73.969,0
40.7347,-74.0092,0
40.7712,-73.9504,0
40.7254,-73.9893,0
40.7083,-74.0145,0
40.7781,-73.9803,0
40.7459,-73.9343,-1
40.6764,-73.9718,0
40.7284,-73.9998,0
40.7707,-73.9571,0
40.6645,-73.9888,0
40.685,-73.9781,0
40.7423,-73.9911,0
40.7331,-73.9753,0
40.7394,-74.008,0
40.7425,-73.9911,0
40.697,-73.9332,-1
40.787,-73.9422,0
40.7206,-73.9951,0
40.7417,-73.994,0
40.7507,-73.9022,-1
40.7458,-73.9788,0
40.708,-73.9524,1
40.7461,-74.0053,0
40.7496,-73.9874,0
40.7614,-73.968,0
40.6833,-73.9999,0
40.6833,-73.9999,0
40.7636,-73.9821,0
40.7224,-73.9943,0
40.7118,-73.9498,1
40.7118,-73.9498,1
40.7521,-73.9814,0
40.7237,-74.0037,0
40.6876,-73.9258,-1
40.7426,-73.9788,0
40.7587,-73.9894,0
40.7192,-73.9562,1
40.7407,-73.9818,0
40.752,-73.9854,0
40.7677,-73.9618,0
40.7733,-73.9622,0
40.7634,-73.9789,0
40.6995,-73.8914,-1
40.773,-73.9783,0
40.7216,-74.0108,0
40.7477,-74.0061,0
40.681,-73.9807,0
40.7258,-73.9941,0
40.7216,-74.0034,0
40.7185,-74.0053,0
40.7185,-74.0053,0
40.7475,-73.981,0
40.7639,-73.9785,0
40.7322,-73.985,0
40.7822,-73.9556,0
40.7308,-73.9931,0
40.7406,-74.0057,0
40.7427,-73.8935,-1
40.7832,-73.9489,0
40.7428,-73.9924,0
40.735,-73.9975,0
40.7536,-73.9808,0
40.814,-73.9411,-1
40.7173,-74.004,0
40.7292,-73.9891,0
40.7292,-73.9891,0
40.7426,-74.0001,0
40.7142,-74.0132,0
40.7794,-73.984,0
40.7126,-73.9944,0
40.7627,-73.9825,0
40.7598,-73.9899,0
40.6958,-73.9277,-1
40.704,-74.0064,0
40.7804,-73.9854,0
40.7421,-73.9934,0
40.7665,-73.9615,0
40.7708,-73.987,0
40.7073,-74.0123,0
40.7365,-74.0014,0
40.7282,-74.0027,0
40.7413,-73.9937,0
40.8557,-73.8596,-1
40.7227,-73.9885,0
40.7745,-73.9892,0
40.7316,-74.006,0
40.7417,-73.9939,0
40.7568,-73.9731,0
40.7155,-73.9907,0
40.7203,-73.9843,0
40.7519,-74.0011,0
40.7106,-73.9667,1
40.7309,-73.9555,1
40.7161,-73.9623,1
40.7365,-73.9943,0
40.7287,-74.0113,0
40.711,-74.009,0
40.763,-73.9656,0
40.7562,-73.9827,0
40.711,-73.9866,0
40.7447,-73.9986,0
40.7563,-73.9941,0
40.7395,-73.929,-1
40.6893,-73.9868,0
40.7447,-73.9913,0
40.7044,-73.925,-1
40.7406,-73.9894,0
40.7368,-73.9737,0
40.7139,-73.9902,0
40.7139,-73.9902,0
40.7308,-73.9001,-1
40.6714,-74.0127,-1
40.7519,-74.0023,0
40.7387,-73.9876,0
40.7407,-73.9839,0
40.7312,-74.003,0
40.753,-73.9784,0
40.7623,-73.969,0
40.7732,-73.9606,0
40.7643,-73.982,0
40.7709,-73.9491,0
40.74,-73.9905,0
40.74,-73.9905,0
40.7673,-73.9666,0
40.7737,-73.9814,0
40.7656,-73.9226,-1
40.7245,-73.9987,0
40.6724,-73.9691,0
40.7658,-73.9817,0
40.7489,-73.9735,0
40.6611,-73.9973,-1
40.7643,-73.9891,0
40.7189,-73.9613,1
40.7058,-73.9203,-1
40.7476,-73.9724,0
40.7827,-73.9812,0
40.7201,-74.0052,0
40.7743,-73.9812,0
40.7287,-74.0002,0
40.7227,-73.9929,0
40.7226,-73.9488,1
40.6887,-73.962,0
40.7445,-73.9557,-1
40.7618,-73.971,0
40.6747,-73.9529,-1
40.6363,-74.0325,-1
40.7412,-74.0056,0
40.7341,-73.9582,1
40.7112,-73.9677,1
40.7522,-73.9934,0
40.7206,-73.9958,0
40.7475,-73.9564,-1
40.768,-73.9853,0
40.6656,-73.986,0
40.7667,-73.9888,0
40.7579,-73.9675,0
40.7483,-74.0033,0
40.7387,-74.0074,0
40.7475,-74.0079,0
40.7255,-74.0003,0
40.7109,-74.0063,0
40.7323,-74.0079,0
40.7109,-74.0063,0
40.7192,-73.9419,1
40.7641,-73.924,-1
40.7518,-73.9979,0
40.7655,-73.988,0
40.7111,-74.0158,0
40.6661,-73.9822,0
40.6878,-73.9677,0
40.6952,-73.9958,0
40.7271,-73.9841,0
40.6869,-73.9452,-1
40.7436,-73.9728,0
40.7465,-73.9949,0
40.7548,-73.9895,0
40.7472,-73.9813,0
40.7466,-74.0011,0
40.7552,-73.9777,0
40.7755,-73.984,0
40.7368,-73.9886,0
40.7796,-73.9883,0
40.7405,-73.9947,0
40.7457,-74.0081,0
40.7744,-73.9847,0
40.7529,-73.995,0
40.7529,-73.995,0
40.7679,-73.9916,0
40.7574,-73.9729,0
40.853,-73.863,-1
40.7515,-73.9764,0
40.7199,-74.004,0
40.7119,-74.006,0
40.7195,-73.9946,0
40.7095,-73.9961,0
40.7372,-73.9887,0
40.7615,-73.9869,0
40.7615,-73.9869,0
40.7245,-73.9915,0
40.7175,-74.0107,0
40.7207,-74.0,0
40.7783,-73.9551,0
40.8008,-73.9644,-1
40.673,-73.9557,-1
40.673,-73.9557,-1
40.6782,-73.9487,-1
40.746,-73.9515,-1
40.6731,-74.0122,-1
40.7233,-73.9914,0
40.7452,-73.8426,-1
40.7179,-74.0138,0
40.7528,-73.9774,0
40.7461,-73.9941,0
40.7495,-73.9924,0
40.7202,-74.0038,0
40.7179,-73.9432,1
40.721,-74.0028,0
40.7779,-73.9754,0
40.753,-73.9757,0
40.7358,-74.0068,0
40.7208,-73.9591,1
40.7453,-73.9912,0
40.7428,-74.0001,0
40.7395,-73.9952,0
40.7195,-73.9895,0
40.7643,-73.9136,-1
40.7015,-73.9443,1
40.7298,-73.9994,0
40.6733,-74.0123,-1
40.7317,-73.9855,0
40.7579,-73.9902,0
40.7013,-73.9825,0
40.7049,-73.9338,-1
40.7388,-73.9958,0
40.7465,-74.0349,-1
40.7122,-73.9647,1
40.7193,-74.0017,0
40.7769,-73.9473,0
40.7421,-73.9932,0
40.7105,-73.9658,1
40.7517,-73.9745,0
40.7463,-73.99,0
40.7395,-74.0068,0
40.7226,-73.983,0
40.731,-73.9953,0
40.678,-73.9589,0
40.6944,-73.9146,-1
40.7106,-73.9661,1
40.7466,-73.9805,0
40.7771,-73.9637,0
40.7673,-73.9825,0
40.6914,-73.9898,0
40.6914,-73.9898,0
40.6902,-73.9899,0
40.7221,-73.95,1
40.7278,-73.991,0
40.7203,-73.9848,0
40.7991,-73.9725,0
40.7531,-74.0034,0
40.6388,-74.0196,-1
40.721,-73.9948,0
40.6748,-73.9565,-1
40.7216,-73.9411,1
40.7679,-73.9916,0
40.7464,-73.9757,0
40.7464,-73.9757,0
40.7559,-73.9907,0
40.7422,-73.9828,0
40.763,-73.968,0
40.7513,-74.0016,0
40.7513,-74.0016,0
40.721,-74.0053,0
40.7741,-73.8724,2
40.7612,-73.9578,0
40.7377,-73.9805,0
40.7719,-73.9249,-1
40.8488,-73.9398,-1
40.6418,-73.9631,-1
40.7241,-73.9423,1
40.7216,-73.9994,0
40.7448,-73.9948,0
40.7203,-73.9964,0
40.7301,-73.9756,0
40.7677,-73.9932,0
40.7468,-73.973,0
40.7421,-73.9908,0
40.702,-73.9157,-1
40.7925,-73.9738,0
40.7793,-73.9512,0
40.7359,-73.9979,0
40.7232,-74.008,0
40.7107,-74.0146,0
40.7141,-74.0095,0
40.7562,-73.9242,-1
40.7171,-73.9953,0
40.7774,-73.9136,-1
40.7774,-73.9136,-1
40.7361,-73.9957,0
40.6989,-73.9326,-1
40.7108,-73.9337,-1
40.728,-73.9945,0
40.7692,-73.9571,0
40.72,-74.0028,0
40.7604,-73.9599,0
40.7604,-73.9599,0
40.7368,-73.9888,0
40.7609,-73.9966,0
40.7594,-73.9685,0
40.7112,-73.9525,1
40.7422,-73.9933,0
40.6654,-73.9315,-1
40.7373,-74.0082,0
40.7849,-73.9559,0
40.7203,-73.9964,0
40.7389,-74.0081,0
40.7248,-73.9874,0
40.6512,-73.8898,-1
40.7959,-73.943,-1
40.7446,-73.976,0
40.7253,-73.8654,-1
40.7677,-73.9599,0
40.7488,-73.9883,0
40.7501,-73.9823,0
40.7501,-73.9823,0
40.7579,-73.9756,0
40.7589,-73.9947,0
40.6779,-73.9737,0
40.7998,-73.9542,-1
40.6843,-73.9441,-1
40.7391,-74.0304,-1
40.8045,-73.9665,-1
40.6984,-73.9842,0
40.7101,-73.9627,1
40.6812,-73.9561,0
40.7418,-73.9936,0
40.6859,-73.9986,0
40.7553,-73.9655,0
40.7452,-73.9905,0
40.7563,-73.9741,0
40.7489,-73.9443,-1
40.6832,-73.9728,0
40.7354,-73.9943,0
40.7342,-74.0062,0
40.7687,-73.9855,0
40.8364,-73.8565,-1
40.6876,-73.9774,0
40.7629,-73.9969,0
40.7629,-73.9969,0
40.7443,-73.9804,0
40.7443,-73.9804,0
40.6815,-73.9757,0
40.7699,-73.949,0
40.7582,-73.9817,0
40.7293,-73.9841,0
40.7286,-74.0052,0
40.7725,-73.9608,0
40.7274,-74.0016,0
40.7819,-73.985,0
40.7656,-73.9646,0
40.732,-74.0034,0
40.7134,-73.9586,1
40.7566,-73.9923,0
40.7613,-73.9976,0
40.7669,-73.9675,0
40.7414,-73.9901,0
40.7641,-73.9746,0
40.7254,-73.9923,0
40.743,-73.9801,0
40.7702,-73.9813,0
40.6996,-73.9109,-1
40.7441,-73.9743,0
40.7356,-73.9866,0
40.7441,-73.9743,0
40.7864,-73.9424,0
40.7836,-73.9505,0
40.7749,-73.9629,0
40.672,-74.0101,-1
40.7414,-74.0065,0
40.701,-73.926,-1
40.7556,-73.9888,0
40.7221,-73.9873,0
40.8118,-73.9407,-1
40.7618,-73.9749,0
40.7168,-73.9895,0
40.7712,-73.952,0
40.6363,-73.9645,-1
40.683,-74.0011,0
40.7049,-74.0098,0
40.6589,-73.9581,-1
40.7534,-73.9063,-1
40.7534,-73.9063,-1
40.7455,-74.0011,0
40.7619,-73.9655,0
40.7897,-73.9544,0
40.7447,-74.0064,0
40.6848,-73.9176,-1
40.6647,-73.9771,0
40.7493,-74.0273,-1
40.7287,-74.0002,0
40.7657,-73.9759,0
40.7699,-73.9588,0
40.7709,-73.9593,0
40.7209,-73.9568,1
40.7753,-73.983,0
40.7696,-73.9226,-1
40.6972,-73.8548,-1
40.7274,-73.9866,0
40.6634,-73.9778,0
40.7241,-73.9922,0
40.7525,-73.9702,0
40.7525,-73.9702,0
40.7128,-73.9441,1
40.7739,-73.8726,2
40.7739,-73.8726,2
40.7181,-74.0072,0
40.6398,-73.9661,-1
40.7237,-74.0048,0
40.7227,-73.983,0
40.7032,-73.925,-1
40.6856,-73.9653,0
40.7448,-73.9934,0
40.7233,-73.9884,0
40.7181,-73.9641,1
40.6729,-73.9766,0
40.7182,-73.9516,1
40.7304,-74.0069,0
40.6756,-73.9741,0
40.7467,-73.9764,0
40.6302,-73.9598,-1
40.802,-73.9613,-1
40.7203,-74.0022,0
40.7453,-73.9907,0
40.803,-73.964,-1
40.7428,-73.9879,0
40.7673,-73.9548,0
40.7505,-73.9367,-1
40.7305,-73.9543,1
40.7782,-73.9629,0
40.7383,-73.9878,0
40.716,-73.9867,0
40.7297,-73.9784,0
40.7371,-74.0004,0
40.6413,-73.9642,-1
40.7182,-73.9941,0
40.7131,-74.0042,0
40.8372,-73.9159,-1
40.6827,-73.9765,0
40.7706,-73.9854,0
40.6647,-73.9771,0
40.7195,-73.9988,0
40.7485,-73.988,0
40.7214,-73.9926,0
40.72,-73.8449,-1
40.7644,-73.9257,-1
40.7549,-73.976,0
40.6615,-73.9932,-1
40.7462,-73.9948,0
40.7256,-73.9966,0
40.6522,-73.8753,-1
40.7926,-73.9714,0
40.7926,-73.9714,0
40.8228,-73.9421,-1
40.7082,-74.0114,0
40.8017,-73.9688,0
40.715,-74.0082,0
40.6362,-73.9619,-1
40.6726,-73.987,0
40.6943,-73.9304,-1
40.7531,-73.9858,0
40.7531,-73.9858,0
40.7225,-73.863,-1
40.744,-73.9915,0
40.7575,-73.9649,0
40.7185,-73.9906,0
40.7446,-74.0082,0
40.7155,-74.006,0
40.745,-73.99,0
40.7642,-73.9944,0
40.7184,-73.9542,1
40.7411,-73.9798,0
40.7772,-73.9822,0
40.7394,-73.9884,0
40.774,-73.8726,2
40.639,-73.9493,-1
40.7636,-73.9672,0
40.7163,-73.9877,0
40.7163,-73.9877,0
40.7743,-73.9886,0
40.7309,-73.9829,0
40.7224,-73.9871,0
40.7681,-73.9686,0
40.6595,-73.8966,-1
40.7231,-73.9888,0
40.7521,-73.9933,0
40.6472,-73.9746,-1
40.7199,-74.0102,0
40.7334,-74.0042,0
40.7393,-74.0082,0
40.7814,-73.9758,0
40.7669,-73.9888,0
40.7565,-73.9205,-1
40.7214,-73.9808,0
40.7666,-73.9606,0
40.8006,-73.9443,-1
40.7392,-74.0081,0
40.7076,-73.9487,1
40.6556,-73.9744,-1
40.6759,-73.9455,-1
40.7416,-74.0049,0
40.7323,-74.0054,0
40.7221,-73.8451,-1
40.7478,-74.0045,0
40.7579,-73.9673,0
40.7578,-74.0005,0
40.7199,-74.0121,0
40.689,-73.9862,0
40.7364,-74.0067,0
40.7385,-73.9899,0
40.7569,-73.9671,0
40.775,-73.963,0
40.775,-73.963,0
40.726,-73.9896,0
40.7236,-73.9999,0
40.7767,-73.962,0
40.7168,-73.9636,1
40.7901,-73.967,0
40.6745,-73.8967,-1
40.6661,-73.9823,0
40.7503,-73.9771,0
40.7421,-73.9909,0
40.7649,-73.9684,0
40.7277,-74.0013,0
40.7568,-73.9671,0
40.776,-73.9601,0
40.7724,-73.967,0
40.6733,-73.9791,0
40.6777,-73.9797,0
40.7579,-73.9751,0
40.747,-73.9459,-1
40.7234,-73.9829,0
40.7099,-73.9555,1
40.7682,-73.9604,0
40.6967,-73.9708,0
40.7175,-73.984,0
40.6646,-73.9837,0
40.7997,-73.9538,-1
40.7693,-73.9551,0
40.678,-73.9659,0
40.7082,-74.0117,0
40.7474,-73.8534,-1
40.7637,-73.9805,0
40.7354,-73.9982,0
40.7479,-73.9571,0
40.7935,-73.9693,0
40.7483,-73.975,0
40.7483,-73.975,0
40.7077,-74.0069,0
40.8086,-73.9431,-1
40.7746,-73.9591,0
40.6568,-73.9812,-1
40.7199,-74.0052,0
40.6682,-73.9531,-1
40.7457,-73.8472,-1
40.7594,-73.9957,0
40.7626,-73.9924,0
40.7558,-73.9834,0
40.7804,-73.9571,0
40.7164,-73.9482,1
40.8411,-73.9281,-1
40.8411,-73.9281,-1
40.721,-73.9959,0
40.6941,-73.9177,-1
40.6795,-73.9326,-1
40.7397,-73.9885,0
40.7837,-73.9755,0
40.6898,-73.965,0
40.7698,-73.9839,0
40.6787,-73.9801,0
40.7681,-73.9859,0
40.7356,-73.9866,0
40.7156,-74.0145,0
40.7407,-74.0054,0
40.7156,-74.0145,0
40.8253,-73.9378,-1
40.6659,-73.9795,0
40.7111,-73.9509,1
40.6855,-73.9893,0
40.7614,-73.962,0
40.777,-73.9596,0
40.7523,-73.9766,0
40.7595,-73.9779,0
40.7465,-74.005,0
40.7073,-74.0028,0
40.7188,-74.0104,0
40.7117,-74.006,0
40.7693,-73.9652,0
40.7563,-73.9898,0
40.7474,-73.9851,0
40.7433,-74.036,-1
40.6867,-73.9334,-1
40.7215,-73.9837,0
40.7422,-73.9515,-1
40.734,-73.9983,0
40.7493,-73.9747,0
40.7367,-73.9848,0
40.7359,-73.9822,0
40.7555,-73.9835,0
40.7141,-74.0146,0
40.7175,-74.0046,0
40.7243,-73.9934,0
40.7308,-74.0045,0
40.7932,-73.922,-1
40.6712,-73.9813,0
40.7414,-73.9896,0
40.8517,-73.882,-1
40.7259,-73.9964,0
40.7443,-73.996,0
40.7402,-73.8894,-1
40.6835,-73.9354,-1
40.6704,-73.9421,-1
40.6864,-73.9795,0
40.6864,-73.9795,0
40.7235,-73.9912,0
40.7171,-74.0107,0
40.7735,-73.9456,0
40.7408,-74.0075,0
40.6829,-73.956,0
40.7112,-73.9543,1
40.7396,-73.8881,-1
40.6759,-73.999,0
40.7155,-73.9966,0
40.6897,-73.9801,0
40.7513,-73.826,-1
40.7402,-74.028,-1
40.6885,-73.9629,0
40.6728,-73.9899,0
40.7936,-73.9689,0
40.6759,-73.9471,-1
40.6828,-73.9766,0
40.775,-73.9788,0
40.8551,-73.937,-1
40.7828,-73.9575,0
40.6933,-73.9887,0
40.7603,-73.9688,0
40.7669,-73.9523,0
40.6894,-73.9093,-1
40.6894,-73.9093,-1
40.7111,-74.0062,0
40.7591,-73.9941,0
40.7522,-73.9857,0
40.7734,-73.9642,0
40.8028,-73.9447,-1
40.7832,-73.9469,0
40.7296,-73.9946,0
40.7311,-74.0313,-1
40.7137,-73.9368,1
40.7411,-73.9979,0
40.7408,-73.9813,0
40.7119,-73.8258,-1
40.7637,-73.9876,0
40.7457,-74.0072,0
40.7403,-73.9791,0
40.6651,-73.955,-1
40.6878,-73.9695,0
40.7657,-73.9662,0
40.7209,-73.9889,0
40.7186,-74.0025,0
40.6571,-73.9623,-1
40.6916,-73.9589,0
40.6659,-73.9642,-1
40.7919,-73.9735,0
40.7475,-73.8535,-1
40.8008,-73.9378,-1
40.7564,-73.972,0
40.7414,-74.0003,0
40.7258,-73.9948,0
40.7687,-73.9602,0
40.7204,-73.9471,1
40.7522,-73.9095,-1
40.7786,-73.9821,0
40.7475,-73.8534,-1
40.7677,-73.9231,-1
40.7587,-73.892,-1
40.7381,-74.0,0
40.6398,-73.9677,-1
40.7311,-73.9859,0
40.7164,-74.0128,0
40.6834,-73.9665,0
40.805,-73.9388,-1
40.7373,-73.9812,0
40.7124,-73.9597,1
40.7627,-73.9926,0
40.7575,-73.9742,0
40.687,-73.9936,0
40.7336,-74.0023,0
40.7279,-73.9949,0
40.7257,-73.997,0
40.7259,-73.9975,0
40.7117,-73.9427,1
40.7461,-73.8528,-1
40.6851,-73.9903,0
40.7505,-73.997,0
40.7446,-73.9027,-1
40.7102,-73.95,1
40.7387,-73.9871,0
40.6942,-73.9293,-1
40.7311,-73.9791,0
40.6951,-73.9886,0
40.721,-74.0319,-1
40.6723,-73.9956,-1
40.7682,-73.9567,0
40.6921,-73.9629,0
40.7201,-73.9789,0
40.8387,-73.9458,-1
40.8387,-73.9458,-1
40.7811,-73.9761,0
40.732,-74.0065,0
40.7772,-73.9431,0
40.6982,-73.9375,-1
40.7063,-73.943,1
40.7669,-73.8979,-1
40.7481,-73.9913,0
40.7469,-73.8532,-1
40.7545,-73.9942,0
40.6741,-73.9654,0
40.7271,-73.9839,0
40.7165,-74.0148,0
40.7485,-74.0074,0
40.742,-73.9859,0
40.6723,-73.9643,0
40.8182,-73.9274,-1
40.8182,-73.9274,-1
40.7195,-73.9904,0
40.7228,-74.0051,0
40.7675,-73.9587,0
40.7641,-73.973,0
40.7252,-73.9796,0
40.7418,-73.9903,0
40.7418,-73.9903,0
40.7681,-73.9863,0
40.8069,-73.9589,-1
40.7192,-73.9629,1
40.7495,-74.0311,-1
40.7075,-74.006,0
40.7321,-73.9902,0
40.7406,-74.0052,0
40.7504,-73.9394,-1
40.7366,-73.9971,0
40.7828,-73.9753,0
40.7562,-73.9925,0
40.7183,-73.954,1
40.7482,-74.0053,0
40.7482,-74.0053,0
40.7146,-73.9847,0
40.7544,-73.992,0
40.7616,-74.002,0
40.6914,-73.9735,0
40.7784,-73.9609,0
40.7291,-74.0012,0
40.7329,-73.9875,0
40.7329,-73.9875,0
40.722,-74.0078,0
40.7275,-73.9914,0
40.7474,-73.8534,-1
40.7681,-73.9628,0
40.717,-73.9567,1
40.7721,-73.9863,0
40.7721,-73.9598,0
40.7335,-74.003,0
40.7186,-73.9952,0
40.7425,-73.9858,0
40.7198,-73.964,1
40.7666,-73.9924,0
40.7181,-74.0095,0
40.7604,-73.9874,0
40.6484,-73.9711,-1
40.6726,-73.9769,0
40.7322,-73.9964,0
40.6892,-73.919,-1
40.6782,-73.9528,-1
40.73,-73.9884,0
40.7478,-74.002,0
40.7478,-74.002,0
40.7592,-73.9963,0
40.7028,-73.9942,0
40.67,-73.9725,0
40.7173,-74.0051,0
40.8385,-73.9266,-1
40.7403,-73.8502,-1
40.7317,-73.9885,0
40.7369,-73.9956,0
40.7534,-73.9813,0
40.7213,-73.8398,-1
40.6858,-73.9694,0
40.716,-73.9929,0
40.7442,-73.9501,-1
40.7503,-73.9741,0
40.7497,-73.9922,0
40.7048,-74.0104,0
40.6897,-73.9746,0
40.6426,-73.9595,-1
40.6426,-73.9595,-1
40.7249,-73.9984,0
40.7439,-73.9925,0
40.7439,-73.9925,0
40.6534,-74.0029,-1
40.733,-73.9866,0
40.733,-73.9866,0
40.776,-73.9897,0
40.719,-73.9832,0
40.7297,-73.9917,0
40.7297,-73.9917,0
40.7758,-73.9443,0
40.7783,-73.9123,-1
40.684,-73.976,0
40.7051,-74.0078,0
40.7381,-74.0096,0
40.7621,-73.9846,0
40.7366,-73.9548,1
40.7416,-73.9957,0
40.785,-73.9536,0
40.7124,-73.941,1
40.75,-73.9858,0
40.7418,-73.9874,0
40.6894,-73.8245,-1
40.7466,-73.9553,-1
40.755,-73.9876,0
40.7219,-74.0008,0
40.8087,-73.9631,-1
40.7063,-74.009,0
40.8571,-73.8817,-1
40.8571,-73.8817,-1
40.7638,-73.956,0
40.7723,-73.9627,0
40.7341,-73.8149,-1
40.7412,-73.9791,0
40.7707,-73.9034,-1
40.7424,-73.9872,0
40.6801,-73.9675,0
40.6801,-73.9675,0
40.6742,-73.9821,0
40.7517,-73.9707,0
40.7363,-73.9829,0
40.7356,-74.0656,-1
40.754,-73.9724,0
40.7352,-73.9858,0
40.7036,-74.0112,0
40.763,-73.9699,0
40.7367,-73.9952,0
40.7078,-74.0168,0
40.7537,-73.9672,0
40.7277,-73.9981,0
40.7242,-74.0023,0
40.7739,-73.8721,2
40.7597,-73.9844,0
40.7403,-73.9525,-1
40.7719,-73.9537,0
40.6517,-74.0123,-1
40.7766,-73.9771,0
40.7722,-73.956,0
40.7529,-73.9931,0
40.7631,-73.9732,0
40.7166,-73.9618,1
40.7248,-73.9806,0
40.756,-73.9904,0
40.7531,-73.9803,0
40.7531,-73.9803,0
40.7507,-73.9725,0
40.7514,-73.9719,0
40.6842,-73.9684,0
40.7551,-73.8834,-1
40.7493,-73.9731,0
40.7103,-73.9649,1
40.7381,-73.9962,0
40.7381,-73.9962,0
40.7725,-73.9609,0
40.6913,-73.9878,0
40.7368,-73.9932,0
40.7384,-73.9918,0
40.7155,-74.0158,0
40.7063,-73.8347,-1
40.7229,-73.9945,0
40.7872,-73.9418,0
40.649,-74.0017,-1
40.7635,-73.9597,0
40.8181,-73.9604,-1
40.75,-73.9814,0
40.6773,-73.9716,0
40.745,-73.9769,0
40.7226,-74.0024,0
40.7336,-73.9565,1
40.689,-73.966,0
40.7684,-73.8622,2
40.7149,-73.9528,1
40.7315,-74.0011,0
40.7215,-74.0099,0
40.7688,-73.863,2
40.7159,-74.0038,0
40.7632,-73.9654,0
40.7329,-73.992,0
40.7051,-74.0161,0
40.7239,-74.0058,0
40.6921,-73.9935,0
40.7442,-73.9914,0
40.6805,-73.9502,-1
40.6879,-73.9678,0
40.6741,-74.0167,-1
40.746,-73.998,0
40.7151,-73.9535,1
40.7051,-73.8573,-1
40.6527,-73.9564,-1
40.7513,-74.0015,0
40.7529,-74.0236,-1
40.7529,-74.0236,-1
40.7734,-73.9468,0
40.7482,-73.9429,-1
40.7093,-74.0134,0
40.7789,-73.9535,0
40.763,-73.968,0
40.7701,-73.9589,0
40.7241,-73.9878,0
40.7716,-73.9824,0
40.7647,-73.9737,0
40.783,-73.9785,0
40.6723,-73.9769,0
40.7695,-73.9958,0
40.7913,-73.9657,0
40.8387,-73.9098,-1
40.7652,-73.9754,0
40.7191,-74.0069,0
40.7026,-73.995,0
40.6682,-73.9521,-1
40.7036,-74.0115,0
40.7521,-73.9932,0
40.7274,-73.9922,0
40.6924,-73.9493,-1
40.6924,-73.9493,-1
40.6723,-73.9649,0
40.7405,-73.9847,0
40.7453,-73.995,0
40.6709,-73.9366,-1
40.7255,-74.0037,0
40.7255,-74.0037,0
40.7594,-73.9637,0
40.764,-73.9116,-1
40.7172,-74.0016,0
40.7324,-73.9959,0
40.7637,-73.9839,0
40.7254,-73.8871,-1
40.7201,-74.0101,0
40.7654,-73.9875,0
40.7168,-73.9587,1
40.7371,-73.9793,0
40.7413,-73.9809,0
40.7563,-73.9725,0
40.7679,-73.9532,0
40.7038,-74.0067,0
40.7679,-73.9599,0
40.7679,-73.9599,0
40.7246,-73.9924,0
40.7549,-73.9798,0
40.7268,-74.0001,0
40.7135,-73.9977,0
40.7248,-73.8573,-1
40.7178,-74.0044,0
40.672,-73.9839,0
40.7715,-73.946,0
40.7424,-73.9795,0
40.6838,-73.9982,0
40.6838,-73.9982,0
40.7886,-73.9712,0
40.7203,-73.9848,0
40.7152,-73.9926,0
40.7203,-73.9848,0
40.7273,-74.0004,0
40.7452,-73.9939,0
40.7452,-73.9472,-1
40.7141,-74.014,0
40.7088,-74.0059,0
40.7367,-73.9817,0
40.7776,-73.9834,0
40.7284,-73.9835,0
40.676,-73.9315,-1
40.7851,-73.9549,0
40.7849,-73.9823,0
40.7327,-74.0101,0
40.7167,-73.8824,-1
40.7548,-73.9739,0
40.7548,-73.9739,0
40.7232,-73.9857,0
40.7614,-73.9979,0
40.7383,-73.9216,-1
40.752,-74.0012,0
40.7672,-73.9683,0
40.6769,-74.0008,0
40.7624,-73.9195,-1
40.7155,-73.998,0
40.7161,-73.9995,0
40.6971,-73.9153,-1
40.6752,-73.9986,0
40.7499,-73.9857,0
40.7169,-74.0122,0
40.7491,-73.992,0
40.7294,-73.9574,1
40.7302,-73.9576,1
40.7487,-73.9884,0
40.6875,-73.9925,0
40.717,-73.9651,1
40.6773,-73.9498,-1
40.6732,-73.9678,0
40.7281,-73.8492,-1
40.7707,-73.9476,0
40.7096,-73.9961,0
40.7781,-73.982,0
40.7382,-74.0049,0
40.7226,-73.9977,0
40.746,-73.9842,0
40.7299,-73.9786,0
40.7596,-73.9334,-1
40.7843,-73.9731,0
40.7127,-73.941,1
40.7473,-73.9935,0
40.7307,-74.0091,0
40.8074,-73.9529,-1
40.6357,-74.0259,-1
40.7653,-73.9722,0
40.7191,-73.9415,1
40.7256,-74.0011,0
40.7708,-73.965,0
40.8029,-73.968,-1
40.6933,-73.9888,0
40.7279,-73.9909,0
40.7463,-74.0083,0
40.7246,-73.9957,0
40.7518,-73.8848,-1
40.7479,-73.985,0
40.7479,-73.985,0
40.7275,-74.008,0
40.7394,-74.0016,0
40.7506,-74.0058,0
40.7543,-73.9783,0
40.7341,-73.9814,0
40.7793,-73.9749,0
40.7462,-73.9905,0
40.768,-73.9639,0
40.8411,-73.9399,-1
40.7548,-73.9688,0
40.7265,-73.9801,0
40.7611,-73.9756,0
40.7257,-73.9444,1
40.7696,-73.9577,0
40.7672,-73.9877,0
40.7656,-73.9768,0
40.7783,-73.9885,0
40.8044,-73.9374,-1
40.7293,-73.9753,0
40.7432,-73.9772,0
40.7406,-73.9893,0
40.8044,-73.9376,-1
40.8044,-73.9376,-1
40.743,-73.9969,0
40.7385,-73.9935,0
40.7669,-73.9562,0
40.7293,-73.9799,0
40.7159,-73.9866,0
40.7371,-73.9791,0
40.6721,-74.011,-1
40.7333,-74.0047,0
40.8136,-73.9564,-1
40.7587,-73.9933,0
40.7384,-73.9995,0
40.7523,-73.9948,0
40.687,-73.9736,0
40.719,-74.0103,0
40.719,-74.0103,0
40.7249,-73.9951,0
40.7279,-73.9821,0
40.6993,-73.932,-1
40.7379,-73.9838,0
40.758,-73.9694,0
40.7346,-74.0006,0
40.7671,-73.9875,0
40.6671,-73.9817,0
40.7628,-73.9778,0
40.7628,-73.9778,0
40.7769,-73.9514,0
40.7573,-73.9688,0
40.7363,-74.0014,0
40.7181,-73.9597,1
40.7363,-74.0014,0
40.6711,-73.9588,-1
40.7932,-73.9233,-1
40.7313,-74.0101,0
40.7313,-74.0101,0
40.6501,-74.0022,-1
40.7453,-73.9786,0
40.7453,-73.9786,0
40.645,-73.98,-1
40.8105,-73.9645,-1
40.7594,-73.9774,0
40.7697,-73.9874,0
40.7484,-73.9732,0
40.8366,-73.9411,-1
40.7372,-73.9965,0
40.7152,-74.0025,0
40.7574,-73.9683,0
40.7484,-74.0039,0
40.7162,-73.9905,0
40.8439,-73.9359,-1
40.7371,-73.9966,0
40.6234,-74.0043,-1
40.7072,-74.0088,0
40.7072,-74.0088,0
40.738,-74.0083,0
40.7741,-73.9637,0
40.6831,-73.9513,-1
40.7543,-73.9888,0
40.7529,-73.9855,0
40.6779,-73.9794,0
40.7642,-73.9793,0
40.7594,-73.9931,0
40.746,-73.9552,-1
40.7674,-73.8671,2
40.7934,-73.9673,0
40.7153,-74.0051,0
40.7095,-73.9519,1
40.7696,-73.9109,-1
40.7746,-73.984,0
40.7118,-73.9559,1
40.7525,-74.0042,0
40.692,-73.9639,0
40.7228,-73.986,0
40.7471,-73.9742,0
40.8201,-73.9495,-1
40.8201,-73.9495,-1
40.7213,-73.9938,0
40.814,-73.9522,-1
40.7212,-73.9992,0
40.7161,-73.9579,1
40.8086,-73.9512,-1
40.6851,-73.9602,0
40.7215,-73.9882,0
40.6632,-73.9505,-1
40.7122,-74.0143,0
40.7265,-74.0025,0
40.7042,-74.0069,0
40.7099,-73.9487,1
40.7918,-73.9416,0
40.7918,-73.9416,0
40.7102,-73.9597,1
40.6529,-73.8735,-1
40.7218,-73.9435,1
40.6844,-73.995,0
40.6905,-73.9981,0
40.7061,-74.004,0
40.7695,-73.9609,0
40.7183,-73.9601,1
40.7099,-74.0102,0
40.7421,-73.9967,0
40.7163,-73.9532,1
40.763,-73.9806,0
40.7095,-73.9516,1
40.8002,-73.9593,-1
40.7365,-73.9888,0
40.7096,-74.0164,0
40.8418,-73.9415,-1
40.688,-73.9618,0
40.7077,-74.0097,0
40.7707,-73.9911,0
40.7219,-74.0043,0
40.716,-73.9391,1
40.8439,-73.9104,-1
40.7693,-73.9851,0
40.7274,-74.0075,0
40.7274,-74.0075,0
40.7408,-73.9764,0
40.7617,-73.9824,0
40.7516,-73.9715,0
40.7185,-73.9465,1
40.6731,-73.9765,0
40.7592,-73.9805,0
40.7443,-73.9956,0
40.7655,-73.9183,-1
40.7304,-73.9543,1
40.7725,-73.9668,0
40.7566,-73.9899,0
40.766,-73.9792,0
40.8121,-73.9515,-1
40.7085,-74.0061,0
40.774,-73.9812,0
40.7671,-73.9843,0
40.7739,-73.8715,2
40.7375,-74.0083,0
40.7456,-74.0085,0
40.7166,-73.9969,0
40.7519,-73.9736,0
40.7398,-73.9952,0
40.7141,-73.9602,1
40.7183,-74.0007,0
40.7146,-73.954,1
40.7065,-74.0154,0
40.7785,-73.949,0
40.6784,-73.9815,0
40.7311,-73.952,1
40.7521,-73.9477,-1
40.7521,-73.9477,-1
40.7598,-73.9666,0
40.7427,-73.9825,0
40.8011,-73.9598,-1
40.7757,-73.9877,0
40.7623,-73.9661,0
40.7546,-73.9777,0
40.7612,-73.9749,0
40.7679,-73.9128,-1
40.7203,-73.9633,1
40.7059,-74.0084,0
40.7059,-74.0084,0
40.6712,-73.9747,0
40.7638,-73.9733,0
40.769,-73.8324,-1
40.7196,-73.9893,0
40.7243,-73.9954,0
40.7271,-73.9997,0
40.7809,-73.9489,0
40.7462,-73.9566,-1
40.7563,-73.9723,0
40.7563,-73.9723,0
40.7369,-73.9845,0
40.7677,-73.9597,0
40.72,-73.9877,0
40.7633,-73.9849,0
40.7916,-73.953,0
40.6819,-73.93,-1
40.7396,-73.8781,-1
40.6677,-73.9886,0
40.7383,-73.9969,0
40.74,-73.9845,0
40.7709,-73.9597,0
40.7823,-73.9763,0
40.729,-73.9873,0
40.6668,-73.9865,0
40.7093,-74.0109,0
40.7315,-74.0035,0
40.7926,-73.9748,0
40.7528,-73.9729,0
40.7653,-73.9802,0
40.7289,-73.9985,0
40.7444,-73.9916,0
40.8169,-73.936,-1
40.7453,-73.9945,0
40.7476,-73.9893,0
40.7489,-73.9916,0
40.709,-73.9412,1
40.667,-73.9852,0
40.667,-73.9852,0
40.6698,-73.9394,-1
40.7546,-73.8538,-1
40.7617,-73.9906,0
40.7257,-73.9896,0
40.7357,-73.9949,0
40.7212,-73.9965,0
